data/R/fm/500_active.txt	24.8	1.1	0.832446	0.008495	0.999272	16.095788	0.077579	0.983999	1.003818	0.000899	0.999994	16.095788	0.077579	0.983999	0.951449	0.006811	0.999641	18.8	-1.3	1.047295	0.028186	0.999164	1.342892	0.335157	0.932893	0.805061	0.022237	0.999120
data/R/fm/500_sleep.txt	24.8	1.1	0.611846	0.065013	0.926755	14.548988	0.042344	0.994105	1.005727	0.000869	0.999995	14.548988	0.042344	0.994105	0.830545	0.034125	0.988321	3.5	-1.9	1.103900	0.049192	0.997712	1.547095	0.333215	0.949152	0.659201	0.156717	0.938728
data/R/fm/501_active.txt	24.8	1.1	0.840412	0.021831	0.995299	16.172395	0.076821	0.984451	1.003735	0.001067	0.999992	16.172395	0.076821	0.984451	0.955641	0.008673	0.999424	11.6	-1.6	1.047040	0.034180	0.998771	1.442256	0.452323	0.897997	0.825721	0.058439	0.994249
data/R/fm/501_sleep.txt	24.8	1.1	0.602223	0.048346	0.956834	14.393828	0.039456	0.994768	1.009713	0.001849	0.999977	14.393828	0.039456	0.994768	0.824622	0.030014	0.990812	3.5	-1.0	1.144101	0.082830	0.993983	1.703223	0.509595	0.906307	0.640800	0.125851	0.957355
data/R/fm/510_active.txt	24.8	1.1	0.912073	0.012999	0.998580	16.550630	0.084662	0.982013	1.001312	0.000431	0.999999	16.550630	0.084662	0.982013	0.980253	0.005297	0.999796	18.8	-2.5	1.016027	0.013126	0.999807	1.196786	0.234683	0.957481	0.891231	0.036405	0.998077
data/R/fm/510_sleep.txt	24.8	1.1	0.705347	0.045637	0.971530	15.470196	0.059078	0.989895	1.005094	0.001266	0.999989	15.470196	0.059078	0.989895	0.891564	0.025657	0.994236	7.7	-1.6	1.061251	0.037844	0.998534	1.355148	0.345344	0.930234	0.697330	0.119811	0.967033
data/R/fm/511_active.txt	24.8	1.1	0.844122	0.015216	0.997731	16.197802	0.078509	0.983821	1.003104	0.000746	0.999996	16.197802	0.078509	0.983821	0.956930	0.007311	0.999592	12.5	-1.6	1.038137	0.023044	0.999431	1.302881	0.307490	0.939563	0.826626	0.041543	0.997092
data/R/fm/511_sleep.txt	24.8	1.1	0.724343	0.044606	0.974140	15.433947	0.055156	0.991139	1.006296	0.001953	0.999974	15.433947	0.055156	0.991139	0.902650	0.027088	0.993736	5.6	-1.3	1.076934	0.059348	0.996505	1.491371	0.544111	0.866762	0.733982	0.129653	0.965219
data/R/fm/520_active.txt	24.8	1.1	0.882032	0.009745	0.999146	16.361050	0.081211	0.983046	1.002247	0.000602	0.999997	16.361050	0.081211	0.983046	0.968173	0.006524	0.999682	24.8	-3.1	1.027455	0.018267	0.999635	1.297888	0.190859	0.975635	0.857183	0.026015	0.998937
data/R/fm/520_sleep.txt	24.8	1.1	0.635215	0.061247	0.938900	15.240861	0.055742	0.990723	1.005454	0.000912	0.999994	15.240861	0.055742	0.990723	0.868788	0.028381	0.992585	2.9	-2.5	1.077673	0.040769	0.998350	1.486905	0.297549	0.955798	0.696940	0.159192	0.943172
data/R/fm/521_active.txt	24.8	1.1	0.898920	0.015072	0.998036	16.479656	0.084286	0.982018	1.001560	0.000334	0.999999	16.479656	0.084286	0.982018	0.974759	0.005442	0.999782	22.1	-3.7	1.018920	0.009964	0.999890	1.273315	0.134657	0.987249	0.875293	0.039011	0.997711
data/R/fm/521_sleep.txt	24.8	1.1	0.633855	0.061634	0.937924	15.028409	0.047766	0.992978	1.006131	0.001262	0.999989	15.028409	0.047766	0.992978	0.869789	0.030947	0.991217	3.2	-1.0	1.089874	0.053389	0.997236	1.462928	0.457683	0.898445	0.720960	0.152111	0.951106
data/R/fm/530_active.txt	24.8	1.1	0.840768	0.015503	0.997626	15.567428	0.078083	0.982694	0.971322	0.004793	0.999830	15.567428	0.078083	0.982694	0.934396	0.004621	0.999829	16.4	-1.6	0.999840	0.030415	0.998932	1.351556	0.358254	0.924949	0.820326	0.043770	0.996723
data/R/fm/530_sleep.txt	24.8	1.1	0.655671	0.054004	0.954665	15.142263	0.050330	0.992326	1.007398	0.002050	0.999971	15.142263	0.050330	0.992326	0.876161	0.029644	0.992051	4.1	-1.3	1.095102	0.068969	0.995440	1.534961	0.547828	0.871762	0.699176	0.137412	0.957298
data/R/fm/531_active.txt	24.8	1.1	0.764868	0.013414	0.997852	13.653169	0.075637	0.978969	1.022760	0.008700	0.999494	13.653169	0.075637	0.978969	0.853803	0.008577	0.999294	21.8	-1.0	1.592890	0.174973	0.986257	2.743755	0.731432	0.924155	0.743289	0.036235	0.997263
data/R/fm/531_sleep.txt	24.8	1.1	0.415134	0.040372	0.937906	13.292850	0.030272	0.996383	1.006478	0.000901	0.999994	13.292850	0.030272	0.996383	0.684522	0.044039	0.971843	19.1	-1.6	1.123134	0.045654	0.998095	1.573599	0.423490	0.922814	0.398395	0.095389	0.937906
data/R/fm/541_active.txt	24.8	1.1	0.886146	0.014895	0.998026	15.679233	0.080524	0.981872	0.967499	0.007034	0.999630	15.679233	0.080524	0.981872	0.945563	0.004217	0.999861	17.9	-1.6	0.989977	0.038350	0.998270	1.335293	0.340257	0.930244	0.868440	0.044429	0.996987
data/R/fm/541_sleep.txt	24.8	1.1	0.641117	0.031862	0.983005	13.976828	0.052741	0.990131	0.964824	0.010326	0.999199	13.976828	0.052741	0.990131	0.828732	0.019263	0.996232	7.1	-1.0	1.069529	0.072573	0.994711	1.748633	0.458589	0.926416	0.635860	0.083860	0.980309
data/R/fm/551_active.txt	24.8	1.1	0.834738	0.015489	0.997596	16.049615	0.075468	0.984759	1.002785	0.000527	0.999998	16.049615	0.075468	0.984759	0.946390	0.009243	0.999333	24.8	-1.0	1.046814	0.026474	0.999262	1.491037	0.581307	0.850678	0.808215	0.039218	0.997288
data/R/fm/551_sleep.txt	24.8	1.1	0.600409	0.035012	0.976751	13.987918	0.042245	0.993656	1.000334	0.003059	0.999935	13.987918	0.042245	0.993656	0.798394	0.027360	0.991847	5.9	-1.3	1.134203	0.041177	0.998480	1.781194	0.368794	0.952828	0.597260	0.096585	0.970684
data/R/fm/560_active.txt	24.8	1.1	0.854763	0.019706	0.996293	16.197188	0.078296	0.983907	1.003336	0.000731	0.999996	16.197188	0.078296	0.983907	0.957746	0.007818	0.999534	14.3	-1.9	1.041287	0.022427	0.999465	1.453540	0.262654	0.963662	0.836322	0.054089	0.995193
data/R/fm/560_sleep.txt	24.8	1.1	0.616876	0.042977	0.967141	13.777992	0.038246	0.994635	1.007491	0.002096	0.999970	13.777992	0.038246	0.994635	0.790923	0.030436	0.989740	6.2	-0.7	1.166164	0.059528	0.997000	1.790206	0.740327	0.835073	0.617376	0.110613	0.964254
data/R/fm/561_active.txt	24.8	1.1	0.819562	0.016536	0.997159	15.351644	0.082081	0.980381	0.966828	0.014134	0.998506	15.351644	0.082081	0.980381	0.924773	0.003417	0.999904	13.4	-12.4	0.999361	0.405653	0.840139	2.366953	1.341345	0.729462	0.801899	0.046201	0.996181
data/R/fm/561_sleep.txt	24.8	1.1	0.426860	0.025674	0.975302	13.560764	0.055026	0.988606	1.007473	0.000508	0.999998	13.560764	0.055026	0.988606	0.686134	0.019803	0.994203	2.3	-1.9	1.104562	0.024825	0.999417	1.426068	0.340555	0.938210	0.481493	0.085935	0.964519
data/R/fm/570_active.txt	24.8	1.1	0.888138	0.015753	0.997803	16.382619	0.081294	0.983056	1.000498	0.000544	0.999998	16.382619	0.081294	0.983056	0.969665	0.006679	0.999668	24.8	-1.9	1.021719	0.012199	0.999835	1.234105	0.226799	0.962461	0.864251	0.040045	0.997527
data/R/fm/570_sleep.txt	24.8	1.1	0.628240	0.058810	0.942205	14.211669	0.033926	0.996027	1.007868	0.001323	0.999988	14.211669	0.033926	0.996027	0.800616	0.043541	0.979717	6.8	-1.9	1.104514	0.049198	0.997714	1.444377	0.298781	0.952911	0.627278	0.147954	0.939631
data/R/fm/571_active.txt	24.8	1.1	0.818771	0.007817	0.999362	14.839340	0.090490	0.974630	0.973061	0.025251	0.995308	14.839340	0.090490	0.974630	0.909829	0.010588	0.999053	14.9	-1.9	1.220055	0.606318	0.778082	2.824515	1.114718	0.847549	0.800341	0.023398	0.999014
data/R/fm/571_sleep.txt	24.8	1.1	0.504651	0.057755	0.916016	13.171133	0.019022	0.998542	1.008145	0.002486	0.999957	13.171133	0.019022	0.998542	0.742437	0.041290	0.978808	2.9	-1.6	1.184074	0.091043	0.993219	1.714903	0.433444	0.931293	0.571534	0.147464	0.928609
data/R/fm/580_active.txt	24.8	1.1	0.861904	0.018874	0.996654	16.147961	0.075714	0.984844	1.003302	0.000890	0.999994	16.147961	0.075714	0.984844	0.955260	0.009713	0.999277	24.8	-3.4	1.040377	0.027044	0.999220	1.341101	0.236609	0.965300	0.838613	0.049388	0.996011
data/R/fm/580_sleep.txt	24.8	1.1	0.478232	0.019994	0.987913	13.276888	0.041183	0.993310	1.013173	0.001013	0.999993	13.276888	0.041183	0.993310	0.714603	0.020488	0.994279	8.6	-1.0	1.204791	0.065054	0.996644	1.957297	0.372021	0.959951	0.466850	0.048852	0.987512
data/R/fm/581_active.txt	24.8	1.1	0.875290	0.018856	0.996762	16.255450	0.077608	0.984295	1.003101	0.000939	0.999994	16.255450	0.077608	0.984295	0.962575	0.008573	0.999445	17.6	-2.8	1.038462	0.029163	0.999090	1.376052	0.292807	0.950308	0.853942	0.050974	0.995902
data/R/fm/581_sleep.txt	24.8	1.1	0.732580	0.044577	0.974736	15.976308	0.071732	0.986085	1.002797	0.000539	0.999998	15.976308	0.071732	0.986085	0.931845	0.015360	0.998102	4.4	-4.3	1.037250	0.020433	0.999552	1.245985	0.166436	0.979810	0.771420	0.116965	0.974137
data/R/fm/600_active.txt	24.8	1.1	0.824015	0.022525	0.994797	15.889267	0.071952	0.985849	1.005855	0.001404	0.999986	15.889267	0.071952	0.985849	0.940271	0.010549	0.999120	10.4	-1.0	1.074304	0.045214	0.997959	1.535131	0.497688	0.891758	0.812394	0.061574	0.993410
data/R/fm/600_sleep.txt	24.8	1.1	0.349018	0.047808	0.883904	10.904868	0.010298	0.999376	1.001385	0.004986	0.999827	10.904868	0.010298	0.999376	0.579048	0.042682	0.963361	2.3	-2.8	1.251982	0.054267	0.997835	1.897557	0.373345	0.957208	0.426791	0.132898	0.899299
data/R/fm/601_active.txt	24.8	1.1	0.832331	0.015478	0.997585	14.956088	0.089802	0.975385	0.957871	0.018658	0.997351	14.956088	0.089802	0.975385	0.915580	0.011132	0.998966	21.2	-25.0	1.109753	0.441945	0.845201	3.044596	0.940278	0.900781	0.810031	0.042110	0.996889
data/R/fm/601_sleep.txt	24.8	1.1	0.545593	0.056012	0.931291	14.997234	0.051831	0.991708	1.006507	0.001433	0.999986	14.997234	0.051831	0.991708	0.838440	0.030691	0.990708	2.6	-2.2	1.077787	0.042719	0.998189	1.405322	0.341036	0.936321	0.655238	0.146758	0.945239
data/R/fm/610_active.txt	24.8	1.1	0.850929	0.010983	0.998835	16.050741	0.074623	0.985095	1.004828	0.001129	0.999991	16.050741	0.074623	0.985095	0.951536	0.009194	0.999347	14.0	-1.6	1.060954	0.035191	0.998731	1.601221	0.305603	0.959631	0.833015	0.028730	0.998628
data/R/fm/610_sleep.txt	24.8	1.1	0.692743	0.039963	0.977234	14.104126	0.031250	0.996575	1.012775	0.002527	0.999956	14.104126	0.031250	0.996575	0.831272	0.032806	0.989215	10.1	-1.6	1.167036	0.087602	0.993535	1.691357	0.438468	0.927978	0.681524	0.100888	0.975317
data/R/fm/611_active.txt	24.8	1.1	0.844144	0.009676	0.999081	15.272212	0.086477	0.978049	0.958198	0.012896	0.998734	15.272212	0.086477	0.978049	0.928938	0.008207	0.999454	21.5	-0.1	1.004604	0.268309	0.923892	1.004604	0.268309	0.923892	0.819582	0.019688	0.999334
data/R/fm/611_sleep.txt	24.8	1.1	0.849021	0.027038	0.992951	16.241286	0.079823	0.983372	0.999046	0.001208	0.999990	16.241286	0.079823	0.983372	0.961212	0.008288	0.999480	11.6	-1.6	1.028309	0.007351	0.999941	1.450479	0.153503	0.987231	0.833881	0.073218	0.991175
data/R/fm/620_active.txt	24.8	1.1	0.853766	0.021159	0.995719	16.253934	0.081234	0.982816	1.002957	0.000612	0.999997	16.253934	0.081234	0.982816	0.961296	0.005566	0.999765	10.4	-2.2	1.036549	0.019039	0.999611	1.387236	0.270753	0.957862	0.843519	0.057216	0.994715
data/R/fm/620_sleep.txt	24.8	1.1	0.553546	0.033121	0.975552	14.337095	0.044099	0.993421	1.010099	0.001847	0.999977	14.337095	0.044099	0.993421	0.805712	0.026988	0.992207	3.5	-1.3	1.126373	0.061405	0.996580	1.591158	0.503855	0.896218	0.584878	0.096658	0.969424
data/R/fm/621_active.txt	24.8	1.1	0.776828	0.008582	0.999146	14.042203	0.083695	0.975736	0.925565	0.020838	0.996464	14.042203	0.083695	0.975736	0.872319	0.009853	0.999108	18.8	-1.9	1.068249	0.377118	0.874184	2.406863	0.854525	0.872928	0.755706	0.022280	0.998997
data/R/fm/621_sleep.txt	24.8	1.1	0.620901	0.043207	0.967214	13.549141	0.024611	0.997696	1.009812	0.001567	0.999983	13.549141	0.024611	0.997696	0.786881	0.038085	0.983866	5.9	-1.3	1.187911	0.092725	0.993013	1.817789	0.474866	0.926948	0.623753	0.112358	0.963882
data/R/fm/630_active.txt	24.8	1.1	0.878224	0.016073	0.997661	16.302824	0.078428	0.984058	1.002147	0.000537	0.999998	16.302824	0.078428	0.984058	0.963667	0.009028	0.999386	19.7	-1.3	1.030358	0.021014	0.999520	1.341333	0.404183	0.905092	0.858754	0.037166	0.997842
data/R/fm/630_sleep.txt	24.8	1.1	0.515495	0.068073	0.891212	14.365794	0.042287	0.993971	1.004536	0.000768	0.999996	14.365794	0.042287	0.993971	0.780112	0.039372	0.982482	2.3	-1.6	1.088243	0.035948	0.998741	1.447962	0.414963	0.913369	0.623351	0.162192	0.927486
data/R/fm/631_active.txt	24.8	1.1	0.873756	0.026566	0.993571	16.537922	0.085260	0.981735	1.001594	0.000465	0.999998	16.537922	0.085260	0.981735	0.979067	0.004751	0.999835	8.3	-1.0	1.020179	0.015021	0.999750	1.275047	0.358488	0.916347	0.878883	0.068617	0.993010
data/R/fm/631_sleep.txt	24.8	1.1	0.593088	0.054498	0.944194	12.892890	0.037875	0.993995	1.014354	0.004707	0.999849	12.892890	0.037875	0.993995	0.768433	0.053570	0.967100	4.7	-1.3	1.287260	0.189203	0.975658	2.000923	0.705789	0.874366	0.610824	0.152719	0.932670
data/R/fm/640_active.txt	24.8	1.1	0.705166	0.024347	0.991724	12.326660	0.061985	0.982607	0.999352	0.025422	0.995491	12.326660	0.061985	0.982607	0.776674	0.013318	0.997946	23.0	-5.8	1.681885	0.490896	0.910431	2.837651	0.859922	0.904115	0.686366	0.061604	0.990782
data/R/fm/640_sleep.txt	24.8	1.1	0.569555	0.039380	0.967620	12.162293	0.026319	0.996733	0.934763	0.007523	0.999547	12.162293	0.026319	0.996733	0.721161	0.029880	0.988126	8.6	-1.9	1.080304	0.038783	0.998514	1.609972	0.308840	0.959236	0.561931	0.097721	0.966254
data/R/fm/641_active.txt	24.8	1.1	0.804572	0.015436	0.997430	15.866368	0.076772	0.983875	1.004044	0.000584	0.999998	15.866368	0.076772	0.983875	0.930259	0.006252	0.999684	21.8	-2.5	1.048758	0.017634	0.999674	1.329507	0.217461	0.970030	0.781300	0.040128	0.996963
data/R/fm/641_sleep.txt	24.8	1.1	0.700589	0.041988	0.975474	15.388804	0.058762	0.989896	0.998130	0.001593	0.999982	15.388804	0.058762	0.989896	0.897412	0.022052	0.995791	4.7	-0.7	1.075677	0.033661	0.998870	1.675429	0.664900	0.846109	0.719539	0.117610	0.970070
data/R/fm/650_active.txt	24.8	1.1	0.789273	0.016811	0.996834	14.574251	0.063773	0.986775	0.983894	0.007584	0.999584	14.574251	0.063773	0.986775	0.879807	0.009957	0.999104	18.2	-17.5	1.163932	0.090509	0.993065	2.773727	0.465212	0.968536	0.770964	0.044964	0.996087
data/R/fm/650_sleep.txt	24.8	1.1	0.591756	0.047853	0.956229	13.283676	0.024640	0.997597	1.008477	0.001792	0.999978	13.283676	0.024640	0.997597	0.758110	0.035425	0.984945	6.2	-25.0	1.177532	0.069905	0.995947	1.828606	0.287889	0.972172	0.595860	0.122979	0.953114
