-25.000000 1.651488 -42.938696 0.300781 9.631067e-01
-24.700000 1.650715 -42.423382 0.300616 9.631123e-01
-24.400000 1.649924 -41.908071 0.300447 9.631182e-01
-24.100000 1.649114 -41.392763 0.300274 9.631243e-01
-23.800000 1.648285 -40.877460 0.300096 9.631306e-01
-23.500000 1.647435 -40.362160 0.299914 9.631372e-01
-23.200000 1.646565 -39.846865 0.299726 9.631441e-01
-22.900000 1.645673 -39.331574 0.299533 9.631513e-01
-22.600000 1.644758 -38.816288 0.299335 9.631588e-01
-22.300000 1.643820 -38.301007 0.299131 9.631666e-01
-22.000000 1.642858 -37.785732 0.298922 9.631748e-01
-21.700000 1.641871 -37.270461 0.298706 9.631834e-01
-21.400000 1.640857 -36.755197 0.298484 9.631923e-01
-21.100000 1.639816 -36.239938 0.298255 9.632017e-01
-20.800000 1.638747 -35.724686 0.298020 9.632115e-01
-20.500000 1.637648 -35.209440 0.297777 9.632217e-01
-20.200000 1.636519 -34.694202 0.297526 9.632325e-01
-19.900000 1.635357 -34.178971 0.297268 9.632438e-01
-19.600000 1.634163 -33.663748 0.297000 9.632557e-01
-19.300000 1.632933 -33.148532 0.296725 9.632682e-01
-19.000000 1.631666 -32.633326 0.296440 9.632813e-01
-18.700000 1.630362 -32.118129 0.296145 9.632951e-01
-18.400000 1.629018 -31.602941 0.295840 9.633096e-01
-18.100000 1.627632 -31.087764 0.295524 9.633249e-01
-17.800000 1.626202 -30.572597 0.295197 9.633411e-01
-17.500000 1.624727 -30.057442 0.294858 9.633581e-01
-17.200000 1.623203 -29.542299 0.294506 9.633762e-01
-16.900000 1.621630 -29.027168 0.294141 9.633952e-01
-16.600000 1.620003 -28.512051 0.293762 9.634154e-01
-16.300000 1.618321 -27.996948 0.293368 9.634367e-01
-16.000000 1.616580 -27.481860 0.292959 9.634593e-01
-15.700000 1.614778 -26.966789 0.292532 9.634833e-01
-15.400000 1.612911 -26.451734 0.292088 9.635088e-01
-15.100000 1.610975 -25.936697 0.291625 9.635360e-01
-14.800000 1.608967 -25.421679 0.291142 9.635648e-01
-14.500000 1.606883 -24.906681 0.290637 9.635956e-01
-14.200000 1.604717 -24.391705 0.290110 9.636284e-01
-13.900000 1.602467 -23.876752 0.289558 9.636634e-01
-13.600000 1.600125 -23.361823 0.288980 9.637009e-01
-13.300000 1.597687 -22.846921 0.288375 9.637410e-01
-13.000000 1.595146 -22.332046 0.287739 9.637840e-01
-12.700000 1.592496 -21.817202 0.287071 9.638302e-01
-12.400000 1.589731 -21.302390 0.286368 9.638799e-01
-12.100000 1.586841 -20.787612 0.285627 9.639334e-01
-11.800000 1.583818 -20.272871 0.284847 9.639912e-01
-11.500000 1.580654 -19.758171 0.284022 9.640535e-01
-11.200000 1.577337 -19.243513 0.283150 9.641211e-01
-10.900000 1.573857 -18.728903 0.282226 9.641943e-01
-10.600000 1.570202 -18.214343 0.281245 9.642740e-01
-10.300000 1.566357 -17.699839 0.280203 9.643607e-01
-10.000000 1.562309 -17.185396 0.279094 9.644554e-01
-9.700000 1.558039 -16.671019 0.277910 9.645591e-01
-9.400000 1.553530 -16.156715 0.276645 9.646728e-01
-9.100000 1.548762 -15.642493 0.275289 9.647979e-01
-8.800000 1.543710 -15.128360 0.273833 9.649360e-01
-8.500000 1.538350 -14.614329 0.272265 9.650888e-01
-8.200000 1.532653 -14.100410 0.270573 9.652584e-01
-7.900000 1.526587 -13.586620 0.268742 9.654474e-01
-7.600000 1.520113 -13.072976 0.266753 9.656588e-01
-7.300000 1.513193 -12.559499 0.264587 9.658961e-01
-7.000000 1.505777 -12.046217 0.262220 9.661635e-01
-6.700000 1.497813 -11.533160 0.259623 9.664663e-01
-6.400000 1.489239 -11.020368 0.256762 9.668106e-01
-6.100000 1.479985 -10.507892 0.253598 9.672040e-01
-5.800000 1.469970 -9.995793 0.250083 9.676558e-01
-5.500000 1.459100 -9.484149 0.246158 9.681772e-01
-5.200000 1.447268 -8.973061 0.241754 9.687823e-01
-4.900000 1.434348 -8.462656 0.236786 9.694881e-01
-4.600000 1.420196 -7.953099 0.231149 9.703159e-01
-4.300000 1.404643 -7.444606 0.224716 9.712914e-01
-4.000000 1.387492 -6.937461 0.217334 9.724461e-01
-3.700000 1.368520 -6.432045 0.208813 9.738174e-01
-3.400000 1.347473 -5.928882 0.198928 9.754485e-01
-3.100000 1.324076 -5.428711 0.187414 9.773865e-01
-2.800000 1.298052 -4.932599 0.173971 9.796776e-01
-2.500000 1.269179 -4.442126 0.158286 9.823547e-01
-2.200000 1.237382 -3.959622 0.140089 9.854138e-01
-1.900000 1.202908 -3.488432 0.119304 9.887678e-01
-1.600000 1.166549 -3.033028 0.096365 9.921810e-01
-1.300000 1.129806 -2.598555 0.072627 9.952505e-01
-1.000000 1.094614 -2.189227 0.050277 9.975696e-01
-0.700000 1.062364 -1.806018 0.031117 9.990102e-01
-0.400000 1.033073 -1.446302 0.015328 9.997458e-01
-0.100000 1.005727 -1.106300 0.002139 9.999948e-01
0.200000 0.979205 -0.783364 0.011087 9.998520e-01
0.500000 0.952823 -0.476412 0.023669 9.992879e-01
0.800000 0.926461 -0.185292 0.036516 9.982092e-01
1.100000 14.548988 1.454899 1.042516 9.941054e-01
1.400000 0.875442 0.350177 0.061941 9.942518e-01
1.700000 0.851997 0.596398 0.073581 9.914600e-01
2.000000 0.830545 0.830545 0.084016 9.883206e-01
2.300000 0.811250 1.054625 0.093129 9.850091e-01
2.600000 0.794069 1.270510 0.100968 9.816709e-01
2.900000 0.778838 1.479791 0.107669 9.784060e-01
3.200000 0.765340 1.683748 0.113397 9.752743e-01
3.500000 0.753356 1.883389 0.118311 9.723066e-01
3.800000 0.742679 2.079500 0.122548 9.695150e-01
4.100000 0.733130 2.272703 0.126222 9.669009e-01
4.400000 0.724556 2.463489 0.129428 9.644597e-01
4.700000 0.716826 2.652254 0.132240 9.621834e-01
5.000000 0.709830 2.839320 0.134720 9.600626e-01
5.300000 0.703476 3.024949 0.136917 9.580875e-01
5.600000 0.697687 3.209358 0.138871 9.562480e-01
5.900000 0.692394 3.392729 0.140617 9.545344e-01
6.200000 0.687541 3.575212 0.142181 9.529374e-01
6.500000 0.683079 3.756933 0.143588 9.514481e-01
6.800000 0.678966 3.938000 0.144858 9.500583e-01
7.100000 0.675164 4.118502 0.146007 9.487603e-01
7.400000 0.671643 4.298516 0.147049 9.475469e-01
7.700000 0.668374 4.478106 0.147997 9.464115e-01
8.000000 0.665333 4.657329 0.148862 9.453481e-01
8.300000 0.662497 4.836231 0.149652 9.443511e-01
8.600000 0.659849 5.014852 0.150376 9.434154e-01
8.900000 0.657371 5.193229 0.151041 9.425363e-01
9.200000 0.655048 5.371391 0.151653 9.417095e-01
9.500000 0.652866 5.549364 0.152217 9.409311e-01
9.800000 0.650815 5.727171 0.152737 9.401975e-01
10.100000 0.648882 5.904830 0.153219 9.395054e-01
10.400000 0.647060 6.082361 0.153665 9.388519e-01
10.700000 0.645338 6.259776 0.154079 9.382341e-01
11.000000 0.643709 6.437090 0.154464 9.376496e-01
11.300000 0.642166 6.614313 0.154822 9.370961e-01
11.600000 0.640703 6.791457 0.155155 9.365715e-01
11.900000 0.639315 6.968529 0.155466 9.360738e-01
12.200000 0.637994 7.145537 0.155757 9.356012e-01
12.500000 0.636738 7.322489 0.156029 9.351522e-01
12.800000 0.635541 7.499390 0.156283 9.347251e-01
13.100000 0.634400 7.676245 0.156522 9.343187e-01
13.400000 0.633311 7.853061 0.156745 9.339316e-01
13.700000 0.632271 8.029840 0.156955 9.335626e-01
14.000000 0.631276 8.206587 0.157152 9.332107e-01
14.300000 0.630324 8.383306 0.157338 9.328748e-01
14.600000 0.629412 8.559998 0.157512 9.325540e-01
14.900000 0.628537 8.736667 0.157676 9.322474e-01
15.200000 0.627698 8.913316 0.157831 9.319543e-01
15.500000 0.626893 9.089946 0.157977 9.316738e-01
15.800000 0.626119 9.266559 0.158114 9.314053e-01
16.100000 0.625375 9.443158 0.158244 9.311481e-01
16.400000 0.624659 9.619743 0.158366 9.309015e-01
16.700000 0.623969 9.796317 0.158482 9.306652e-01
17.000000 0.623305 9.972879 0.158591 9.304384e-01
17.300000 0.622665 10.149433 0.158695 9.302207e-01
17.600000 0.622047 10.325978 0.158792 9.300116e-01
17.900000 0.621451 10.502515 0.158885 9.298108e-01
18.200000 0.620875 10.679045 0.158972 9.296177e-01
18.500000 0.620318 10.855570 0.159055 9.294321e-01
18.800000 0.619780 11.032089 0.159133 9.292535e-01
19.100000 0.619260 11.208604 0.159207 9.290816e-01
19.400000 0.618756 11.385114 0.159278 9.289161e-01
19.700000 0.618268 11.561620 0.159344 9.287567e-01
20.000000 0.617796 11.738124 0.159407 9.286030e-01
20.300000 0.617338 11.914624 0.159467 9.284550e-01
20.600000 0.616894 12.091122 0.159523 9.283122e-01
20.900000 0.616463 12.267617 0.159577 9.281744e-01
21.200000 0.616045 12.444111 0.159627 9.280415e-01
21.500000 0.615639 12.620603 0.159675 9.279132e-01
21.800000 0.615245 12.797093 0.159721 9.277893e-01
22.100000 0.614862 12.973582 0.159764 9.276696e-01
22.400000 0.614489 13.150070 0.159805 9.275540e-01
22.700000 0.614127 13.326556 0.159843 9.274422e-01
23.000000 0.613775 13.503042 0.159880 9.273341e-01
23.300000 0.613432 13.679528 0.159914 9.272296e-01
23.600000 0.613098 13.856012 0.159947 9.271284e-01
23.900000 0.612773 14.032496 0.159978 9.270306e-01
24.200000 0.612456 14.208980 0.160007 9.269359e-01
24.500000 0.612147 14.385463 0.160035 9.268441e-01
24.800000 0.611846 14.561946 0.160061 9.267553e-01
