-25.000000 1.567646 -40.758805 0.406619 9.279048e-01
-24.700000 1.566931 -40.270118 0.406410 9.279124e-01
-24.400000 1.566198 -39.781438 0.406196 9.279203e-01
-24.100000 1.565449 -39.292765 0.405977 9.279284e-01
-23.800000 1.564681 -38.804097 0.405752 9.279369e-01
-23.500000 1.563895 -38.315437 0.405522 9.279456e-01
-23.200000 1.563090 -37.826783 0.405285 9.279548e-01
-22.900000 1.562265 -37.338136 0.405043 9.279642e-01
-22.600000 1.561419 -36.849497 0.404794 9.279741e-01
-22.300000 1.560552 -36.360865 0.404538 9.279844e-01
-22.000000 1.559663 -35.872241 0.404275 9.279951e-01
-21.700000 1.558750 -35.383626 0.404005 9.280062e-01
-21.400000 1.557813 -34.895019 0.403727 9.280178e-01
-21.100000 1.556852 -34.406420 0.403441 9.280300e-01
-20.800000 1.555864 -33.917831 0.403146 9.280427e-01
-20.500000 1.554849 -33.429252 0.402843 9.280559e-01
-20.200000 1.553806 -32.940682 0.402531 9.280698e-01
-19.900000 1.552733 -32.452122 0.402210 9.280844e-01
-19.600000 1.551630 -31.963574 0.401878 9.280996e-01
-19.300000 1.550494 -31.475036 0.401536 9.281156e-01
-19.000000 1.549326 -30.986510 0.401182 9.281325e-01
-18.700000 1.548122 -30.497997 0.400817 9.281502e-01
-18.400000 1.546881 -30.009496 0.400440 9.281688e-01
-18.100000 1.545603 -29.521009 0.400050 9.281885e-01
-17.800000 1.544284 -29.032536 0.399647 9.282092e-01
-17.500000 1.542923 -28.544078 0.399229 9.282312e-01
-17.200000 1.541518 -28.055635 0.398796 9.282544e-01
-16.900000 1.540068 -27.567209 0.398347 9.282790e-01
-16.600000 1.538568 -27.078801 0.397881 9.283052e-01
-16.300000 1.537018 -26.590411 0.397397 9.283330e-01
-16.000000 1.535414 -26.102040 0.396894 9.283626e-01
-15.700000 1.533754 -25.613691 0.396371 9.283941e-01
-15.400000 1.532034 -25.125364 0.395826 9.284279e-01
-15.100000 1.530252 -24.637060 0.395258 9.284640e-01
-14.800000 1.528404 -24.148781 0.394666 9.285027e-01
-14.500000 1.526486 -23.660530 0.394047 9.285443e-01
-14.200000 1.524494 -23.172307 0.393400 9.285890e-01
-13.900000 1.522424 -22.684115 0.392723 9.286373e-01
-13.600000 1.520271 -22.195956 0.392013 9.286894e-01
-13.300000 1.518030 -21.707834 0.391268 9.287459e-01
-13.000000 1.515696 -21.219749 0.390486 9.288072e-01
-12.700000 1.513263 -20.731707 0.389662 9.288739e-01
-12.400000 1.510725 -20.243710 0.388795 9.289466e-01
-12.100000 1.508073 -19.755762 0.387879 9.290260e-01
-11.800000 1.505302 -19.267868 0.386911 9.291130e-01
-11.500000 1.502403 -18.780032 0.385885 9.292085e-01
-11.200000 1.499366 -18.292259 0.384797 9.293136e-01
-10.900000 1.496181 -17.804556 0.383641 9.294296e-01
-10.600000 1.492839 -17.316929 0.382409 9.295580e-01
-10.300000 1.489326 -16.829387 0.381094 9.297004e-01
-10.000000 1.485631 -16.341936 0.379688 9.298588e-01
-9.700000 1.481737 -15.854586 0.378180 9.300355e-01
-9.400000 1.477630 -15.367349 0.376558 9.302331e-01
-9.100000 1.473291 -14.880237 0.374811 9.304548e-01
-8.800000 1.468700 -14.393261 0.372922 9.307043e-01
-8.500000 1.463836 -13.906439 0.370875 9.309857e-01
-8.200000 1.458673 -13.419788 0.368651 9.313042e-01
-7.900000 1.453183 -12.933326 0.366225 9.316657e-01
-7.600000 1.447334 -12.447077 0.363570 9.320772e-01
-7.300000 1.441092 -11.961065 0.360657 9.325473e-01
-7.000000 1.434415 -11.475321 0.357447 9.330857e-01
-6.700000 1.427257 -10.989877 0.353897 9.337045e-01
-6.400000 1.419564 -10.504772 0.349958 9.344177e-01
-6.100000 1.411275 -10.020051 0.345567 9.352426e-01
-5.800000 1.402318 -9.535765 0.340653 9.361994e-01
-5.500000 1.392612 -9.051977 0.335131 9.373128e-01
-5.200000 1.382058 -8.568759 0.328898 9.386125e-01
-4.900000 1.370543 -8.086201 0.321828 9.401343e-01
-4.600000 1.357931 -7.604415 0.313772 9.419218e-01
-4.300000 1.344064 -7.123540 0.304545 9.440277e-01
-4.000000 1.328752 -6.643762 0.293920 9.465162e-01
-3.700000 1.311772 -6.165329 0.281615 9.494644e-01
-3.400000 1.292860 -5.688585 0.267278 9.529647e-01
-3.100000 1.271712 -5.214018 0.250470 9.571228e-01
-2.800000 1.247985 -4.742343 0.230652 9.620494e-01
-2.500000 1.221327 -4.274645 0.207195 9.678324e-01
-2.200000 1.191459 -3.812670 0.179482 9.744627e-01
-1.900000 1.158423 -3.359426 0.147266 9.816784e-01
-1.600000 1.123167 -2.920235 0.111560 9.887350e-01
-1.300000 1.088385 -2.503284 0.075920 9.944122e-01
-1.000000 1.058078 -2.116157 0.045875 9.978338e-01
-0.700000 1.034604 -1.758827 0.024636 9.993456e-01
-0.400000 1.017165 -1.424032 0.010988 9.998653e-01
-0.100000 1.003818 -1.104200 0.002213 9.999944e-01
0.200000 0.993067 -0.794453 0.003672 9.999842e-01
0.500000 0.984017 -0.492008 0.007791 9.999276e-01
0.800000 0.976143 -0.195229 0.010766 9.998595e-01
1.100000 16.095788 1.609579 1.909980 9.839988e-01
1.400000 0.962754 0.385102 0.014602 9.997344e-01
1.700000 0.956894 0.669826 0.015837 9.996838e-01
2.000000 0.951449 0.951449 0.016767 9.996415e-01
2.300000 0.946353 1.230258 0.017465 9.996068e-01
2.600000 0.941555 1.506488 0.017983 9.995789e-01
2.900000 0.937019 1.780337 0.018361 9.995568e-01
3.200000 0.932717 2.051977 0.018632 9.995394e-01
3.500000 0.928625 2.321562 0.018820 9.995259e-01
3.800000 0.924725 2.589231 0.018946 9.995155e-01
4.100000 0.921002 2.855108 0.019026 9.995074e-01
4.400000 0.917444 3.119310 0.019072 9.995012e-01
4.700000 0.914039 3.381946 0.019096 9.994962e-01
5.000000 0.910779 3.643116 0.019105 9.994921e-01
5.300000 0.907655 3.902915 0.019106 9.994885e-01
5.600000 0.904659 4.161434 0.019104 9.994853e-01
5.900000 0.901787 4.418755 0.019102 9.994821e-01
6.200000 0.899031 4.674959 0.019102 9.994789e-01
6.500000 0.896386 4.930121 0.019106 9.994756e-01
6.800000 0.893847 5.184310 0.019116 9.994721e-01
7.100000 0.891409 5.437595 0.019131 9.994684e-01
7.400000 0.889068 5.690037 0.019151 9.994644e-01
7.700000 0.886820 5.941694 0.019177 9.994603e-01
8.000000 0.884660 6.192621 0.019207 9.994559e-01
8.300000 0.882585 6.442869 0.019242 9.994514e-01
8.600000 0.880590 6.692486 0.019280 9.994467e-01
8.900000 0.878673 6.941516 0.019321 9.994419e-01
9.200000 0.876829 7.189999 0.019365 9.994370e-01
9.500000 0.875056 7.437974 0.019411 9.994321e-01
9.800000 0.873350 7.685476 0.019458 9.994271e-01
10.100000 0.871707 7.932538 0.019506 9.994221e-01
10.400000 0.870127 8.179189 0.019555 9.994171e-01
10.700000 0.868604 8.425458 0.019604 9.994121e-01
11.000000 0.867137 8.671371 0.019652 9.994072e-01
11.300000 0.865723 8.916950 0.019700 9.994024e-01
11.600000 0.864360 9.162219 0.019748 9.993976e-01
11.900000 0.863046 9.407197 0.019794 9.993929e-01
12.200000 0.861777 9.651903 0.019840 9.993883e-01
12.500000 0.860553 9.896356 0.019884 9.993838e-01
12.800000 0.859370 10.140570 0.019928 9.993794e-01
13.100000 0.858228 10.384561 0.019970 9.993751e-01
13.400000 0.857124 10.628342 0.020011 9.993709e-01
13.700000 0.856057 10.871928 0.020051 9.993669e-01
14.000000 0.855025 11.115328 0.020089 9.993629e-01
14.300000 0.854027 11.358555 0.020126 9.993590e-01
14.600000 0.853060 11.601619 0.020162 9.993553e-01
14.900000 0.852124 11.844530 0.020197 9.993516e-01
15.200000 0.851218 12.087296 0.020231 9.993481e-01
15.500000 0.850340 12.329926 0.020263 9.993446e-01
15.800000 0.849488 12.572428 0.020295 9.993413e-01
16.100000 0.848663 12.814809 0.020325 9.993380e-01
16.400000 0.847862 13.057075 0.020355 9.993349e-01
16.700000 0.847085 13.299234 0.020383 9.993318e-01
17.000000 0.846331 13.541292 0.020411 9.993288e-01
17.300000 0.845598 13.783253 0.020437 9.993258e-01
17.600000 0.844887 14.025123 0.020463 9.993230e-01
17.900000 0.844196 14.266907 0.020488 9.993202e-01
18.200000 0.843524 14.508610 0.020513 9.993175e-01
18.500000 0.842871 14.750236 0.020536 9.993149e-01
18.800000 0.842235 14.991790 0.020559 9.993123e-01
19.100000 0.841617 15.233274 0.020581 9.993098e-01
19.400000 0.841016 15.474693 0.020603 9.993074e-01
19.700000 0.840431 15.716051 0.020624 9.993050e-01
20.000000 0.839861 15.957350 0.020645 9.993027e-01
20.300000 0.839305 16.198593 0.020665 9.993004e-01
20.600000 0.838764 16.439784 0.020684 9.992982e-01
20.900000 0.838237 16.680925 0.020703 9.992960e-01
21.200000 0.837724 16.922018 0.020721 9.992939e-01
21.500000 0.837223 17.163067 0.020740 9.992918e-01
21.800000 0.836734 17.404072 0.020757 9.992898e-01
22.100000 0.836258 17.645038 0.020774 9.992878e-01
22.400000 0.835793 17.885964 0.020791 9.992859e-01
22.700000 0.835339 18.126855 0.020808 9.992840e-01
23.000000 0.834896 18.367710 0.020824 9.992821e-01
23.300000 0.834463 18.608533 0.020839 9.992803e-01
23.600000 0.834041 18.849324 0.020855 9.992785e-01
23.900000 0.833628 19.090085 0.020870 9.992767e-01
24.200000 0.833225 19.330818 0.020885 9.992750e-01
24.500000 0.832831 19.571524 0.020899 9.992733e-01
24.800000 0.832446 19.812204 0.020913 9.992716e-01
