-25.000000 1.578730 -41.046975 0.408945 9.280840e-01
-24.700000 1.577995 -40.554481 0.408690 9.281049e-01
-24.400000 1.577243 -40.061984 0.408430 9.281265e-01
-24.100000 1.576473 -39.569482 0.408162 9.281489e-01
-23.800000 1.575685 -39.076977 0.407887 9.281721e-01
-23.500000 1.574876 -38.584468 0.407604 9.281961e-01
-23.200000 1.574048 -38.091955 0.407313 9.282210e-01
-22.900000 1.573198 -37.599437 0.407015 9.282467e-01
-22.600000 1.572327 -37.106916 0.406708 9.282734e-01
-22.300000 1.571433 -36.614390 0.406392 9.283012e-01
-22.000000 1.570516 -36.121860 0.406067 9.283299e-01
-21.700000 1.569574 -35.629325 0.405732 9.283598e-01
-21.400000 1.568606 -35.136786 0.405388 9.283908e-01
-21.100000 1.567613 -34.644242 0.405033 9.284231e-01
-20.800000 1.566591 -34.151693 0.404667 9.284566e-01
-20.500000 1.565541 -33.659140 0.404289 9.284914e-01
-20.200000 1.564461 -33.166583 0.403900 9.285277e-01
-19.900000 1.563350 -32.674021 0.403498 9.285655e-01
-19.600000 1.562207 -32.181454 0.403084 9.286048e-01
-19.300000 1.561029 -31.688883 0.402655 9.286458e-01
-19.000000 1.559815 -31.196308 0.402213 9.286885e-01
-18.700000 1.558565 -30.703728 0.401755 9.287331e-01
-18.400000 1.557276 -30.211145 0.401281 9.287797e-01
-18.100000 1.555945 -29.718559 0.400791 9.288283e-01
-17.800000 1.554573 -29.225969 0.400283 9.288792e-01
-17.500000 1.553155 -28.733376 0.399757 9.289324e-01
-17.200000 1.551691 -28.240781 0.399212 9.289880e-01
-16.900000 1.550178 -27.748185 0.398647 9.290463e-01
-16.600000 1.548613 -27.255587 0.398060 9.291074e-01
-16.300000 1.546994 -26.762990 0.397450 9.291715e-01
-16.000000 1.545317 -26.270394 0.396816 9.292387e-01
-15.700000 1.543581 -25.777799 0.396158 9.293093e-01
-15.400000 1.541781 -25.285208 0.395472 9.293835e-01
-15.100000 1.539914 -24.792622 0.394758 9.294616e-01
-14.800000 1.537977 -24.300042 0.394015 9.295438e-01
-14.500000 1.535966 -23.807471 0.393239 9.296305e-01
-14.200000 1.533876 -23.314911 0.392429 9.297219e-01
-13.900000 1.531702 -22.822364 0.391584 9.298183e-01
-13.600000 1.529441 -22.329834 0.390700 9.299203e-01
-13.300000 1.527086 -21.837323 0.389776 9.300281e-01
-13.000000 1.524631 -21.344835 0.388808 9.301423e-01
-12.700000 1.522071 -20.852376 0.387793 9.302634e-01
-12.400000 1.519399 -20.359949 0.386729 9.303919e-01
-12.100000 1.516608 -19.867561 0.385611 9.305285e-01
-11.800000 1.513689 -19.375217 0.384436 9.306738e-01
-11.500000 1.510634 -18.882925 0.383200 9.308286e-01
-11.200000 1.507434 -18.390692 0.381897 9.309939e-01
-10.900000 1.504078 -17.898529 0.380523 9.311704e-01
-10.600000 1.500556 -17.406446 0.379072 9.313594e-01
-10.300000 1.496854 -16.914454 0.377537 9.315621e-01
-10.000000 1.492961 -16.422568 0.375912 9.317798e-01
-9.700000 1.488860 -15.930803 0.374188 9.320141e-01
-9.400000 1.484536 -15.439176 0.372356 9.322670e-01
-9.100000 1.479971 -14.947708 0.370407 9.325403e-01
-8.800000 1.475145 -14.456422 0.368329 9.328367e-01
-8.500000 1.470036 -13.965345 0.366109 9.331589e-01
-8.200000 1.464620 -13.474507 0.363732 9.335102e-01
-7.900000 1.458870 -12.983944 0.361181 9.338944e-01
-7.600000 1.452755 -12.493697 0.358436 9.343164e-01
-7.300000 1.446242 -12.003812 0.355475 9.347814e-01
-7.000000 1.439293 -11.514345 0.352271 9.352961e-01
-6.700000 1.431865 -11.025357 0.348793 9.358686e-01
-6.400000 1.423909 -10.536924 0.345003 9.365082e-01
-6.100000 1.415370 -10.049129 0.340857 9.372268e-01
-5.800000 1.406187 -9.562070 0.336303 9.380386e-01
-5.500000 1.396286 -9.075862 0.331278 9.389607e-01
-5.200000 1.385586 -8.590636 0.325707 9.400144e-01
-4.900000 1.373991 -8.106547 0.319500 9.412252e-01
-4.600000 1.361389 -7.623777 0.312545 9.426247e-01
-4.300000 1.347650 -7.142542 0.304711 9.442513e-01
-4.000000 1.332622 -6.663112 0.295834 9.461522e-01
-3.700000 1.316133 -6.185824 0.285711 9.483863e-01
-3.400000 1.297983 -5.711124 0.274084 9.510282e-01
-3.100000 1.277951 -5.239600 0.260613 9.541738e-01
-2.800000 1.255799 -4.772035 0.244842 9.579470e-01
-2.500000 1.231266 -4.309431 0.226147 9.625024e-01
-2.200000 1.204068 -3.853018 0.203695 9.680066e-01
-1.900000 1.173899 -3.404307 0.176488 9.745607e-01
-1.600000 1.140585 -2.965521 0.143718 9.819947e-01
-1.300000 1.104749 -2.540922 0.105903 9.894991e-01
-1.000000 1.069240 -2.138479 0.067085 9.954746e-01
-0.700000 1.039274 -1.766765 0.034972 9.986940e-01
-0.400000 1.017990 -1.425186 0.014258 9.997735e-01
-0.100000 1.003735 -1.104109 0.002628 9.999921e-01
0.200000 0.993503 -0.794803 0.004134 9.999800e-01
0.500000 0.985350 -0.492675 0.008628 9.999115e-01
0.800000 0.978324 -0.195665 0.012025 9.998256e-01
1.100000 16.172395 1.617239 1.891323 9.844510e-01
1.400000 0.966219 0.386487 0.017271 9.996312e-01
1.700000 0.960771 0.672540 0.019418 9.995285e-01
2.000000 0.955641 0.955641 0.021352 9.994238e-01
2.300000 0.950785 1.236021 0.023111 9.993182e-01
2.600000 0.946175 1.513880 0.024719 9.992124e-01
2.900000 0.941788 1.789397 0.026198 9.991072e-01
3.200000 0.937609 2.062741 0.027563 9.990030e-01
3.500000 0.933625 2.334063 0.028826 9.989003e-01
3.800000 0.929824 2.603507 0.029998 9.987994e-01
4.100000 0.926196 2.871207 0.031089 9.987005e-01
4.400000 0.922732 3.137288 0.032107 9.986037e-01
4.700000 0.919423 3.401865 0.033060 9.985091e-01
5.000000 0.916261 3.665045 0.033954 9.984166e-01
5.300000 0.913239 3.926929 0.034795 9.983264e-01
5.600000 0.910349 4.187606 0.035588 9.982383e-01
5.900000 0.907584 4.447163 0.036337 9.981522e-01
6.200000 0.904937 4.705674 0.037047 9.980682e-01
6.500000 0.902402 4.963212 0.037722 9.979861e-01
6.800000 0.899973 5.219842 0.038365 9.979057e-01
7.100000 0.897643 5.475622 0.038979 9.978271e-01
7.400000 0.895408 5.730609 0.039566 9.977502e-01
7.700000 0.893261 5.984851 0.040129 9.976748e-01
8.000000 0.891200 6.238397 0.040669 9.976009e-01
8.300000 0.889218 6.491290 0.041188 9.975284e-01
8.600000 0.887312 6.743569 0.041689 9.974573e-01
8.900000 0.885477 6.995271 0.042171 9.973875e-01
9.200000 0.883711 7.246434 0.042637 9.973190e-01
9.500000 0.882010 7.497088 0.043087 9.972517e-01
9.800000 0.880371 7.747265 0.043521 9.971857e-01
10.100000 0.878791 7.996994 0.043942 9.971209e-01
10.400000 0.877266 8.246303 0.044349 9.970573e-01
10.700000 0.875796 8.495217 0.044743 9.969949e-01
11.000000 0.874376 8.743762 0.045124 9.969337e-01
11.300000 0.873006 8.991959 0.045493 9.968737e-01
11.600000 0.871682 9.239831 0.045851 9.968150e-01
11.900000 0.870403 9.487398 0.046196 9.967574e-01
12.200000 0.869168 9.734680 0.046531 9.967011e-01
12.500000 0.867973 9.981695 0.046855 9.966460e-01
12.800000 0.866819 10.228460 0.047168 9.965922e-01
13.100000 0.865702 10.474991 0.047471 9.965396e-01
13.400000 0.864621 10.721304 0.047763 9.964882e-01
13.700000 0.863576 10.967413 0.048046 9.964380e-01
14.000000 0.862564 11.213330 0.048320 9.963891e-01
14.300000 0.861584 11.459069 0.048584 9.963414e-01
14.600000 0.860635 11.704640 0.048839 9.962949e-01
14.900000 0.859716 11.950056 0.049085 9.962496e-01
15.200000 0.858826 12.195324 0.049323 9.962055e-01
15.500000 0.857963 12.440457 0.049552 9.961626e-01
15.800000 0.857126 12.685461 0.049773 9.961208e-01
16.100000 0.856314 12.930345 0.049987 9.960802e-01
16.400000 0.855527 13.175116 0.050193 9.960407e-01
16.700000 0.854763 13.419782 0.050392 9.960023e-01
17.000000 0.854022 13.664349 0.050583 9.959650e-01
17.300000 0.853302 13.908824 0.050768 9.959288e-01
17.600000 0.852603 14.153211 0.050946 9.958936e-01
17.900000 0.851924 14.397516 0.051118 9.958594e-01
18.200000 0.851264 14.641744 0.051283 9.958262e-01
18.500000 0.850623 14.885900 0.051443 9.957940e-01
18.800000 0.849999 15.129987 0.051597 9.957627e-01
19.100000 0.849393 15.374009 0.051745 9.957323e-01
19.400000 0.848803 15.617971 0.051888 9.957029e-01
19.700000 0.848229 15.861875 0.052026 9.956743e-01
20.000000 0.847670 16.105725 0.052159 9.956465e-01
20.300000 0.847126 16.349523 0.052287 9.956196e-01
20.600000 0.846596 16.593272 0.052411 9.955934e-01
20.900000 0.846079 16.836975 0.052530 9.955681e-01
21.200000 0.845576 17.080635 0.052645 9.955435e-01
21.500000 0.845085 17.324253 0.052756 9.955196e-01
21.800000 0.844607 17.567831 0.052863 9.954964e-01
22.100000 0.844141 17.811371 0.052966 9.954739e-01
22.400000 0.843686 18.054876 0.053066 9.954521e-01
22.700000 0.843242 18.298346 0.053162 9.954309e-01
23.000000 0.842808 18.541784 0.053254 9.954103e-01
23.300000 0.842385 18.785191 0.053344 9.953904e-01
23.600000 0.841972 19.028568 0.053430 9.953710e-01
23.900000 0.841568 19.271917 0.053514 9.953522e-01
24.200000 0.841174 19.515239 0.053594 9.953339e-01
24.500000 0.840789 19.758535 0.053672 9.953161e-01
24.800000 0.840412 20.001806 0.053747 9.952989e-01
