-25.000000 1.519469 -39.506205 0.385721 9.307352e-01
-24.700000 1.518766 -39.032288 0.385498 9.307499e-01
-24.400000 1.518046 -38.558378 0.385269 9.307654e-01
-24.100000 1.517310 -38.084475 0.385034 9.307817e-01
-23.800000 1.516556 -37.610580 0.384791 9.307988e-01
-23.500000 1.515783 -37.136693 0.384542 9.308167e-01
-23.200000 1.514992 -36.662814 0.384285 9.308355e-01
-22.900000 1.514182 -36.188945 0.384020 9.308552e-01
-22.600000 1.513351 -35.715084 0.383748 9.308760e-01
-22.300000 1.512499 -35.241234 0.383467 9.308979e-01
-22.000000 1.511626 -34.767394 0.383177 9.309209e-01
-21.700000 1.510730 -34.293565 0.382877 9.309451e-01
-21.400000 1.509810 -33.819748 0.382568 9.309707e-01
-21.100000 1.508866 -33.345944 0.382249 9.309976e-01
-20.800000 1.507897 -32.872152 0.381919 9.310260e-01
-20.500000 1.506901 -32.398374 0.381578 9.310560e-01
-20.200000 1.505878 -31.924611 0.381224 9.310877e-01
-19.900000 1.504826 -31.450863 0.380859 9.311212e-01
-19.600000 1.503744 -30.977132 0.380480 9.311566e-01
-19.300000 1.502631 -30.503418 0.380087 9.311941e-01
-19.000000 1.501486 -30.029722 0.379680 9.312338e-01
-18.700000 1.500307 -29.556046 0.379257 9.312758e-01
-18.400000 1.499092 -29.082390 0.378818 9.313205e-01
-18.100000 1.497841 -28.608757 0.378361 9.313678e-01
-17.800000 1.496550 -28.135146 0.377886 9.314181e-01
-17.500000 1.495219 -27.661560 0.377392 9.314716e-01
-17.200000 1.493846 -27.187999 0.376878 9.315285e-01
-16.900000 1.492428 -26.714467 0.376341 9.315890e-01
-16.600000 1.490964 -26.240963 0.375782 9.316535e-01
-16.300000 1.489450 -25.767491 0.375198 9.317223e-01
-16.000000 1.487885 -25.294051 0.374587 9.317957e-01
-15.700000 1.486266 -24.820646 0.373949 9.318740e-01
-15.400000 1.484590 -24.347278 0.373281 9.319578e-01
-15.100000 1.482854 -23.873949 0.372581 9.320474e-01
-14.800000 1.481054 -23.400661 0.371847 9.321433e-01
-14.500000 1.479188 -22.927417 0.371076 9.322460e-01
-14.200000 1.477251 -22.454220 0.370267 9.323562e-01
-13.900000 1.475240 -21.981071 0.369416 9.324745e-01
-13.600000 1.473149 -21.507975 0.368520 9.326016e-01
-13.300000 1.470974 -21.034934 0.367576 9.327382e-01
-13.000000 1.468711 -20.561951 0.366580 9.328853e-01
-12.700000 1.466353 -20.089029 0.365528 9.330438e-01
-12.400000 1.463894 -19.616173 0.364416 9.332146e-01
-12.100000 1.461327 -19.143385 0.363238 9.333990e-01
-11.800000 1.458646 -18.670671 0.361991 9.335982e-01
-11.500000 1.455843 -18.198032 0.360667 9.338137e-01
-11.200000 1.452908 -17.725475 0.359260 9.340470e-01
-10.900000 1.449832 -17.253004 0.357763 9.342998e-01
-10.600000 1.446605 -16.780623 0.356169 9.345741e-01
-10.300000 1.443216 -16.308337 0.354468 9.348719e-01
-10.000000 1.439650 -15.836153 0.352651 9.351958e-01
-9.700000 1.435895 -15.364077 0.350707 9.355483e-01
-9.400000 1.431934 -14.892114 0.348624 9.359325e-01
-9.100000 1.427750 -14.420273 0.346389 9.363517e-01
-8.800000 1.423323 -13.948562 0.343986 9.368098e-01
-8.500000 1.418631 -13.476990 0.341398 9.373110e-01
-8.200000 1.413649 -13.005569 0.338606 9.378602e-01
-7.900000 1.408350 -12.534313 0.335589 9.384630e-01
-7.600000 1.402702 -12.063237 0.332322 9.391255e-01
-7.300000 1.396670 -11.592362 0.328777 9.398550e-01
-7.000000 1.390214 -11.121712 0.324920 9.406600e-01
-6.700000 1.383288 -10.651318 0.320717 9.415499e-01
-6.400000 1.375841 -10.181222 0.316122 9.425360e-01
-6.100000 1.367813 -9.711473 0.311087 9.436314e-01
-5.800000 1.359138 -9.242141 0.305552 9.448517e-01
-5.500000 1.349740 -8.773313 0.299448 9.462154e-01
-5.200000 1.339533 -8.305106 0.292692 9.477447e-01
-4.900000 1.328420 -7.837676 0.285182 9.494666e-01
-4.600000 1.316291 -7.371228 0.276796 9.514140e-01
-4.300000 1.303024 -6.906030 0.267382 9.536274e-01
-4.000000 1.288486 -6.442431 0.256747 9.561565e-01
-3.700000 1.272527 -5.980878 0.244651 9.590617e-01
-3.400000 1.254982 -5.521923 0.230789 9.624127e-01
-3.100000 1.235669 -5.066243 0.214787 9.662836e-01
-2.800000 1.214387 -4.614670 0.196206 9.707358e-01
-2.500000 1.190942 -4.168297 0.174601 9.757792e-01
-2.200000 1.165241 -3.728770 0.149692 9.812979e-01
-1.900000 1.137547 -3.298886 0.121779 9.869377e-01
-1.600000 1.108945 -2.883256 0.092437 9.920398e-01
-1.300000 1.081579 -2.487633 0.064850 9.958654e-01
-1.000000 1.057661 -2.115322 0.042292 9.981569e-01
-0.700000 1.037745 -1.764166 0.025598 9.992978e-01
-0.400000 1.020714 -1.428999 0.013208 9.998067e-01
-0.100000 1.005094 -1.105603 0.003117 9.999889e-01
0.200000 0.989804 -0.791843 0.006089 9.999563e-01
0.500000 0.974207 -0.487104 0.015204 9.997188e-01
0.800000 0.957953 -0.191591 0.024555 9.992418e-01
1.100000 15.470196 1.547020 1.454506 9.898946e-01
1.400000 0.924694 0.369878 0.044401 9.973444e-01
1.700000 0.907827 0.635479 0.054073 9.959197e-01
2.000000 0.891564 0.891564 0.063168 9.942363e-01
2.300000 0.876265 1.139145 0.071378 9.923955e-01
2.600000 0.862170 1.379472 0.078547 9.905059e-01
2.900000 0.849379 1.613821 0.084653 9.886590e-01
3.200000 0.837886 1.843348 0.089769 9.869175e-01
3.500000 0.827612 2.069029 0.094014 9.853164e-01
3.800000 0.818446 2.291648 0.097519 9.838690e-01
4.100000 0.810264 2.511819 0.100408 9.825751e-01
4.400000 0.802947 2.730019 0.102789 9.814261e-01
4.700000 0.796383 2.946615 0.104755 9.804097e-01
5.000000 0.790473 3.161891 0.106382 9.795121e-01
5.300000 0.785131 3.376065 0.107731 9.787198e-01
5.600000 0.780285 3.589309 0.108851 9.780199e-01
5.900000 0.775869 3.801759 0.109783 9.774008e-01
6.200000 0.771831 4.013523 0.110560 9.768524e-01
6.500000 0.768125 4.224688 0.111208 9.763655e-01
6.800000 0.764711 4.435326 0.111749 9.759323e-01
7.100000 0.761557 4.645496 0.112199 9.755461e-01
7.400000 0.758632 4.855248 0.112575 9.752008e-01
7.700000 0.755914 5.064623 0.112887 9.748914e-01
8.000000 0.753380 5.273657 0.113145 9.746135e-01
8.300000 0.751011 5.482381 0.113359 9.743633e-01
8.600000 0.748792 5.690822 0.113533 9.741376e-01
8.900000 0.746709 5.899003 0.113676 9.739334e-01
9.200000 0.744750 6.106946 0.113790 9.737482e-01
9.500000 0.742902 6.314669 0.113880 9.735801e-01
9.800000 0.741158 6.522188 0.113951 9.734270e-01
10.100000 0.739507 6.729518 0.114004 9.732873e-01
10.400000 0.737944 6.936673 0.114042 9.731596e-01
10.700000 0.736460 7.143664 0.114067 9.730427e-01
11.000000 0.735050 7.350503 0.114081 9.729354e-01
11.300000 0.733709 7.557199 0.114086 9.728367e-01
11.600000 0.732430 7.763761 0.114083 9.727459e-01
11.900000 0.731211 7.970199 0.114073 9.726622e-01
12.200000 0.730046 8.176519 0.114057 9.725848e-01
12.500000 0.728933 8.382728 0.114035 9.725132e-01
12.800000 0.727867 8.588834 0.114010 9.724469e-01
13.100000 0.726846 8.794841 0.113981 9.723853e-01
13.400000 0.725867 9.000757 0.113948 9.723281e-01
13.700000 0.724928 9.206584 0.113913 9.722750e-01
14.000000 0.724025 9.412330 0.113876 9.722254e-01
14.300000 0.723158 9.617997 0.113837 9.721792e-01
14.600000 0.722323 9.823590 0.113796 9.721360e-01
14.900000 0.721519 10.029113 0.113754 9.720957e-01
15.200000 0.720744 10.234569 0.113711 9.720580e-01
15.500000 0.719997 10.439962 0.113667 9.720226e-01
15.800000 0.719277 10.645295 0.113622 9.719895e-01
16.100000 0.718581 10.850570 0.113577 9.719584e-01
16.400000 0.717909 11.055791 0.113532 9.719292e-01
16.700000 0.717259 11.260960 0.113486 9.719017e-01
17.000000 0.716630 11.466079 0.113440 9.718759e-01
17.300000 0.716022 11.671152 0.113394 9.718515e-01
17.600000 0.715432 11.876179 0.113348 9.718286e-01
17.900000 0.714862 12.081163 0.113303 9.718070e-01
18.200000 0.714308 12.286106 0.113257 9.717866e-01
18.500000 0.713772 12.491009 0.113212 9.717673e-01
18.800000 0.713251 12.695875 0.113167 9.717491e-01
19.100000 0.712746 12.900705 0.113122 9.717319e-01
19.400000 0.712255 13.105500 0.113078 9.717156e-01
19.700000 0.711779 13.310262 0.113034 9.717002e-01
20.000000 0.711315 13.514993 0.112990 9.716856e-01
20.300000 0.710865 13.719693 0.112947 9.716718e-01
20.600000 0.710427 13.924364 0.112904 9.716586e-01
20.900000 0.710000 14.129007 0.112862 9.716462e-01
21.200000 0.709585 14.333623 0.112820 9.716344e-01
21.500000 0.709181 14.538213 0.112779 9.716231e-01
21.800000 0.708787 14.742779 0.112738 9.716125e-01
22.100000 0.708404 14.947321 0.112698 9.716023e-01
22.400000 0.708030 15.151840 0.112658 9.715927e-01
22.700000 0.707665 15.356337 0.112619 9.715835e-01
23.000000 0.707310 15.560812 0.112580 9.715747e-01
23.300000 0.706963 15.765268 0.112542 9.715664e-01
23.600000 0.706624 15.969703 0.112504 9.715585e-01
23.900000 0.706293 16.174120 0.112467 9.715509e-01
24.200000 0.705971 16.378519 0.112430 9.715437e-01
24.500000 0.705655 16.582900 0.112394 9.715368e-01
24.800000 0.705347 16.787265 0.112358 9.715303e-01
