1.355148 0.345344 9.302336e-01 0.715019 0.313143 8.186649e-01
1.280265 0.261158 9.541492e-01 0.823288 0.191350 9.412789e-01
1.203199 0.173076 9.766619e-01 0.912123 0.089208 9.890743e-01
1.140969 0.106295 9.900764e-01 0.965488 0.031200 9.987955e-01
1.095864 0.064349 9.960339e-01 0.990653 0.007313 9.999371e-01
1.061251 0.037844 9.985337e-01 0.999478 0.000358 9.999999e-01
1.030786 0.018101 9.996440e-01 0.998000 0.001254 9.999982e-01
1.000666 0.000391 9.999998e-01 0.987437 0.007526 9.999329e-01
0.969121 0.018270 9.995897e-01 0.966888 0.019527 9.995292e-01
0.935904 0.037730 9.981267e-01 0.935296 0.038035 9.980938e-01
0.901972 0.057499 9.953288e-01 0.892883 0.062740 9.943304e-01
0.869021 0.076124 9.912164e-01 0.841856 0.091565 9.865222e-01
0.838788 0.092169 9.862476e-01 0.786012 0.121200 9.732755e-01
0.812457 0.104828 9.811370e-01 0.729505 0.148413 9.543820e-01
0.790440 0.114052 9.765215e-01 0.675672 0.171124 9.310335e-01
0.772533 0.120309 9.727548e-01 0.626525 0.188621 9.052464e-01
0.758194 0.124263 9.699131e-01 0.582872 0.201179 8.790626e-01
0.746780 0.126546 9.679027e-01 0.544700 0.209537 8.540469e-01
0.737683 0.127674 9.665637e-01 0.511547 0.214547 8.311581e-01
0.730388 0.128027 9.657330e-01 0.482772 0.216985 8.108376e-01
0.724483 0.127875 9.652711e-01 0.457706 0.217500 7.931613e-01
0.719649 0.127405 9.650685e-01 0.435733 0.216607 7.779788e-01
0.715642 0.126743 9.650438e-01 0.416319 0.214706 7.650188e-01
0.712280 0.125971 9.651377e-01 0.399017 0.212109 7.539587e-01
0.709424 0.125148 9.653081e-01 0.383463 0.209054 7.444692e-01
0.706969 0.124310 9.655257e-01 0.369360 0.205723 7.362389e-01
0.704838 0.123479 9.657699e-01 0.356473 0.202255 7.289877e-01
0.702969 0.122673 9.660267e-01 0.344613 0.198753 7.224717e-01
0.701317 0.121899 9.662866e-01 0.333628 0.195292 7.164840e-01
0.699844 0.121163 9.665434e-01 0.323395 0.191929 7.108530e-01
0.698522 0.120467 9.667929e-01 0.313818 0.188701 7.054394e-01
0.697330 0.119811 9.670327e-01 0.304816 0.185631 7.001323e-01
