-25.000000 1.266678 -32.933633 0.261747 9.530052e-01
-24.700000 1.266111 -32.539060 0.261509 9.530465e-01
-24.400000 1.265532 -32.144515 0.261264 9.530893e-01
-24.100000 1.264940 -31.749997 0.261012 9.531337e-01
-23.800000 1.264335 -31.355509 0.260753 9.531798e-01
-23.500000 1.263716 -30.961051 0.260485 9.532278e-01
-23.200000 1.263084 -30.566626 0.260209 9.532776e-01
-22.900000 1.262437 -30.172234 0.259925 9.533294e-01
-22.600000 1.261774 -29.777878 0.259631 9.533833e-01
-22.300000 1.261097 -29.383559 0.259328 9.534394e-01
-22.000000 1.260403 -28.989278 0.259015 9.534978e-01
-21.700000 1.259693 -28.595038 0.258691 9.535587e-01
-21.400000 1.258966 -28.200841 0.258356 9.536221e-01
-21.100000 1.258221 -27.806688 0.258010 9.536883e-01
-20.800000 1.257458 -27.412581 0.257652 9.537573e-01
-20.500000 1.256675 -27.018523 0.257282 9.538293e-01
-20.200000 1.255873 -26.624516 0.256898 9.539045e-01
-19.900000 1.255051 -26.230563 0.256500 9.539832e-01
-19.600000 1.254207 -25.836665 0.256087 9.540654e-01
-19.300000 1.253341 -25.442825 0.255659 9.541513e-01
-19.000000 1.252452 -25.049047 0.255215 9.542413e-01
-18.700000 1.251540 -24.655333 0.254754 9.543355e-01
-18.400000 1.250602 -24.261686 0.254275 9.544342e-01
-18.100000 1.249639 -23.868108 0.253777 9.545377e-01
-17.800000 1.248649 -23.474604 0.253258 9.546463e-01
-17.500000 1.247631 -23.081177 0.252719 9.547602e-01
-17.200000 1.246584 -22.687830 0.252157 9.548798e-01
-16.900000 1.245506 -22.294566 0.251571 9.550055e-01
-16.600000 1.244397 -21.901390 0.250960 9.551377e-01
-16.300000 1.243255 -21.508306 0.250323 9.552767e-01
-16.000000 1.242078 -21.115318 0.249657 9.554231e-01
-15.700000 1.240864 -20.722430 0.248961 9.555772e-01
-15.400000 1.239613 -20.329647 0.248234 9.557397e-01
-15.100000 1.238321 -19.936975 0.247473 9.559111e-01
-14.800000 1.236988 -19.544416 0.246675 9.560920e-01
-14.500000 1.235612 -19.151979 0.245840 9.562830e-01
-14.200000 1.234189 -18.759667 0.244963 9.564849e-01
-13.900000 1.232717 -18.367487 0.244043 9.566984e-01
-13.600000 1.231195 -17.975444 0.243076 9.569244e-01
-13.300000 1.229619 -17.583546 0.242059 9.571638e-01
-13.000000 1.227986 -17.191800 0.240988 9.574175e-01
-12.700000 1.226293 -16.800212 0.239860 9.576867e-01
-12.400000 1.224537 -16.408790 0.238671 9.579725e-01
-12.100000 1.222713 -16.017542 0.237416 9.582762e-01
-11.800000 1.220819 -15.626477 0.236089 9.585991e-01
-11.500000 1.218848 -15.235604 0.234685 9.589428e-01
-11.200000 1.216798 -14.844932 0.233199 9.593090e-01
-10.900000 1.214661 -14.454472 0.231623 9.596994e-01
-10.600000 1.212434 -14.064233 0.229950 9.601161e-01
-10.300000 1.210109 -13.674229 0.228171 9.605613e-01
-10.000000 1.207679 -13.284471 0.226279 9.610374e-01
-9.700000 1.205138 -12.894973 0.224261 9.615470e-01
-9.400000 1.202476 -12.505748 0.222108 9.620931e-01
-9.100000 1.199684 -12.116811 0.219807 9.626789e-01
-8.800000 1.196753 -11.728180 0.217343 9.633080e-01
-8.500000 1.193671 -11.339871 0.214700 9.639843e-01
-8.200000 1.190424 -10.951903 0.211862 9.647122e-01
-7.900000 1.187000 -10.564298 0.208807 9.654965e-01
-7.600000 1.183381 -10.177078 0.205512 9.663425e-01
-7.300000 1.179550 -9.790267 0.201953 9.672559e-01
-7.000000 1.175487 -9.403893 0.198098 9.682433e-01
-6.700000 1.171167 -9.017987 0.193915 9.693116e-01
-6.400000 1.166565 -8.632584 0.189365 9.704685e-01
-6.100000 1.161651 -8.247722 0.184402 9.717220e-01
-5.800000 1.156390 -7.863449 0.178977 9.730808e-01
-5.500000 1.150742 -7.479822 0.173031 9.745538e-01
-5.200000 1.144663 -7.096909 0.166497 9.761495e-01
-4.900000 1.138102 -6.714800 0.159299 9.778756e-01
-4.600000 1.131002 -6.333612 0.151353 9.797377e-01
-4.300000 1.123304 -5.953510 0.142568 9.817371e-01
-4.000000 1.114945 -5.574727 0.132852 9.838678e-01
-3.700000 1.105874 -5.197608 0.122126 9.861116e-01
-3.400000 1.096061 -4.822670 0.110344 9.884310e-01
-3.100000 1.085533 -4.450686 0.097541 9.907618e-01
-2.800000 1.074412 -4.082767 0.083898 9.930075e-01
-2.500000 1.062970 -3.720395 0.069808 9.950440e-01
-2.200000 1.051643 -3.365257 0.055911 9.967464e-01
-1.900000 1.040966 -3.018801 0.042987 9.980345e-01
-1.600000 1.031405 -2.681653 0.031715 9.989093e-01
-1.300000 1.023194 -2.353345 0.022422 9.994457e-01
-1.000000 1.016296 -2.032593 0.015042 9.997471e-01
-0.700000 1.010511 -1.717868 0.009264 9.999029e-01
-0.400000 1.005588 -1.407824 0.004713 9.999746e-01
-0.100000 1.001312 -1.101443 0.001062 9.999987e-01
0.200000 0.997516 -0.798013 0.001936 9.999956e-01
0.500000 0.994081 -0.497040 0.004456 9.999768e-01
0.800000 0.990919 -0.198184 0.006614 9.999486e-01
1.100000 16.550630 1.655063 2.084365 9.820129e-01
1.400000 0.985285 0.394114 0.010190 9.998765e-01
1.700000 0.982700 0.687890 0.011687 9.998367e-01
2.000000 0.980253 0.980253 0.013040 9.997957e-01
2.300000 0.977928 1.271306 0.014272 9.997541e-01
2.600000 0.975710 1.561136 0.015400 9.997124e-01
2.900000 0.973590 1.849821 0.016437 9.996709e-01
3.200000 0.971559 2.137429 0.017395 9.996299e-01
3.500000 0.969609 2.424023 0.018281 9.995896e-01
3.800000 0.967736 2.709661 0.019104 9.995502e-01
4.100000 0.965933 2.994393 0.019869 9.995116e-01
4.400000 0.964197 3.278269 0.020580 9.994741e-01
4.700000 0.962522 3.561332 0.021244 9.994378e-01
5.000000 0.960906 3.843623 0.021862 9.994026e-01
5.300000 0.959345 4.125182 0.022440 9.993685e-01
5.600000 0.957835 4.406042 0.022979 9.993358e-01
5.900000 0.956375 4.686238 0.023482 9.993043e-01
6.200000 0.954962 4.965800 0.023953 9.992740e-01
6.500000 0.953592 5.244757 0.024392 9.992450e-01
6.800000 0.952265 5.523136 0.024803 9.992172e-01
7.100000 0.950977 5.800961 0.025187 9.991906e-01
7.400000 0.949728 6.078258 0.025545 9.991652e-01
7.700000 0.948514 6.355047 0.025880 9.991410e-01
8.000000 0.947336 6.631350 0.026194 9.991179e-01
8.300000 0.946190 6.907188 0.026487 9.990959e-01
8.600000 0.945076 7.182577 0.026761 9.990749e-01
8.900000 0.943992 7.457538 0.027017 9.990549e-01
9.200000 0.942937 7.732086 0.027257 9.990359e-01
9.500000 0.941910 8.006238 0.027482 9.990178e-01
9.800000 0.940910 8.280009 0.027693 9.990006e-01
10.100000 0.939936 8.553414 0.027891 9.989842e-01
10.400000 0.938986 8.826467 0.028077 9.989685e-01
10.700000 0.938060 9.099183 0.028252 9.989536e-01
11.000000 0.937157 9.371574 0.028417 9.989393e-01
11.300000 0.936277 9.643654 0.028572 9.989257e-01
11.600000 0.935418 9.915434 0.028719 9.989126e-01
11.900000 0.934580 10.186927 0.028859 9.989001e-01
12.200000 0.933763 10.458143 0.028991 9.988881e-01
12.500000 0.932965 10.729096 0.029116 9.988765e-01
12.800000 0.932186 10.999794 0.029236 9.988654e-01
13.100000 0.931426 11.270249 0.029350 9.988546e-01
13.400000 0.930683 11.540472 0.029459 9.988443e-01
13.700000 0.929958 11.810471 0.029564 9.988342e-01
14.000000 0.929250 12.080256 0.029664 9.988245e-01
14.300000 0.928559 12.349838 0.029761 9.988151e-01
14.600000 0.927884 12.619224 0.029855 9.988059e-01
14.900000 0.927225 12.888423 0.029945 9.987969e-01
15.200000 0.926581 13.157443 0.030033 9.987882e-01
15.500000 0.925951 13.426293 0.030118 9.987797e-01
15.800000 0.925337 13.694980 0.030200 9.987714e-01
16.100000 0.924736 13.963512 0.030281 9.987633e-01
16.400000 0.924149 14.231895 0.030359 9.987553e-01
16.700000 0.923576 14.500137 0.030435 9.987475e-01
17.000000 0.923015 14.768243 0.030509 9.987398e-01
17.300000 0.922468 15.036221 0.030582 9.987323e-01
17.600000 0.921932 15.304076 0.030653 9.987249e-01
17.900000 0.921409 15.571814 0.030723 9.987177e-01
18.200000 0.920898 15.839440 0.030791 9.987106e-01
18.500000 0.920398 16.106960 0.030858 9.987036e-01
18.800000 0.919909 16.374379 0.030924 9.986967e-01
19.100000 0.919431 16.641700 0.030988 9.986899e-01
19.400000 0.918964 16.908930 0.031051 9.986832e-01
19.700000 0.918506 17.176072 0.031113 9.986767e-01
20.000000 0.918059 17.443129 0.031174 9.986702e-01
20.300000 0.917622 17.710107 0.031233 9.986639e-01
20.600000 0.917194 17.977009 0.031292 9.986576e-01
20.900000 0.916776 18.243839 0.031349 9.986515e-01
21.200000 0.916366 18.510599 0.031405 9.986454e-01
21.500000 0.915966 18.777293 0.031461 9.986395e-01
21.800000 0.915573 19.043924 0.031515 9.986336e-01
22.100000 0.915189 19.310495 0.031568 9.986279e-01
22.400000 0.914814 19.577009 0.031620 9.986222e-01
22.700000 0.914446 19.843468 0.031672 9.986166e-01
23.000000 0.914085 20.109875 0.031722 9.986111e-01
23.300000 0.913732 20.376232 0.031771 9.986057e-01
23.600000 0.913387 20.642541 0.031820 9.986004e-01
23.900000 0.913048 20.908805 0.031867 9.985952e-01
24.200000 0.912717 21.175025 0.031914 9.985901e-01
24.500000 0.912392 21.441204 0.031959 9.985850e-01
24.800000 0.912073 21.707343 0.032004 9.985801e-01
