-25.000000 1.451637 -37.742567 0.360796 9.334107e-01
-24.700000 1.450990 -37.290448 0.360580 9.334298e-01
-24.400000 1.450328 -36.838331 0.360358 9.334496e-01
-24.100000 1.449650 -36.386218 0.360130 9.334702e-01
-23.800000 1.448956 -35.934108 0.359895 9.334916e-01
-23.500000 1.448245 -35.482001 0.359654 9.335138e-01
-23.200000 1.447516 -35.029898 0.359406 9.335370e-01
-22.900000 1.446770 -34.577799 0.359151 9.335611e-01
-22.600000 1.446004 -34.125704 0.358888 9.335862e-01
-22.300000 1.445219 -33.673614 0.358618 9.336124e-01
-22.000000 1.444414 -33.221528 0.358339 9.336397e-01
-21.700000 1.443588 -32.769447 0.358052 9.336682e-01
-21.400000 1.442740 -32.317371 0.357755 9.336979e-01
-21.100000 1.441869 -31.865301 0.357449 9.337291e-01
-20.800000 1.440974 -31.413237 0.357134 9.337616e-01
-20.500000 1.440055 -30.961179 0.356808 9.337956e-01
-20.200000 1.439110 -30.509128 0.356471 9.338313e-01
-19.900000 1.438138 -30.057085 0.356122 9.338687e-01
-19.600000 1.437138 -29.605049 0.355762 9.339079e-01
-19.300000 1.436109 -29.153021 0.355388 9.339490e-01
-19.000000 1.435050 -28.701003 0.355002 9.339923e-01
-18.700000 1.433959 -28.248994 0.354601 9.340377e-01
-18.400000 1.432835 -27.796996 0.354186 9.340855e-01
-18.100000 1.431676 -27.345009 0.353755 9.341358e-01
-17.800000 1.430481 -26.893035 0.353307 9.341889e-01
-17.500000 1.429247 -26.441073 0.352842 9.342448e-01
-17.200000 1.427974 -25.989127 0.352358 9.343039e-01
-16.900000 1.426659 -25.537196 0.351854 9.343663e-01
-16.600000 1.425300 -25.085282 0.351330 9.344323e-01
-16.300000 1.423895 -24.633387 0.350784 9.345021e-01
-16.000000 1.422442 -24.181512 0.350214 9.345761e-01
-15.700000 1.420938 -23.729660 0.349619 9.346546e-01
-15.400000 1.419380 -23.277833 0.348997 9.347380e-01
-15.100000 1.417766 -22.826033 0.348347 9.348266e-01
-14.800000 1.416093 -22.374263 0.347667 9.349208e-01
-14.500000 1.414356 -21.922525 0.346954 9.350212e-01
-14.200000 1.412554 -21.470824 0.346206 9.351283e-01
-13.900000 1.410682 -21.019163 0.345421 9.352427e-01
-13.600000 1.408736 -20.567546 0.344596 9.353650e-01
-13.300000 1.406712 -20.115979 0.343728 9.354959e-01
-13.000000 1.404605 -19.664466 0.342814 9.356363e-01
-12.700000 1.402410 -19.213013 0.341850 9.357871e-01
-12.400000 1.400121 -18.761628 0.340832 9.359492e-01
-12.100000 1.397734 -18.310317 0.339755 9.361238e-01
-11.800000 1.395241 -17.859090 0.338614 9.363121e-01
-11.500000 1.392636 -17.407955 0.337405 9.365157e-01
-11.200000 1.389912 -16.956923 0.336120 9.367361e-01
-10.900000 1.387059 -16.506007 0.334753 9.369751e-01
-10.600000 1.384071 -16.055218 0.333297 9.372349e-01
-10.300000 1.380936 -15.604572 0.331742 9.375177e-01
-10.000000 1.377644 -15.154085 0.330078 9.378263e-01
-9.700000 1.374185 -14.703774 0.328296 9.381637e-01
-9.400000 1.370544 -14.253661 0.326381 9.385334e-01
-9.100000 1.366709 -13.803766 0.324322 9.389394e-01
-8.800000 1.362665 -13.354113 0.322100 9.393861e-01
-8.500000 1.358393 -12.904730 0.319699 9.398788e-01
-8.200000 1.353874 -12.455644 0.317097 9.404234e-01
-7.900000 1.349088 -12.006887 0.314271 9.410268e-01
-7.600000 1.344011 -11.558494 0.311194 9.416967e-01
-7.300000 1.338615 -11.110500 0.307836 9.424420e-01
-7.000000 1.332868 -10.662948 0.304159 9.432731e-01
-6.700000 1.326738 -10.215879 0.300124 9.442016e-01
-6.400000 1.320182 -9.769343 0.295684 9.452411e-01
-6.100000 1.313154 -9.323393 0.290782 9.464073e-01
-5.800000 1.305601 -8.878087 0.285355 9.477180e-01
-5.500000 1.297461 -8.433493 0.279327 9.491938e-01
-5.200000 1.288660 -7.989691 0.272610 9.508587e-01
-4.900000 1.279114 -7.546771 0.265097 9.527403e-01
-4.600000 1.268722 -7.104845 0.256664 9.548701e-01
-4.300000 1.257368 -6.664050 0.247157 9.572844e-01
-4.000000 1.244912 -6.224558 0.236393 9.600240e-01
-3.700000 1.231190 -5.786593 0.224150 9.631331e-01
-3.400000 1.216012 -5.350452 0.210158 9.666563e-01
-3.100000 1.199160 -4.916555 0.194102 9.706312e-01
-2.800000 1.180403 -4.485530 0.175633 9.750707e-01
-2.500000 1.159540 -4.058388 0.154428 9.799275e-01
-2.200000 1.136524 -3.636877 0.130374 9.850308e-01
-1.900000 1.111734 -3.224028 0.103956 9.900032e-01
-1.600000 1.086377 -2.824579 0.076853 9.942537e-01
-1.300000 1.062571 -2.443913 0.052041 9.972375e-01
-1.000000 1.042342 -2.084684 0.032303 9.988921e-01
-0.700000 1.026253 -1.744630 0.018259 9.996346e-01
-0.400000 1.013526 -1.418936 0.008630 9.999163e-01
-0.100000 1.003104 -1.103415 0.001837 9.999961e-01
0.200000 0.994220 -0.795376 0.003207 9.999880e-01
0.500000 0.986414 -0.493207 0.007120 9.999398e-01
0.800000 0.979417 -0.195883 0.010241 9.998737e-01
1.100000 16.197802 1.619780 1.932887 9.838214e-01
1.400000 0.967274 0.386909 0.014862 9.997275e-01
1.700000 0.961909 0.673336 0.016575 9.996572e-01
2.000000 0.956930 0.956930 0.017999 9.995916e-01
2.300000 0.952283 1.237967 0.019190 9.995313e-01
2.600000 0.947924 1.516679 0.020192 9.994762e-01
2.900000 0.943820 1.793257 0.021044 9.994262e-01
3.200000 0.939940 2.067868 0.021774 9.993807e-01
3.500000 0.936261 2.340653 0.022406 9.993391e-01
3.800000 0.932763 2.611738 0.022959 9.993008e-01
4.100000 0.929429 2.881231 0.023450 9.992654e-01
4.400000 0.926245 3.149233 0.023892 9.992322e-01
4.700000 0.923198 3.415832 0.024294 9.992009e-01
5.000000 0.920278 3.681110 0.024666 9.991711e-01
5.300000 0.917475 3.945142 0.025014 9.991423e-01
5.600000 0.914782 4.207997 0.025344 9.991144e-01
5.900000 0.912192 4.469739 0.025661 9.990870e-01
6.200000 0.909698 4.730429 0.025968 9.990599e-01
6.500000 0.907295 4.990123 0.026268 9.990329e-01
6.800000 0.904978 5.248875 0.026563 9.990060e-01
7.100000 0.902743 5.506734 0.026855 9.989790e-01
7.400000 0.900586 5.763749 0.027145 9.989519e-01
7.700000 0.898502 6.019965 0.027433 9.989246e-01
8.000000 0.896489 6.275426 0.027720 9.988971e-01
8.300000 0.894544 6.530173 0.028006 9.988693e-01
8.600000 0.892664 6.784245 0.028291 9.988413e-01
8.900000 0.890845 7.037679 0.028575 9.988132e-01
9.200000 0.889087 7.290511 0.028857 9.987849e-01
9.500000 0.887385 7.542776 0.029137 9.987565e-01
9.800000 0.885739 7.794506 0.029415 9.987280e-01
10.100000 0.884146 8.045731 0.029690 9.986995e-01
10.400000 0.882604 8.296482 0.029961 9.986710e-01
10.700000 0.881112 8.546786 0.030229 9.986426e-01
11.000000 0.879667 8.796669 0.030493 9.986143e-01
11.300000 0.878268 9.046158 0.030752 9.985861e-01
11.600000 0.876913 9.295275 0.031007 9.985582e-01
11.900000 0.875600 9.544044 0.031257 9.985305e-01
12.200000 0.874329 9.792485 0.031502 9.985031e-01
12.500000 0.873097 10.040620 0.031742 9.984760e-01
12.800000 0.871904 10.288467 0.031976 9.984492e-01
13.100000 0.870747 10.536044 0.032204 9.984228e-01
13.400000 0.869627 10.783369 0.032427 9.983969e-01
13.700000 0.868540 11.030456 0.032644 9.983713e-01
14.000000 0.867486 11.277321 0.032855 9.983462e-01
14.300000 0.866465 11.523979 0.033061 9.983215e-01
14.600000 0.865474 11.770442 0.033261 9.982972e-01
14.900000 0.864512 12.016722 0.033456 9.982735e-01
15.200000 0.863580 12.262832 0.033645 9.982502e-01
15.500000 0.862675 12.508782 0.033828 9.982274e-01
15.800000 0.861796 12.754582 0.034006 9.982050e-01
16.100000 0.860943 13.000243 0.034179 9.981832e-01
16.400000 0.860115 13.245772 0.034347 9.981618e-01
16.700000 0.859311 13.491179 0.034510 9.981409e-01
17.000000 0.858529 13.736470 0.034668 9.981205e-01
17.300000 0.857770 13.981654 0.034821 9.981005e-01
17.600000 0.857032 14.226737 0.034969 9.980810e-01
17.900000 0.856315 14.471725 0.035113 9.980620e-01
18.200000 0.855618 14.716625 0.035253 9.980434e-01
18.500000 0.854940 14.961441 0.035388 9.980252e-01
18.800000 0.854280 15.206180 0.035520 9.980075e-01
19.100000 0.853638 15.450845 0.035647 9.979902e-01
19.400000 0.853013 15.695442 0.035770 9.979734e-01
19.700000 0.852405 15.939974 0.035890 9.979569e-01
20.000000 0.851813 16.184446 0.036006 9.979408e-01
20.300000 0.851236 16.428860 0.036119 9.979251e-01
20.600000 0.850675 16.673221 0.036228 9.979099e-01
20.900000 0.850127 16.917532 0.036334 9.978949e-01
21.200000 0.849594 17.161796 0.036437 9.978804e-01
21.500000 0.849074 17.406014 0.036537 9.978662e-01
21.800000 0.848567 17.650191 0.036633 9.978523e-01
22.100000 0.848072 17.894328 0.036727 9.978388e-01
22.400000 0.847590 18.138428 0.036819 9.978256e-01
22.700000 0.847119 18.382493 0.036907 9.978127e-01
23.000000 0.846660 18.626524 0.036993 9.978001e-01
23.300000 0.846212 18.870524 0.037077 9.977878e-01
23.600000 0.845774 19.114494 0.037158 9.977759e-01
23.900000 0.845347 19.358436 0.037237 9.977642e-01
24.200000 0.844929 19.602351 0.037314 9.977527e-01
24.500000 0.844521 19.846241 0.037389 9.977416e-01
24.800000 0.844122 20.090107 0.037461 9.977307e-01
