1.302881 0.307490 9.395629e-01 0.739969 0.293060 8.466406e-01
1.233248 0.226228 9.625925e-01 0.840691 0.175227 9.522256e-01
1.163054 0.144879 9.823957e-01 0.921629 0.080824 9.911965e-01
1.106850 0.084025 9.933888e-01 0.969835 0.028017 9.990372e-01
1.066801 0.045945 9.978625e-01 0.992216 0.006351 9.999527e-01
1.038137 0.023044 9.994313e-01 0.999601 0.000285 9.999999e-01
1.016322 0.008548 9.999183e-01 0.998641 0.000861 9.999991e-01
0.998692 0.001392 9.999978e-01 0.992553 0.004229 9.999790e-01
0.983857 0.008380 9.999162e-01 0.982969 0.008752 9.999085e-01
0.971060 0.013545 9.997754e-01 0.970856 0.013620 9.997728e-01
0.959835 0.017375 9.996217e-01 0.956860 0.018383 9.995740e-01
0.949865 0.020227 9.994766e-01 0.941433 0.022796 9.993233e-01
0.940912 0.022357 9.993484e-01 0.924894 0.026754 9.990347e-01
0.932798 0.023956 9.992389e-01 0.907468 0.030235 9.987197e-01
0.925385 0.025167 9.991465e-01 0.889322 0.033277 9.983857e-01
0.918564 0.026099 9.990686e-01 0.870580 0.035949 9.980347e-01
0.912253 0.026834 9.990017e-01 0.851342 0.038342 9.976631e-01
0.906384 0.027435 9.989430e-01 0.831691 0.040560 9.972609e-01
0.900905 0.027950 9.988897e-01 0.811702 0.042719 9.968116e-01
0.895774 0.028416 9.988392e-01 0.791440 0.044939 9.962905e-01
0.890954 0.028860 9.987897e-01 0.770966 0.047341 9.956645e-01
0.886419 0.029304 9.987395e-01 0.750337 0.050034 9.948912e-01
0.882143 0.029760 9.986874e-01 0.729607 0.053106 9.939189e-01
0.878108 0.030237 9.986325e-01 0.708828 0.056615 9.926865e-01
0.874294 0.030740 9.985744e-01 0.688049 0.060587 9.911248e-01
0.870688 0.031269 9.985127e-01 0.667318 0.065015 9.891570e-01
0.867276 0.031822 9.984476e-01 0.646681 0.069864 9.867006e-01
0.864047 0.032395 9.983793e-01 0.626181 0.075079 9.836690e-01
0.860991 0.032983 9.983081e-01 0.605862 0.080596 9.799731e-01
0.858098 0.033580 9.982346e-01 0.585764 0.086341 9.755234e-01
0.855361 0.034179 9.981594e-01 0.565924 0.092243 9.702317e-01
0.852772 0.034776 9.980832e-01 0.546379 0.098233 9.640137e-01
0.850324 0.035364 9.980065e-01 0.527162 0.104247 9.567900e-01
0.848009 0.035940 9.979300e-01 0.508303 0.110229 9.484888e-01
0.845823 0.036499 9.978542e-01 0.489831 0.116128 9.390471e-01
0.843758 0.037037 9.977797e-01 0.471771 0.121903 9.284129e-01
0.841810 0.037554 9.977070e-01 0.454144 0.127519 9.165464e-01
0.839973 0.038045 9.976364e-01 0.436969 0.132949 9.034215e-01
0.838242 0.038511 9.975683e-01 0.420263 0.138169 8.890269e-01
0.836611 0.038951 9.975029e-01 0.404037 0.143164 8.733675e-01
0.835075 0.039364 9.974405e-01 0.388303 0.147922 8.564643e-01
0.833631 0.039750 9.973811e-01 0.373067 0.152438 8.383552e-01
0.832273 0.040110 9.973249e-01 0.358334 0.156706 8.190950e-01
0.830997 0.040444 9.972719e-01 0.344106 0.160726 7.987545e-01
0.829798 0.040754 9.972222e-01 0.330383 0.164502 7.774199e-01
0.828673 0.041039 9.971756e-01 0.317161 0.168036 7.551912e-01
0.827617 0.041302 9.971321e-01 0.304437 0.171336 7.321805e-01
0.826626 0.041543 9.970917e-01 0.292205 0.174407 7.085101e-01
