-25.000000 1.658479 -43.120443 0.543409 8.896941e-01
-24.700000 1.657700 -42.602896 0.543134 8.897014e-01
-24.400000 1.656904 -42.085351 0.542851 8.897091e-01
-24.100000 1.656088 -41.567809 0.542562 8.897172e-01
-23.800000 1.655253 -41.050269 0.542265 8.897256e-01
-23.500000 1.654397 -40.532731 0.541960 8.897345e-01
-23.200000 1.653521 -40.015196 0.541647 8.897439e-01
-22.900000 1.652622 -39.497664 0.541325 8.897537e-01
-22.600000 1.651701 -38.980135 0.540995 8.897641e-01
-22.300000 1.650756 -38.462608 0.540655 8.897750e-01
-22.000000 1.649786 -37.945085 0.540306 8.897865e-01
-21.700000 1.648791 -37.427566 0.539947 8.897986e-01
-21.400000 1.647770 -36.910049 0.539578 8.898113e-01
-21.100000 1.646721 -36.392537 0.539197 8.898248e-01
-20.800000 1.645644 -35.875029 0.538805 8.898390e-01
-20.500000 1.644536 -35.357525 0.538401 8.898540e-01
-20.200000 1.643397 -34.840025 0.537985 8.898698e-01
-19.900000 1.642226 -34.322530 0.537556 8.898866e-01
-19.600000 1.641021 -33.805039 0.537113 8.899043e-01
-19.300000 1.639781 -33.287555 0.536655 8.899231e-01
-19.000000 1.638504 -32.770075 0.536183 8.899430e-01
-18.700000 1.637188 -32.252602 0.535695 8.899641e-01
-18.400000 1.635832 -31.735135 0.535190 8.899864e-01
-18.100000 1.634433 -31.217674 0.534667 8.900102e-01
-17.800000 1.632990 -30.700221 0.534127 8.900354e-01
-17.500000 1.631501 -30.182775 0.533567 8.900622e-01
-17.200000 1.629964 -29.665338 0.532986 8.900907e-01
-16.900000 1.628375 -29.147909 0.532384 8.901211e-01
-16.600000 1.626732 -28.630490 0.531759 8.901534e-01
-16.300000 1.625034 -28.113081 0.531110 8.901879e-01
-16.000000 1.623275 -27.595683 0.530435 8.902248e-01
-15.700000 1.621455 -27.078298 0.529733 8.902642e-01
-15.400000 1.619569 -26.560926 0.529003 8.903063e-01
-15.100000 1.617613 -26.043568 0.528242 8.903515e-01
-14.800000 1.615584 -25.526226 0.527449 8.903999e-01
-14.500000 1.613477 -25.008901 0.526621 8.904518e-01
-14.200000 1.611289 -24.491596 0.525756 8.905077e-01
-13.900000 1.609014 -23.974311 0.524852 8.905678e-01
-13.600000 1.606647 -23.457051 0.523906 8.906325e-01
-13.300000 1.604183 -22.939817 0.522914 8.907025e-01
-13.000000 1.601615 -22.422612 0.521874 8.907781e-01
-12.700000 1.598937 -21.905440 0.520783 8.908600e-01
-12.400000 1.596142 -21.388306 0.519635 8.909488e-01
-12.100000 1.593222 -20.871213 0.518426 8.910454e-01
-11.800000 1.590169 -20.354167 0.517152 8.911507e-01
-11.500000 1.586974 -19.837175 0.515807 8.912655e-01
-11.200000 1.583627 -19.320243 0.514386 8.913912e-01
-10.900000 1.580116 -18.803381 0.512880 8.915291e-01
-10.600000 1.576431 -18.286598 0.511282 8.916808e-01
-10.300000 1.572558 -17.769905 0.509584 8.918480e-01
-10.000000 1.568483 -17.253316 0.507776 8.920330e-01
-9.700000 1.564191 -16.736846 0.505847 8.922383e-01
-9.400000 1.559665 -16.220512 0.503784 8.924668e-01
-9.100000 1.554885 -15.704336 0.501572 8.927221e-01
-8.800000 1.549831 -15.188342 0.499194 8.930082e-01
-8.500000 1.544480 -14.672557 0.496632 8.933302e-01
-8.200000 1.538806 -14.157014 0.493863 8.936940e-01
-7.900000 1.532781 -13.641751 0.490860 8.941065e-01
-7.600000 1.526373 -13.126811 0.487595 8.945763e-01
-7.300000 1.519548 -12.612245 0.484031 8.951135e-01
-7.000000 1.512264 -12.098109 0.480126 8.957304e-01
-6.700000 1.504477 -11.584472 0.475833 8.964417e-01
-6.400000 1.496136 -11.071409 0.471094 8.972653e-01
-6.100000 1.487184 -10.559007 0.465839 8.982228e-01
-5.800000 1.477554 -10.047365 0.459988 8.993404e-01
-5.500000 1.467169 -9.536596 0.453444 9.006500e-01
-5.200000 1.455939 -9.026824 0.446090 9.021904e-01
-4.900000 1.443762 -8.518195 0.437786 9.040091e-01
-4.600000 1.430512 -8.010866 0.428361 9.061643e-01
-4.300000 1.416041 -7.505017 0.417605 9.087277e-01
-4.000000 1.400169 -7.000847 0.405262 9.117876e-01
-3.700000 1.382676 -6.498578 0.391011 9.154532e-01
-3.400000 1.363286 -5.998458 0.374447 9.198595e-01
-3.100000 1.341652 -5.500771 0.355058 9.251718e-01
-2.800000 1.317329 -5.005852 0.332186 9.315895e-01
-2.500000 1.289752 -4.514133 0.304989 9.393400e-01
-2.200000 1.258210 -4.026271 0.272408 9.486472e-01
-1.900000 1.221902 -3.543514 0.233251 9.596171e-01
-1.600000 1.180305 -3.068793 0.186728 9.719080e-01
-1.300000 1.134531 -2.609421 0.134446 9.840411e-01
-1.000000 1.089820 -2.179640 0.084010 9.931843e-01
-0.700000 1.053658 -1.791219 0.046055 9.977985e-01
-0.400000 1.027175 -1.438045 0.021703 9.994847e-01
-0.100000 1.006296 -1.106926 0.004808 9.999736e-01
0.200000 0.988023 -0.790418 0.008911 9.999061e-01
0.500000 0.971193 -0.485597 0.021070 9.994568e-01
0.800000 0.955480 -0.191096 0.032124 9.986963e-01
1.100000 15.433947 1.543395 1.357927 9.911395e-01
1.400000 0.927150 0.370860 0.051257 9.964828e-01
1.700000 0.914453 0.640117 0.059407 9.951498e-01
2.000000 0.902650 0.902650 0.066690 9.937356e-01
2.300000 0.891662 1.159161 0.073183 9.922806e-01
2.600000 0.881414 1.410263 0.078963 9.908166e-01
2.900000 0.871841 1.656498 0.084098 9.893689e-01
3.200000 0.862890 1.898358 0.088649 9.879580e-01
3.500000 0.854519 2.136298 0.092667 9.866011e-01
3.800000 0.846696 2.370748 0.096197 9.853120e-01
4.100000 0.839389 2.602107 0.099281 9.841011e-01
4.400000 0.832574 2.830750 0.101958 9.829760e-01
4.700000 0.826222 3.057021 0.104266 9.819406e-01
5.000000 0.820308 3.281231 0.106243 9.809963e-01
5.300000 0.814804 3.503658 0.107924 9.801417e-01
5.600000 0.809684 3.724547 0.109343 9.793736e-01
5.900000 0.804921 3.944113 0.110532 9.786873e-01
6.200000 0.800488 4.162539 0.111521 9.780771e-01
6.500000 0.796361 4.379984 0.112335 9.775369e-01
6.800000 0.792514 4.596583 0.113000 9.770602e-01
7.100000 0.788926 4.812451 0.113536 9.766408e-01
7.400000 0.785576 5.027685 0.113963 9.762727e-01
7.700000 0.782443 5.242368 0.114296 9.759502e-01
8.000000 0.779510 5.456569 0.114551 9.756680e-01
8.300000 0.776760 5.670348 0.114738 9.754215e-01
8.600000 0.774178 5.883754 0.114869 9.752063e-01
8.900000 0.771751 6.096831 0.114952 9.750186e-01
9.200000 0.769465 6.309614 0.114996 9.748551e-01
9.500000 0.767310 6.522136 0.115006 9.747128e-01
9.800000 0.765275 6.734422 0.114989 9.745890e-01
10.100000 0.763351 6.946495 0.114948 9.744815e-01
10.400000 0.761529 7.158376 0.114889 9.743882e-01
10.700000 0.759802 7.370081 0.114814 9.743074e-01
11.000000 0.758163 7.581626 0.114726 9.742376e-01
11.300000 0.756604 7.793023 0.114627 9.741774e-01
11.600000 0.755121 8.004285 0.114520 9.741257e-01
11.900000 0.753708 8.215422 0.114406 9.740814e-01
12.200000 0.752361 8.426443 0.114287 9.740437e-01
12.500000 0.751074 8.637356 0.114164 9.740117e-01
12.800000 0.749845 8.848168 0.114037 9.739848e-01
13.100000 0.748668 9.058886 0.113908 9.739625e-01
13.400000 0.747542 9.269517 0.113778 9.739441e-01
13.700000 0.746462 9.480065 0.113647 9.739292e-01
14.000000 0.745426 9.690536 0.113516 9.739173e-01
14.300000 0.744431 9.900934 0.113385 9.739083e-01
14.600000 0.743475 10.111264 0.113254 9.739016e-01
14.900000 0.742556 10.321529 0.113124 9.738971e-01
15.200000 0.741671 10.531733 0.112995 9.738945e-01
15.500000 0.740819 10.741880 0.112867 9.738936e-01
15.800000 0.739998 10.951972 0.112741 9.738941e-01
16.100000 0.739206 11.162013 0.112616 9.738960e-01
16.400000 0.738442 11.372005 0.112493 9.738990e-01
16.700000 0.737704 11.581952 0.112372 9.739029e-01
17.000000 0.736991 11.791854 0.112252 9.739078e-01
17.300000 0.736302 12.001715 0.112135 9.739135e-01
17.600000 0.735635 12.211537 0.112019 9.739198e-01
17.900000 0.734989 12.421321 0.111906 9.739268e-01
18.200000 0.734365 12.631071 0.111794 9.739342e-01
18.500000 0.733759 12.840786 0.111685 9.739421e-01
18.800000 0.733172 13.050470 0.111577 9.739504e-01
19.100000 0.732603 13.260123 0.111472 9.739590e-01
19.400000 0.732052 13.469748 0.111368 9.739679e-01
19.700000 0.731516 13.679345 0.111267 9.739770e-01
20.000000 0.730996 13.888916 0.111167 9.739863e-01
20.300000 0.730490 14.098462 0.111070 9.739957e-01
20.600000 0.729999 14.307985 0.110974 9.740053e-01
20.900000 0.729522 14.517485 0.110880 9.740149e-01
21.200000 0.729058 14.726964 0.110789 9.740247e-01
21.500000 0.728606 14.936423 0.110699 9.740344e-01
21.800000 0.728166 15.145862 0.110610 9.740442e-01
22.100000 0.727739 15.355283 0.110524 9.740541e-01
22.400000 0.727322 15.564686 0.110439 9.740638e-01
22.700000 0.726916 15.774072 0.110356 9.740736e-01
23.000000 0.726520 15.983443 0.110275 9.740833e-01
23.300000 0.726134 16.192798 0.110195 9.740930e-01
23.600000 0.725758 16.402139 0.110117 9.741026e-01
23.900000 0.725392 16.611467 0.110041 9.741122e-01
24.200000 0.725034 16.820780 0.109966 9.741217e-01
24.500000 0.724684 17.030082 0.109892 9.741311e-01
24.800000 0.724343 17.239371 0.109820 9.741404e-01
