1.486905 0.297549 9.557980e-01 0.495739 0.294539 7.103953e-01
1.453210 0.285560 9.573111e-01 0.574727 0.265985 8.016985e-01
1.411215 0.265894 9.606174e-01 0.660599 0.225739 8.811712e-01
1.360527 0.236842 9.661867e-01 0.749091 0.175204 9.405795e-01
1.302443 0.198552 9.738631e-01 0.833163 0.119959 9.766195e-01
1.240572 0.154350 9.824369e-01 0.904282 0.069172 9.932879e-01
1.180043 0.110150 9.900379e-01 0.955828 0.031398 9.987554e-01
1.125194 0.071482 9.953608e-01 0.986172 0.009819 9.998855e-01
1.077673 0.040769 9.983500e-01 0.998232 0.001949 9.999956e-01
1.036447 0.017152 9.996838e-01 0.996301 0.002928 9.999900e-01
0.998990 0.002624 9.999920e-01 0.983249 0.009510 9.998920e-01
0.962418 0.020146 9.994942e-01 0.959465 0.021109 9.994413e-01
0.924284 0.039243 9.979225e-01 0.923175 0.039304 9.979111e-01
0.883305 0.060990 9.945243e-01 0.871878 0.066563 9.933140e-01
0.840041 0.085065 9.882967e-01 0.804784 0.103930 9.811044e-01
0.796953 0.109310 9.787360e-01 0.725118 0.148777 9.536377e-01
0.757332 0.130824 9.666870e-01 0.640057 0.194981 9.032034e-01
0.723695 0.147587 9.541716e-01 0.557814 0.236040 8.286483e-01
0.696940 0.159192 9.431715e-01 0.484409 0.268115 7.386682e-01
