-25.000000 1.349175 -35.078547 0.164272 9.831677e-01
-24.700000 1.348557 -34.657917 0.164188 9.831695e-01
-24.400000 1.347925 -34.237293 0.164102 9.831713e-01
-24.100000 1.347278 -33.816675 0.164014 9.831733e-01
-23.800000 1.346615 -33.396063 0.163923 9.831754e-01
-23.500000 1.345937 -32.975457 0.163829 9.831776e-01
-23.200000 1.345242 -32.554857 0.163733 9.831800e-01
-22.900000 1.344530 -32.134264 0.163633 9.831825e-01
-22.600000 1.343800 -31.713678 0.163531 9.831852e-01
-22.300000 1.343051 -31.293100 0.163425 9.831882e-01
-22.000000 1.342284 -30.872528 0.163317 9.831913e-01
-21.700000 1.341496 -30.451965 0.163204 9.831947e-01
-21.400000 1.340688 -30.031409 0.163088 9.831983e-01
-21.100000 1.339858 -29.610862 0.162968 9.832022e-01
-20.800000 1.339006 -29.190324 0.162843 9.832064e-01
-20.500000 1.338130 -28.769794 0.162715 9.832109e-01
-20.200000 1.337230 -28.349274 0.162581 9.832158e-01
-19.900000 1.336305 -27.928765 0.162443 9.832210e-01
-19.600000 1.335353 -27.508265 0.162299 9.832267e-01
-19.300000 1.334373 -27.087777 0.162150 9.832329e-01
-19.000000 1.333365 -26.667300 0.161994 9.832396e-01
-18.700000 1.332327 -26.246835 0.161833 9.832468e-01
-18.400000 1.331257 -25.826383 0.161664 9.832546e-01
-18.100000 1.330154 -25.405945 0.161489 9.832631e-01
-17.800000 1.329017 -24.985521 0.161305 9.832724e-01
-17.500000 1.327844 -24.565112 0.161114 9.832824e-01
-17.200000 1.326633 -24.144719 0.160913 9.832934e-01
-16.900000 1.325382 -23.724343 0.160703 9.833053e-01
-16.600000 1.324090 -23.303985 0.160483 9.833183e-01
-16.300000 1.322754 -22.883646 0.160252 9.833324e-01
-16.000000 1.321372 -22.463328 0.160009 9.833479e-01
-15.700000 1.319942 -22.043032 0.159753 9.833647e-01
-15.400000 1.318461 -21.622760 0.159484 9.833832e-01
-15.100000 1.316926 -21.202513 0.159200 9.834034e-01
-14.800000 1.315335 -20.782293 0.158900 9.834255e-01
-14.500000 1.313684 -20.362101 0.158583 9.834497e-01
-14.200000 1.311970 -19.941942 0.158247 9.834762e-01
-13.900000 1.310189 -19.521816 0.157890 9.835053e-01
-13.600000 1.308337 -19.101727 0.157512 9.835373e-01
-13.300000 1.306411 -18.681677 0.157109 9.835725e-01
-13.000000 1.304405 -18.261670 0.156680 9.836111e-01
-12.700000 1.302315 -17.841710 0.156223 9.836536e-01
-12.400000 1.300134 -17.421800 0.155734 9.837004e-01
-12.100000 1.297858 -17.001945 0.155211 9.837520e-01
-11.800000 1.295481 -16.582151 0.154651 9.838088e-01
-11.500000 1.292994 -16.162422 0.154050 9.838716e-01
-11.200000 1.290391 -15.742766 0.153404 9.839408e-01
-10.900000 1.287663 -15.323190 0.152708 9.840174e-01
-10.600000 1.284802 -14.903701 0.151959 9.841019e-01
-10.300000 1.281797 -14.484310 0.151150 9.841955e-01
-10.000000 1.278639 -14.065026 0.150274 9.842990e-01
-9.700000 1.275314 -13.645862 0.149327 9.844137e-01
-9.400000 1.271811 -13.226833 0.148299 9.845408e-01
-9.100000 1.268114 -12.807955 0.147182 9.846817e-01
-8.800000 1.264209 -12.389248 0.145966 9.848380e-01
-8.500000 1.260077 -11.970735 0.144642 9.850115e-01
-8.200000 1.255700 -11.552443 0.143195 9.852043e-01
-7.900000 1.251057 -11.134406 0.141613 9.854187e-01
-7.600000 1.246124 -10.716663 0.139879 9.856573e-01
-7.300000 1.240875 -10.299262 0.137975 9.859230e-01
-7.000000 1.235283 -9.882263 0.135880 9.862192e-01
-6.700000 1.229316 -9.465735 0.133569 9.865498e-01
-6.400000 1.222942 -9.049768 0.131015 9.869191e-01
-6.100000 1.216122 -8.634466 0.128185 9.873320e-01
-5.800000 1.208818 -8.219963 0.125041 9.877940e-01
-5.500000 1.200987 -7.806419 0.121540 9.883110e-01
-5.200000 1.192586 -7.394032 0.117633 9.888890e-01
-4.900000 1.183567 -6.983047 0.113269 9.895338e-01
-4.600000 1.173888 -6.573770 0.108392 9.902499e-01
-4.300000 1.163507 -6.166586 0.102952 9.910392e-01
-4.000000 1.152397 -5.761985 0.096912 9.918990e-01
-3.700000 1.140553 -5.360600 0.090258 9.928198e-01
-3.400000 1.128011 -4.963248 0.083019 9.937836e-01
-3.100000 1.114867 -4.570956 0.075274 9.947629e-01
-2.800000 1.101302 -4.184948 0.067157 9.957240e-01
-2.500000 1.087581 -3.806533 0.058827 9.966327e-01
-2.200000 1.074028 -3.436890 0.050436 9.974598e-01
-1.900000 1.060971 -3.076816 0.042110 9.981840e-01
-1.600000 1.048680 -2.726567 0.033971 9.987896e-01
-1.300000 1.037336 -2.385872 0.026169 9.992656e-01
-1.000000 1.027031 -2.054063 0.018883 9.996098e-01
-0.700000 1.017784 -1.730233 0.012279 9.998320e-01
-0.400000 1.009551 -1.413371 0.006467 9.999526e-01
-0.100000 1.002247 -1.102472 0.001482 9.999975e-01
0.200000 0.995762 -0.796610 0.002709 9.999915e-01
0.500000 0.989979 -0.494989 0.006181 9.999550e-01
0.800000 0.984785 -0.196957 0.009032 9.999029e-01
1.100000 16.361050 1.636105 1.999419 9.830456e-01
1.400000 0.975796 0.390319 0.013260 9.997868e-01
1.700000 0.971842 0.680290 0.014804 9.997321e-01
2.000000 0.968173 0.968173 0.016061 9.996823e-01
2.300000 0.964744 1.254167 0.017087 9.996379e-01
2.600000 0.961521 1.538434 0.017923 9.995989e-01
2.900000 0.958477 1.821106 0.018606 9.995650e-01
3.200000 0.955589 2.102295 0.019164 9.995357e-01
3.500000 0.952839 2.382098 0.019620 9.995106e-01
3.800000 0.950214 2.660599 0.019991 9.994891e-01
4.100000 0.947702 2.937876 0.020294 9.994707e-01
4.400000 0.945293 3.213995 0.020541 9.994550e-01
4.700000 0.942979 3.489022 0.020742 9.994416e-01
5.000000 0.940753 3.763014 0.020905 9.994301e-01
5.300000 0.938611 4.036026 0.021038 9.994202e-01
5.600000 0.936546 4.308112 0.021147 9.994116e-01
5.900000 0.934555 4.579320 0.021236 9.994041e-01
6.200000 0.932634 4.849698 0.021311 9.993974e-01
6.500000 0.930780 5.119289 0.021374 9.993914e-01
6.800000 0.928989 5.388138 0.021429 9.993859e-01
7.100000 0.927260 5.656286 0.021478 9.993808e-01
7.400000 0.925589 5.923772 0.021523 9.993759e-01
7.700000 0.923975 6.190634 0.021566 9.993713e-01
8.000000 0.922415 6.456908 0.021608 9.993667e-01
8.300000 0.920908 6.722629 0.021649 9.993622e-01
8.600000 0.919451 6.987829 0.021692 9.993576e-01
8.900000 0.918043 7.252541 0.021735 9.993531e-01
9.200000 0.916682 7.516793 0.021781 9.993485e-01
9.500000 0.915366 7.780613 0.021828 9.993438e-01
9.800000 0.914094 8.044030 0.021877 9.993390e-01
10.100000 0.912864 8.307067 0.021927 9.993341e-01
10.400000 0.911675 8.569748 0.021980 9.993292e-01
10.700000 0.910525 8.832095 0.022034 9.993242e-01
11.000000 0.909413 9.094131 0.022089 9.993191e-01
11.300000 0.908337 9.355873 0.022145 9.993140e-01
11.600000 0.907296 9.617341 0.022203 9.993089e-01
11.900000 0.906289 9.878551 0.022261 9.993037e-01
12.200000 0.905314 10.139520 0.022320 9.992985e-01
12.500000 0.904371 10.400262 0.022379 9.992933e-01
12.800000 0.903457 10.660791 0.022439 9.992881e-01
13.100000 0.902572 10.921121 0.022498 9.992830e-01
13.400000 0.901715 11.181263 0.022557 9.992779e-01
13.700000 0.900884 11.441228 0.022615 9.992728e-01
14.000000 0.900079 11.701027 0.022673 9.992677e-01
14.300000 0.899298 11.960670 0.022730 9.992628e-01
14.600000 0.898542 12.220165 0.022787 9.992579e-01
14.900000 0.897807 12.479522 0.022842 9.992530e-01
15.200000 0.897095 12.738747 0.022896 9.992483e-01
15.500000 0.896403 12.997848 0.022950 9.992436e-01
15.800000 0.895732 13.256831 0.023002 9.992390e-01
16.100000 0.895080 13.515704 0.023053 9.992346e-01
16.400000 0.894446 13.774471 0.023102 9.992302e-01
16.700000 0.893831 14.033139 0.023151 9.992259e-01
17.000000 0.893232 14.291713 0.023198 9.992217e-01
17.300000 0.892650 14.550196 0.023244 9.992176e-01
17.600000 0.892084 14.808594 0.023288 9.992136e-01
17.900000 0.891533 15.066911 0.023331 9.992097e-01
18.200000 0.890997 15.325150 0.023373 9.992059e-01
18.500000 0.890475 15.583316 0.023413 9.992023e-01
18.800000 0.889967 15.841411 0.023452 9.991987e-01
19.100000 0.889472 16.099440 0.023490 9.991952e-01
19.400000 0.888989 16.357404 0.023527 9.991918e-01
19.700000 0.888519 16.615307 0.023562 9.991886e-01
20.000000 0.888061 16.873151 0.023596 9.991854e-01
20.300000 0.887613 17.130939 0.023629 9.991823e-01
20.600000 0.887177 17.388674 0.023660 9.991793e-01
20.900000 0.886752 17.646357 0.023691 9.991764e-01
21.200000 0.886336 17.903990 0.023720 9.991736e-01
21.500000 0.885931 18.161576 0.023748 9.991709e-01
21.800000 0.885534 18.419117 0.023775 9.991682e-01
22.100000 0.885148 18.676614 0.023801 9.991657e-01
22.400000 0.884770 18.934068 0.023826 9.991632e-01
22.700000 0.884400 19.191483 0.023850 9.991609e-01
23.000000 0.884039 19.448858 0.023873 9.991585e-01
23.300000 0.883686 19.706196 0.023895 9.991563e-01
23.600000 0.883341 19.963498 0.023916 9.991542e-01
23.900000 0.883003 20.220765 0.023937 9.991521e-01
24.200000 0.882672 20.477998 0.023956 9.991501e-01
24.500000 0.882349 20.735200 0.023975 9.991481e-01
24.800000 0.882032 20.992370 0.023992 9.991463e-01
