-25.000000 1.551171 -40.330450 0.258455 9.689352e-01
-24.700000 1.550446 -39.846459 0.258324 9.689375e-01
-24.400000 1.549704 -39.362469 0.258189 9.689400e-01
-24.100000 1.548943 -38.878481 0.258051 9.689427e-01
-23.800000 1.548165 -38.394495 0.257910 9.689455e-01
-23.500000 1.547368 -37.910510 0.257764 9.689485e-01
-23.200000 1.546551 -37.426527 0.257614 9.689516e-01
-22.900000 1.545713 -36.942546 0.257461 9.689550e-01
-22.600000 1.544855 -36.458567 0.257302 9.689585e-01
-22.300000 1.543974 -35.974591 0.257140 9.689623e-01
-22.000000 1.543070 -35.490616 0.256972 9.689663e-01
-21.700000 1.542143 -35.006645 0.256800 9.689705e-01
-21.400000 1.541191 -34.522676 0.256622 9.689750e-01
-21.100000 1.540213 -34.038710 0.256439 9.689798e-01
-20.800000 1.539209 -33.554747 0.256250 9.689849e-01
-20.500000 1.538176 -33.070788 0.256054 9.689904e-01
-20.200000 1.537115 -32.586832 0.255853 9.689962e-01
-19.900000 1.536023 -32.102881 0.255645 9.690024e-01
-19.600000 1.534900 -31.618933 0.255430 9.690090e-01
-19.300000 1.533743 -31.134990 0.255207 9.690160e-01
-19.000000 1.532553 -30.651051 0.254977 9.690236e-01
-18.700000 1.531326 -30.167118 0.254739 9.690317e-01
-18.400000 1.530061 -29.683189 0.254492 9.690404e-01
-18.100000 1.528757 -29.199267 0.254235 9.690497e-01
-17.800000 1.527412 -28.715350 0.253969 9.690596e-01
-17.500000 1.526024 -28.231440 0.253693 9.690704e-01
-17.200000 1.524590 -27.747537 0.253406 9.690819e-01
-16.900000 1.523108 -27.263641 0.253107 9.690943e-01
-16.600000 1.521577 -26.779753 0.252796 9.691077e-01
-16.300000 1.519993 -26.295873 0.252472 9.691221e-01
-16.000000 1.518353 -25.812002 0.252135 9.691376e-01
-15.700000 1.516655 -25.328140 0.251782 9.691545e-01
-15.400000 1.514896 -24.844288 0.251413 9.691727e-01
-15.100000 1.513071 -24.360448 0.251028 9.691924e-01
-14.800000 1.511178 -23.876618 0.250624 9.692137e-01
-14.500000 1.509213 -23.392801 0.250201 9.692369e-01
-14.200000 1.507171 -22.908997 0.249756 9.692621e-01
-13.900000 1.505047 -22.425207 0.249290 9.692896e-01
-13.600000 1.502838 -21.941433 0.248799 9.693194e-01
-13.300000 1.500537 -21.457674 0.248282 9.693520e-01
-13.000000 1.498138 -20.973933 0.247736 9.693876e-01
-12.700000 1.495636 -20.490212 0.247160 9.694265e-01
-12.400000 1.493023 -20.006511 0.246551 9.694692e-01
-12.100000 1.490293 -19.522832 0.245906 9.695159e-01
-11.800000 1.487436 -19.039178 0.245221 9.695672e-01
-11.500000 1.484444 -18.555552 0.244494 9.696235e-01
-11.200000 1.481308 -18.071955 0.243721 9.696856e-01
-10.900000 1.478016 -17.588391 0.242896 9.697540e-01
-10.600000 1.474557 -17.104865 0.242015 9.698295e-01
-10.300000 1.470919 -16.621380 0.241073 9.699130e-01
-10.000000 1.467086 -16.137942 0.240064 9.700055e-01
-9.700000 1.463043 -15.654558 0.238980 9.701080e-01
-9.400000 1.458773 -15.171235 0.237814 9.702220e-01
-9.100000 1.454256 -14.687983 0.236557 9.703487e-01
-8.800000 1.449471 -14.204813 0.235200 9.704900e-01
-8.500000 1.444394 -13.721740 0.233729 9.706477e-01
-8.200000 1.438998 -13.238781 0.232134 9.708242e-01
-7.900000 1.433254 -12.755957 0.230399 9.710220e-01
-7.600000 1.427127 -12.273294 0.228507 9.712442e-01
-7.300000 1.420581 -11.790826 0.226438 9.714943e-01
-7.000000 1.413574 -11.308592 0.224170 9.717766e-01
-6.700000 1.406058 -10.826645 0.221676 9.720960e-01
-6.400000 1.397979 -10.345048 0.218926 9.724583e-01
-6.100000 1.389279 -9.863881 0.215883 9.728707e-01
-5.800000 1.379889 -9.383247 0.212504 9.733414e-01
-5.500000 1.369734 -8.903273 0.208738 9.738807e-01
-5.200000 1.358730 -8.424123 0.204524 9.745007e-01
-4.900000 1.346781 -7.946005 0.199788 9.752162e-01
-4.600000 1.333783 -7.469184 0.194441 9.760447e-01
-4.300000 1.319623 -6.994000 0.188379 9.770074e-01
-4.000000 1.304178 -6.520890 0.181475 9.781285e-01
-3.700000 1.287323 -6.050416 0.173579 9.794354e-01
-3.400000 1.268933 -5.583307 0.164523 9.809565e-01
-3.100000 1.248903 -5.120503 0.154120 9.827172e-01
-2.800000 1.227163 -4.663218 0.142189 9.847323e-01
-2.500000 1.203714 -4.213000 0.128586 9.869929e-01
-2.200000 1.178684 -3.771789 0.113268 9.894479e-01
-1.900000 1.152382 -3.341907 0.096391 9.919848e-01
-1.600000 1.125359 -2.925935 0.078421 9.944233e-01
-1.300000 1.098408 -2.526339 0.060182 9.965452e-01
-1.000000 1.072427 -2.144853 0.042732 9.981698e-01
-0.700000 1.048152 -1.781859 0.027023 9.992330e-01
-0.400000 1.025893 -1.436250 0.013532 9.997991e-01
-0.100000 1.005454 -1.106000 0.002246 9.999942e-01
0.200000 0.986264 -0.789011 0.007786 9.999280e-01
0.500000 0.967507 -0.483754 0.016707 9.996558e-01
0.800000 0.947651 -0.189530 0.024978 9.991983e-01
1.100000 15.240861 1.524086 1.372363 9.907233e-01
1.400000 0.911873 0.364749 0.047071 9.969322e-01
1.700000 0.890407 0.623285 0.058134 9.951014e-01
2.000000 0.868788 0.868788 0.069874 9.925852e-01
2.300000 0.847543 1.101806 0.081525 9.894278e-01
2.600000 0.827370 1.323792 0.092408 9.857987e-01
2.900000 0.808798 1.536716 0.102078 9.819369e-01
3.200000 0.792091 1.742599 0.110367 9.780708e-01
3.500000 0.777282 1.943205 0.117310 9.743692e-01
3.800000 0.764261 2.139931 0.123054 9.709317e-01
4.100000 0.752847 2.333827 0.127779 9.678027e-01
4.400000 0.742840 2.525658 0.131664 9.649900e-01
4.700000 0.734046 2.715971 0.134864 9.624799e-01
5.000000 0.726290 2.905160 0.137510 9.602482e-01
5.300000 0.719420 3.093506 0.139707 9.582667e-01
5.600000 0.713307 3.281212 0.141540 9.565070e-01
5.900000 0.707842 3.468426 0.143077 9.549425e-01
6.200000 0.702934 3.655255 0.144371 9.535488e-01
6.500000 0.698506 3.841780 0.145465 9.523045e-01
6.800000 0.694494 4.028063 0.146394 9.511909e-01
7.100000 0.690844 4.214149 0.147185 9.501916e-01
7.400000 0.687511 4.400072 0.147861 9.492925e-01
7.700000 0.684457 4.585861 0.148440 9.484816e-01
8.000000 0.681648 4.771537 0.148937 9.477482e-01
8.300000 0.679057 4.957116 0.149364 9.470833e-01
8.600000 0.676659 5.142612 0.149732 9.464790e-01
8.900000 0.674435 5.328035 0.150049 9.459287e-01
9.200000 0.672365 5.513396 0.150322 9.454262e-01
9.500000 0.670435 5.698699 0.150557 9.449666e-01
9.800000 0.668631 5.883953 0.150759 9.445452e-01
10.100000 0.666941 6.069161 0.150932 9.441582e-01
10.400000 0.665354 6.254328 0.151081 9.438020e-01
10.700000 0.663861 6.439456 0.151208 9.434737e-01
11.000000 0.662455 6.624550 0.151316 9.431706e-01
11.300000 0.661127 6.809612 0.151408 9.428902e-01
11.600000 0.659872 6.994643 0.151484 9.426304e-01
11.900000 0.658683 7.179646 0.151548 9.423895e-01
12.200000 0.657556 7.364622 0.151600 9.421656e-01
12.500000 0.656485 7.549573 0.151642 9.419573e-01
12.800000 0.655466 7.734500 0.151676 9.417632e-01
13.100000 0.654496 7.919404 0.151701 9.415822e-01
13.400000 0.653571 8.104286 0.151719 9.414131e-01
13.700000 0.652689 8.289147 0.151731 9.412550e-01
14.000000 0.651845 8.473988 0.151738 9.411070e-01
14.300000 0.651038 8.658810 0.151740 9.409683e-01
14.600000 0.650266 8.843612 0.151737 9.408382e-01
14.900000 0.649525 9.028396 0.151731 9.407160e-01
15.200000 0.648814 9.213162 0.151721 9.406011e-01
15.500000 0.648132 9.397911 0.151708 9.404930e-01
15.800000 0.647476 9.582643 0.151692 9.403911e-01
16.100000 0.646845 9.767359 0.151674 9.402951e-01
16.400000 0.646238 9.952059 0.151654 9.402045e-01
16.700000 0.645652 10.136742 0.151632 9.401190e-01
17.000000 0.645088 10.321411 0.151608 9.400381e-01
17.300000 0.644544 10.506064 0.151583 9.399617e-01
17.600000 0.644018 10.690703 0.151556 9.398893e-01
17.900000 0.643510 10.875327 0.151529 9.398207e-01
18.200000 0.643020 11.059937 0.151500 9.397556e-01
18.500000 0.642545 11.244533 0.151471 9.396939e-01
18.800000 0.642085 11.429115 0.151440 9.396354e-01
19.100000 0.641640 11.613683 0.151410 9.395797e-01
19.400000 0.641209 11.798238 0.151378 9.395268e-01
19.700000 0.640790 11.982780 0.151347 9.394765e-01
20.000000 0.640385 12.167309 0.151315 9.394286e-01
20.300000 0.639991 12.351825 0.151282 9.393830e-01
20.600000 0.639609 12.536328 0.151249 9.393395e-01
20.900000 0.639237 12.720819 0.151217 9.392981e-01
21.200000 0.638876 12.905297 0.151184 9.392585e-01
21.500000 0.638525 13.089763 0.151150 9.392208e-01
21.800000 0.638184 13.274217 0.151117 9.391848e-01
22.100000 0.637851 13.458659 0.151084 9.391503e-01
22.400000 0.637528 13.643090 0.151051 9.391174e-01
22.700000 0.637212 13.827508 0.151018 9.390859e-01
23.000000 0.636905 14.011916 0.150985 9.390558e-01
23.300000 0.636606 14.196311 0.150952 9.390270e-01
23.600000 0.636314 14.380696 0.150919 9.389994e-01
23.900000 0.636029 14.565069 0.150886 9.389729e-01
24.200000 0.635751 14.749431 0.150854 9.389476e-01
24.500000 0.635480 14.933782 0.150821 9.389233e-01
24.800000 0.635215 15.118123 0.150789 9.389000e-01
