-25.000000 1.538794 -40.008638 0.316216 9.535002e-01
-24.700000 1.538079 -39.528632 0.316034 9.535100e-01
-24.400000 1.537347 -39.048624 0.315847 9.535201e-01
-24.100000 1.536598 -38.568616 0.315656 9.535306e-01
-23.800000 1.535831 -38.088607 0.315460 9.535413e-01
-23.500000 1.535045 -37.608596 0.315259 9.535524e-01
-23.200000 1.534239 -37.128584 0.315053 9.535639e-01
-22.900000 1.533413 -36.648571 0.314842 9.535757e-01
-22.600000 1.532566 -36.168556 0.314624 9.535879e-01
-22.300000 1.531697 -35.688540 0.314401 9.536004e-01
-22.000000 1.530805 -35.208522 0.314172 9.536134e-01
-21.700000 1.529890 -34.728503 0.313937 9.536268e-01
-21.400000 1.528950 -34.248482 0.313695 9.536407e-01
-21.100000 1.527985 -33.768460 0.313446 9.536550e-01
-20.800000 1.526992 -33.288436 0.313190 9.536698e-01
-20.500000 1.525973 -32.808409 0.312926 9.536851e-01
-20.200000 1.524924 -32.328381 0.312655 9.537010e-01
-19.900000 1.523845 -31.848351 0.312376 9.537173e-01
-19.600000 1.522734 -31.368319 0.312088 9.537343e-01
-19.300000 1.521590 -30.888285 0.311792 9.537519e-01
-19.000000 1.520412 -30.408248 0.311486 9.537701e-01
-18.700000 1.519198 -29.928209 0.311171 9.537890e-01
-18.400000 1.517947 -29.448167 0.310845 9.538086e-01
-18.100000 1.516656 -28.968123 0.310509 9.538289e-01
-17.800000 1.515323 -28.488076 0.310162 9.538500e-01
-17.500000 1.513947 -28.008027 0.309803 9.538720e-01
-17.200000 1.512526 -27.527974 0.309432 9.538948e-01
-16.900000 1.511057 -27.047918 0.309048 9.539185e-01
-16.600000 1.509537 -26.567859 0.308651 9.539431e-01
-16.300000 1.507965 -26.087796 0.308239 9.539688e-01
-16.000000 1.506337 -25.607730 0.307813 9.539956e-01
-15.700000 1.504650 -25.127661 0.307370 9.540235e-01
-15.400000 1.502902 -24.647587 0.306911 9.540527e-01
-15.100000 1.501088 -24.167510 0.306434 9.540831e-01
-14.800000 1.499204 -23.687428 0.305938 9.541149e-01
-14.500000 1.497248 -23.207343 0.305423 9.541482e-01
-14.200000 1.495214 -22.727253 0.304886 9.541831e-01
-13.900000 1.493098 -22.247158 0.304328 9.542197e-01
-13.600000 1.490894 -21.767059 0.303745 9.542581e-01
-13.300000 1.488598 -21.286955 0.303137 9.542985e-01
-13.000000 1.486203 -20.806847 0.302501 9.543410e-01
-12.700000 1.483703 -20.326734 0.301837 9.543858e-01
-12.400000 1.481091 -19.846617 0.301142 9.544332e-01
-12.100000 1.478358 -19.366495 0.300413 9.544833e-01
-11.800000 1.475498 -18.886369 0.299648 9.545364e-01
-11.500000 1.472499 -18.406239 0.298845 9.545928e-01
-11.200000 1.469353 -17.926107 0.298000 9.546529e-01
-10.900000 1.466048 -17.445972 0.297109 9.547170e-01
-10.600000 1.462572 -16.965836 0.296169 9.547857e-01
-10.300000 1.458911 -16.485699 0.295175 9.548595e-01
-10.000000 1.455051 -16.005565 0.294122 9.549391e-01
-9.700000 1.450975 -15.525435 0.293005 9.550252e-01
-9.400000 1.446665 -15.045312 0.291816 9.551188e-01
-9.100000 1.442099 -14.565200 0.290548 9.552210e-01
-8.800000 1.437256 -14.085104 0.289193 9.553331e-01
-8.500000 1.432108 -13.605030 0.287739 9.554568e-01
-8.200000 1.426629 -13.124985 0.286175 9.555943e-01
-7.900000 1.420784 -12.644980 0.284486 9.557478e-01
-7.600000 1.414538 -12.165025 0.282656 9.559207e-01
-7.300000 1.407848 -11.685137 0.280665 9.561166e-01
-7.000000 1.400667 -11.205333 0.278487 9.563405e-01
-6.700000 1.392940 -10.725637 0.276094 9.565985e-01
-6.400000 1.384605 -10.246078 0.273450 9.568982e-01
-6.100000 1.375590 -9.766690 0.270512 9.572492e-01
-5.800000 1.365811 -9.287518 0.267226 9.576637e-01
-5.500000 1.355171 -8.808614 0.263526 9.581573e-01
-5.200000 1.343556 -8.330046 0.259332 9.587493e-01
-4.900000 1.330830 -7.851895 0.254544 9.594645e-01
-4.600000 1.316834 -7.374270 0.249038 9.603341e-01
-4.300000 1.301379 -6.897310 0.242660 9.613974e-01
-4.000000 1.284243 -6.421214 0.235216 9.627045e-01
-3.700000 1.265165 -5.946274 0.226460 9.643192e-01
-3.400000 1.243851 -5.472946 0.216076 9.663237e-01
-3.100000 1.219994 -5.001973 0.203647 9.688248e-01
-2.800000 1.193312 -4.534587 0.188615 9.719574e-01
-2.500000 1.163654 -4.072790 0.170264 9.758723e-01
-2.200000 1.131167 -3.619733 0.147820 9.806600e-01
-1.900000 1.096628 -3.180220 0.121005 9.861341e-01
-1.600000 1.062084 -2.761418 0.091352 9.915287e-01
-1.300000 1.031290 -2.371966 0.063194 9.956824e-01
-1.000000 1.007733 -2.015466 0.041131 9.980799e-01
-0.700000 0.991439 -1.685446 0.026265 9.991902e-01
-0.400000 0.980010 -1.372013 0.017119 9.996477e-01
-0.100000 0.971322 -1.068454 0.011801 9.998296e-01
0.200000 0.964183 -0.771347 0.008894 9.999017e-01
0.500000 0.958000 -0.479000 0.007633 9.999267e-01
0.800000 0.952460 -0.190492 0.007548 9.999275e-01
1.100000 15.567428 1.556743 1.922388 9.826942e-01
1.400000 0.942812 0.377125 0.009193 9.998902e-01
1.700000 0.938468 0.656928 0.010278 9.998615e-01
2.000000 0.934396 0.934396 0.011376 9.998288e-01
2.300000 0.930556 1.209723 0.012445 9.997935e-01
2.600000 0.926923 1.483076 0.013472 9.997561e-01
2.900000 0.923473 1.754599 0.014458 9.997170e-01
3.200000 0.920191 2.024421 0.015407 9.996764e-01
3.500000 0.917063 2.292658 0.016321 9.996343e-01
3.800000 0.914076 2.559414 0.017206 9.995910e-01
4.100000 0.911222 2.824787 0.018063 9.995464e-01
4.400000 0.908490 3.088866 0.018894 9.995007e-01
4.700000 0.905874 3.351733 0.019701 9.994541e-01
5.000000 0.903366 3.613465 0.020483 9.994066e-01
5.300000 0.900962 3.874135 0.021241 9.993585e-01
5.600000 0.898654 4.133809 0.021975 9.993099e-01
5.900000 0.896439 4.392550 0.022684 9.992611e-01
6.200000 0.894311 4.650418 0.023369 9.992120e-01
6.500000 0.892267 4.907468 0.024030 9.991631e-01
6.800000 0.890302 5.163753 0.024667 9.991143e-01
7.100000 0.888413 5.419320 0.025279 9.990658e-01
7.400000 0.886596 5.674215 0.025868 9.990178e-01
7.700000 0.884848 5.928483 0.026434 9.989704e-01
8.000000 0.883166 6.182162 0.026976 9.989237e-01
8.300000 0.881547 6.435289 0.027496 9.988778e-01
8.600000 0.879987 6.687902 0.027994 9.988327e-01
8.900000 0.878485 6.940031 0.028471 9.987885e-01
9.200000 0.877037 7.191707 0.028927 9.987453e-01
9.500000 0.875642 7.442959 0.029363 9.987031e-01
9.800000 0.874297 7.693813 0.029781 9.986619e-01
10.100000 0.872999 7.944295 0.030180 9.986218e-01
10.400000 0.871747 8.194426 0.030561 9.985827e-01
10.700000 0.870539 8.444228 0.030926 9.985447e-01
11.000000 0.869372 8.693721 0.031274 9.985078e-01
11.300000 0.868245 8.942924 0.031607 9.984719e-01
11.600000 0.867156 9.191854 0.031925 9.984371e-01
11.900000 0.866103 9.440527 0.032229 9.984034e-01
12.200000 0.865085 9.688958 0.032520 9.983707e-01
12.500000 0.864101 9.937160 0.032798 9.983390e-01
12.800000 0.863148 10.185146 0.033064 9.983082e-01
13.100000 0.862226 10.432930 0.033319 9.982785e-01
13.400000 0.861332 10.680522 0.033562 9.982497e-01
13.700000 0.860467 10.927932 0.033795 9.982218e-01
14.000000 0.859628 11.175170 0.034018 9.981947e-01
14.300000 0.858815 11.422246 0.034232 9.981686e-01
14.600000 0.858027 11.669168 0.034436 9.981433e-01
14.900000 0.857262 11.915945 0.034632 9.981188e-01
15.200000 0.856520 12.162583 0.034820 9.980951e-01
15.500000 0.855799 12.409090 0.035000 9.980721e-01
15.800000 0.855100 12.655473 0.035172 9.980499e-01
16.100000 0.854420 12.901737 0.035338 9.980284e-01
16.400000 0.853759 13.147889 0.035497 9.980076e-01
16.700000 0.853117 13.393934 0.035649 9.979875e-01
17.000000 0.852492 13.639878 0.035796 9.979680e-01
17.300000 0.851885 13.885725 0.035936 9.979491e-01
17.600000 0.851294 14.131479 0.036071 9.979308e-01
17.900000 0.850719 14.377145 0.036201 9.979131e-01
18.200000 0.850159 14.622728 0.036326 9.978960e-01
18.500000 0.849613 14.868230 0.036446 9.978794e-01
18.800000 0.849082 15.113657 0.036562 9.978633e-01
19.100000 0.848564 15.359010 0.036673 9.978477e-01
19.400000 0.848059 15.604293 0.036780 9.978326e-01
19.700000 0.847567 15.849510 0.036883 9.978179e-01
20.000000 0.847088 16.094663 0.036982 9.978037e-01
20.300000 0.846619 16.339755 0.037077 9.977899e-01
20.600000 0.846163 16.584788 0.037169 9.977766e-01
20.900000 0.845717 16.829766 0.037258 9.977636e-01
21.200000 0.845282 17.074689 0.037344 9.977511e-01
21.500000 0.844857 17.319561 0.037426 9.977389e-01
21.800000 0.844442 17.564384 0.037506 9.977270e-01
22.100000 0.844036 17.809160 0.037583 9.977155e-01
22.400000 0.843640 18.053889 0.037657 9.977044e-01
22.700000 0.843252 18.298575 0.037729 9.976935e-01
23.000000 0.842874 18.543219 0.037798 9.976830e-01
23.300000 0.842503 18.787823 0.037865 9.976727e-01
23.600000 0.842141 19.032387 0.037930 9.976628e-01
23.900000 0.841787 19.276915 0.037992 9.976531e-01
24.200000 0.841440 19.521405 0.038053 9.976437e-01
24.500000 0.841100 19.765862 0.038111 9.976346e-01
24.800000 0.840768 20.010284 0.038168 9.976257e-01
