-25.000000 2.908273 -75.615102 0.614657 9.509459e-01
-24.700000 2.906916 -74.707752 0.614357 9.509479e-01
-24.400000 2.905528 -73.800402 0.614050 9.509499e-01
-24.100000 2.904106 -72.893052 0.613736 9.509520e-01
-23.800000 2.902649 -71.985701 0.613414 9.509541e-01
-23.500000 2.901157 -71.078351 0.613085 9.509563e-01
-23.200000 2.899628 -70.171001 0.612747 9.509585e-01
-22.900000 2.898061 -69.263651 0.612400 9.509608e-01
-22.600000 2.896453 -68.356301 0.612045 9.509632e-01
-22.300000 2.894805 -67.448951 0.611681 9.509656e-01
-22.000000 2.893113 -66.541601 0.611307 9.509681e-01
-21.700000 2.891377 -65.634251 0.610924 9.509707e-01
-21.400000 2.889594 -64.726901 0.610530 9.509733e-01
-21.100000 2.887762 -63.819551 0.610125 9.509760e-01
-20.800000 2.885881 -62.912201 0.609709 9.509788e-01
-20.500000 2.883947 -62.004851 0.609282 9.509816e-01
-20.200000 2.881958 -61.097502 0.608843 9.509846e-01
-19.900000 2.879912 -60.190152 0.608391 9.509876e-01
-19.600000 2.877806 -59.282803 0.607925 9.509907e-01
-19.300000 2.875638 -58.375453 0.607446 9.509939e-01
-19.000000 2.873405 -57.468104 0.606953 9.509973e-01
-18.700000 2.871104 -56.560755 0.606445 9.510007e-01
-18.400000 2.868732 -55.653406 0.605921 9.510042e-01
-18.100000 2.866286 -54.746057 0.605380 9.510079e-01
-17.800000 2.863761 -53.838709 0.604823 9.510116e-01
-17.500000 2.861155 -52.931361 0.604247 9.510155e-01
-17.200000 2.858462 -52.024013 0.603652 9.510195e-01
-16.900000 2.855680 -51.116665 0.603038 9.510237e-01
-16.600000 2.852802 -50.209318 0.602402 9.510280e-01
-16.300000 2.849825 -49.301971 0.601745 9.510325e-01
-16.000000 2.846743 -48.394625 0.601064 9.510371e-01
-15.700000 2.843550 -47.487279 0.600359 9.510420e-01
-15.400000 2.840240 -46.579934 0.599628 9.510470e-01
-15.100000 2.836807 -45.672590 0.598869 9.510522e-01
-14.800000 2.833243 -44.765247 0.598082 9.510576e-01
-14.500000 2.829542 -43.857905 0.597265 9.510632e-01
-14.200000 2.825695 -42.950564 0.596415 9.510691e-01
-13.900000 2.821693 -42.043224 0.595531 9.510753e-01
-13.600000 2.817527 -41.135887 0.594610 9.510817e-01
-13.300000 2.813185 -40.228551 0.593651 9.510884e-01
-13.000000 2.808658 -39.321218 0.592651 9.510955e-01
-12.700000 2.803933 -38.413888 0.591607 9.511029e-01
-12.400000 2.798997 -37.506561 0.590516 9.511107e-01
-12.100000 2.793835 -36.599238 0.589375 9.511189e-01
-11.800000 2.788431 -35.691919 0.588180 9.511276e-01
-11.500000 2.782768 -34.784605 0.586928 9.511367e-01
-11.200000 2.776828 -33.877297 0.585613 9.511464e-01
-10.900000 2.770588 -32.969997 0.584233 9.511568e-01
-10.600000 2.764026 -32.062704 0.582780 9.511678e-01
-10.300000 2.757117 -31.155421 0.581249 9.511796e-01
-10.000000 2.749832 -30.248150 0.579635 9.511922e-01
-9.700000 2.742139 -29.340892 0.577928 9.512058e-01
-9.400000 2.734005 -28.433649 0.576123 9.512205e-01
-9.100000 2.725389 -27.526425 0.574208 9.512364e-01
-8.800000 2.716247 -26.619222 0.572175 9.512538e-01
-8.500000 2.706531 -25.712045 0.570012 9.512728e-01
-8.200000 2.696185 -24.804898 0.567705 9.512937e-01
-7.900000 2.685145 -23.897787 0.565239 9.513169e-01
-7.600000 2.673339 -22.990718 0.562597 9.513426e-01
-7.300000 2.660687 -22.083699 0.559760 9.513715e-01
-7.000000 2.647093 -21.176740 0.556704 9.514040e-01
-6.700000 2.632448 -20.269853 0.553403 9.514409e-01
-6.400000 2.616629 -19.363053 0.549826 9.514832e-01
-6.100000 2.599487 -18.456358 0.545935 9.515321e-01
-5.800000 2.580851 -17.549790 0.541687 9.515890e-01
-5.500000 2.560520 -16.643377 0.537029 9.516558e-01
-5.200000 2.538251 -15.737155 0.531899 9.517353e-01
-4.900000 2.513758 -14.831170 0.526219 9.518306e-01
-4.600000 2.486693 -13.925479 0.519895 9.519465e-01
-4.300000 2.456634 -13.020159 0.512810 9.520890e-01
-4.000000 2.423062 -12.115310 0.504816 9.522668e-01
-3.700000 2.385333 -11.211064 0.495723 9.524920e-01
-3.400000 2.342637 -10.307603 0.485288 9.527821e-01
-3.100000 2.293946 -9.405177 0.473184 9.531634e-01
-2.800000 2.237934 -8.504150 0.458970 9.536767e-01
-2.500000 2.172880 -7.605080 0.442025 9.543888e-01
-2.200000 2.096528 -6.708890 0.421438 9.554156e-01
-1.900000 2.005949 -5.817253 0.395801 9.569733e-01
-1.600000 1.897485 -4.933460 0.362827 9.594859e-01
-1.300000 1.767017 -4.064139 0.318784 9.637747e-01
-1.000000 1.610843 -3.221686 0.258384 9.711443e-01
-0.700000 1.426645 -2.425297 0.177897 9.823599e-01
-0.400000 1.217040 -1.703857 0.086542 9.941946e-01
-0.100000 1.022760 -1.125036 0.021420 9.994937e-01
0.200000 0.920062 -0.736049 0.007349 9.999263e-01
0.500000 0.886539 -0.443269 0.008507 9.998937e-01
0.800000 0.874581 -0.174916 0.012826 9.997517e-01
1.100000 13.653169 1.365317 1.862176 9.789686e-01
1.400000 0.862780 0.345112 0.018755 9.994546e-01
1.700000 0.858139 0.600698 0.020213 9.993597e-01
2.000000 0.853803 0.853803 0.021116 9.992941e-01
2.300000 0.849708 1.104620 0.021693 9.992479e-01
2.600000 0.845829 1.353327 0.022089 9.992130e-01
2.900000 0.842157 1.600098 0.022390 9.991844e-01
3.200000 0.838681 1.845098 0.022648 9.991586e-01
3.500000 0.835392 2.088480 0.022891 9.991336e-01
3.800000 0.832280 2.330384 0.023135 9.991085e-01
4.100000 0.829335 2.570939 0.023387 9.990825e-01
4.400000 0.826548 2.810262 0.023649 9.990555e-01
4.700000 0.823908 3.048458 0.023920 9.990276e-01
5.000000 0.821405 3.285622 0.024198 9.989988e-01
5.300000 0.819032 3.521840 0.024481 9.989693e-01
5.600000 0.816780 3.757187 0.024767 9.989393e-01
5.900000 0.814640 3.991734 0.025053 9.989090e-01
6.200000 0.812604 4.225541 0.025338 9.988784e-01
6.500000 0.810666 4.458665 0.025619 9.988479e-01
6.800000 0.808820 4.691154 0.025896 9.988175e-01
7.100000 0.807058 4.923055 0.026168 9.987874e-01
7.400000 0.805376 5.154409 0.026433 9.987575e-01
7.700000 0.803769 5.385252 0.026692 9.987280e-01
8.000000 0.802231 5.615620 0.026944 9.986990e-01
8.300000 0.800759 5.845541 0.027188 9.986705e-01
8.600000 0.799348 6.075046 0.027424 9.986425e-01
8.900000 0.797995 6.304160 0.027653 9.986151e-01
9.200000 0.796696 6.532908 0.027875 9.985883e-01
9.500000 0.795448 6.761311 0.028089 9.985620e-01
9.800000 0.794249 6.989390 0.028296 9.985364e-01
10.100000 0.793095 7.217164 0.028496 9.985113e-01
10.400000 0.791984 7.444652 0.028689 9.984869e-01
10.700000 0.790914 7.671869 0.028875 9.984631e-01
11.000000 0.789883 7.898831 0.029055 9.984399e-01
11.300000 0.788889 8.125553 0.029228 9.984173e-01
11.600000 0.787929 8.352047 0.029395 9.983953e-01
11.900000 0.787002 8.578327 0.029556 9.983738e-01
12.200000 0.786108 8.804405 0.029712 9.983530e-01
12.500000 0.785243 9.030291 0.029861 9.983327e-01
12.800000 0.784406 9.255995 0.030006 9.983130e-01
13.100000 0.783597 9.481528 0.030145 9.982938e-01
13.400000 0.782814 9.706899 0.030279 9.982751e-01
13.700000 0.782056 9.932117 0.030409 9.982570e-01
14.000000 0.781322 10.157188 0.030534 9.982394e-01
14.300000 0.780611 10.382122 0.030654 9.982223e-01
14.600000 0.779921 10.606925 0.030770 9.982056e-01
14.900000 0.779252 10.831603 0.030882 9.981895e-01
15.200000 0.778603 11.056164 0.030990 9.981738e-01
15.500000 0.777973 11.280613 0.031095 9.981585e-01
15.800000 0.777362 11.504955 0.031195 9.981437e-01
16.100000 0.776768 11.729197 0.031292 9.981293e-01
16.400000 0.776191 11.953342 0.031385 9.981154e-01
16.700000 0.775630 12.177396 0.031476 9.981018e-01
17.000000 0.775085 12.401363 0.031563 9.980886e-01
17.300000 0.774555 12.625247 0.031647 9.980759e-01
17.600000 0.774039 12.849052 0.031728 9.980634e-01
17.900000 0.773537 13.072781 0.031806 9.980514e-01
18.200000 0.773049 13.296439 0.031881 9.980397e-01
18.500000 0.772573 13.520028 0.031954 9.980283e-01
18.800000 0.772110 13.743552 0.032024 9.980172e-01
19.100000 0.771658 13.967014 0.032092 9.980065e-01
19.400000 0.771218 14.190415 0.032158 9.979961e-01
19.700000 0.770789 14.413760 0.032221 9.979860e-01
20.000000 0.770371 14.637050 0.032283 9.979761e-01
20.300000 0.769963 14.860288 0.032342 9.979666e-01
20.600000 0.769565 15.083475 0.032399 9.979573e-01
20.900000 0.769177 15.306615 0.032454 9.979483e-01
21.200000 0.768797 15.529709 0.032507 9.979395e-01
21.500000 0.768427 15.752758 0.032559 9.979310e-01
21.800000 0.768066 15.975766 0.032609 9.979227e-01
22.100000 0.767712 16.198732 0.032657 9.979147e-01
22.400000 0.767367 16.421660 0.032704 9.979069e-01
22.700000 0.767030 16.644551 0.032749 9.978993e-01
23.000000 0.766700 16.867405 0.032792 9.978919e-01
23.300000 0.766378 17.090225 0.032834 9.978847e-01
23.600000 0.766062 17.313011 0.032875 9.978777e-01
23.900000 0.765754 17.535766 0.032915 9.978709e-01
24.200000 0.765452 17.758489 0.032953 9.978642e-01
24.500000 0.765157 17.981183 0.032990 9.978578e-01
24.800000 0.764868 18.203848 0.033026 9.978515e-01
