2.743755 0.731432 9.241550e-01 0.477931 0.224350 7.971463e-01
2.551247 0.688112 9.224995e-01 0.639424 0.183114 9.134854e-01
2.221391 0.494250 9.459218e-01 0.815300 0.078455 9.894193e-01
1.592890 0.174973 9.862569e-01 0.965747 0.010906 9.998528e-01
1.072864 0.034043 9.988386e-01 0.950622 0.010450 9.998605e-01
0.916599 0.013059 9.997656e-01 0.901569 0.008404 9.998997e-01
0.880009 0.010405 9.998386e-01 0.878923 0.010816 9.998252e-01
0.866077 0.017405 9.995338e-01 0.865889 0.017507 9.995282e-01
0.856324 0.021363 9.992818e-01 0.853742 0.022479 9.992000e-01
0.847708 0.023175 9.991376e-01 0.840406 0.025550 9.989337e-01
0.839768 0.024009 9.990569e-01 0.825733 0.027715 9.987007e-01
0.832441 0.024508 9.990000e-01 0.809993 0.029921 9.984266e-01
0.825704 0.024970 9.989450e-01 0.793503 0.032771 9.980341e-01
0.819531 0.025507 9.988826e-01 0.776542 0.036469 9.974594e-01
0.813888 0.026132 9.988109e-01 0.759342 0.040930 9.966560e-01
0.808734 0.026823 9.987313e-01 0.742090 0.045938 9.955941e-01
0.804030 0.027548 9.986462e-01 0.724931 0.051265 9.942579e-01
0.799735 0.028277 9.985583e-01 0.707973 0.056718 9.926426e-01
0.795809 0.028988 9.984701e-01 0.691298 0.062154 9.907509e-01
0.792217 0.029665 9.983833e-01 0.674962 0.067475 9.885906e-01
0.788925 0.030301 9.982993e-01 0.659002 0.072616 9.861719e-01
0.785902 0.030891 9.982189e-01 0.643441 0.077539 9.835061e-01
0.783121 0.031434 9.981427e-01 0.628291 0.082226 9.806040e-01
0.780557 0.031932 9.980710e-01 0.613553 0.086669 9.774757e-01
0.778188 0.032386 9.980038e-01 0.599227 0.090870 9.741297e-01
0.775995 0.032800 9.979410e-01 0.585305 0.094837 9.705732e-01
0.773961 0.033177 9.978824e-01 0.571779 0.098579 9.668121e-01
0.772070 0.033520 9.978279e-01 0.558640 0.102108 9.628514e-01
0.770309 0.033832 9.977773e-01 0.545876 0.105436 9.586956e-01
0.768666 0.034116 9.977302e-01 0.533477 0.108574 9.543487e-01
0.767132 0.034375 9.976865e-01 0.521434 0.111533 9.498151e-01
0.765696 0.034611 9.976460e-01 0.509735 0.114323 9.450995e-01
0.764351 0.034825 9.976084e-01 0.498373 0.116951 9.402071e-01
0.763090 0.035021 9.975736e-01 0.487339 0.119427 9.351443e-01
0.761906 0.035199 9.975413e-01 0.476623 0.121757 9.299182e-01
0.760793 0.035361 9.975114e-01 0.466219 0.123946 9.245371e-01
0.759746 0.035508 9.974838e-01 0.456118 0.126000 9.190103e-01
0.758760 0.035641 9.974583e-01 0.446315 0.127923 9.133484e-01
0.757832 0.035763 9.974348e-01 0.436802 0.129720 9.075627e-01
0.756957 0.035872 9.974132e-01 0.427572 0.131394 9.016656e-01
0.756132 0.035970 9.973933e-01 0.418619 0.132950 8.956700e-01
0.755353 0.036059 9.973751e-01 0.409936 0.134389 8.895895e-01
0.754618 0.036138 9.973585e-01 0.401516 0.135716 8.834382e-01
0.753923 0.036209 9.973433e-01 0.393354 0.136934 8.772304e-01
0.753266 0.036271 9.973295e-01 0.385443 0.138046 8.709801e-01
0.752645 0.036326 9.973170e-01 0.377777 0.139055 8.647018e-01
0.752058 0.036375 9.973057e-01 0.370348 0.139964 8.584090e-01
0.751502 0.036416 9.972956e-01 0.363150 0.140778 8.521154e-01
0.750976 0.036452 9.972865e-01 0.356177 0.141500 8.458338e-01
0.750477 0.036482 9.972784e-01 0.349422 0.142132 8.395763e-01
0.750005 0.036507 9.972713e-01 0.342879 0.142679 8.333543e-01
0.749557 0.036527 9.972651e-01 0.336541 0.143145 8.271784e-01
0.749132 0.036542 9.972596e-01 0.330402 0.143532 8.210582e-01
0.748729 0.036554 9.972549e-01 0.324455 0.143845 8.150024e-01
0.748346 0.036562 9.972510e-01 0.318695 0.144088 8.090187e-01
0.747982 0.036566 9.972476e-01 0.313114 0.144265 8.031140e-01
0.747637 0.036567 9.972449e-01 0.307708 0.144378 7.972939e-01
0.747308 0.036566 9.972428e-01 0.302469 0.144432 7.915634e-01
0.746996 0.036561 9.972411e-01 0.297392 0.144430 7.859265e-01
0.746699 0.036555 9.972399e-01 0.292472 0.144377 7.803863e-01
0.746416 0.036546 9.972392e-01 0.287702 0.144275 7.749452e-01
0.746146 0.036535 9.972389e-01 0.283078 0.144128 7.696046e-01
0.745889 0.036522 9.972389e-01 0.278594 0.143939 7.643654e-01
0.745644 0.036508 9.972392e-01 0.274245 0.143712 7.592280e-01
0.745410 0.036492 9.972399e-01 0.270025 0.143450 7.541919e-01
0.745187 0.036475 9.972408e-01 0.265931 0.143155 7.492564e-01
0.744974 0.036456 9.972420e-01 0.261957 0.142831 7.444202e-01
0.744770 0.036437 9.972434e-01 0.258100 0.142481 7.396815e-01
0.744576 0.036417 9.972450e-01 0.254354 0.142106 7.350384e-01
0.744390 0.036396 9.972468e-01 0.250716 0.141710 7.304885e-01
0.744212 0.036374 9.972488e-01 0.247181 0.141295 7.260294e-01
0.744041 0.036352 9.972509e-01 0.243746 0.140864 7.216584e-01
0.743878 0.036329 9.972531e-01 0.240407 0.140417 7.173726e-01
0.743721 0.036306 9.972555e-01 0.237161 0.139958 7.131690e-01
0.743571 0.036282 9.972579e-01 0.234003 0.139488 7.090448e-01
0.743427 0.036259 9.972604e-01 0.230931 0.139008 7.049967e-01
0.743289 0.036235 9.972630e-01 0.227942 0.138521 7.010220e-01
