-25.000000 1.722064 -44.773660 0.406771 9.394649e-01
-24.700000 1.721250 -44.236117 0.406536 9.394769e-01
-24.400000 1.720416 -43.698569 0.406295 9.394893e-01
-24.100000 1.719562 -43.161016 0.406047 9.395022e-01
-23.800000 1.718688 -42.623458 0.405794 9.395154e-01
-23.500000 1.717792 -42.085895 0.405533 9.395291e-01
-23.200000 1.716873 -41.548328 0.405266 9.395432e-01
-22.900000 1.715931 -41.010755 0.404991 9.395579e-01
-22.600000 1.714965 -40.473177 0.404709 9.395730e-01
-22.300000 1.713974 -39.935594 0.404420 9.395887e-01
-22.000000 1.712957 -39.398005 0.404122 9.396050e-01
-21.700000 1.711912 -38.860411 0.403815 9.396218e-01
-21.400000 1.710840 -38.322811 0.403500 9.396392e-01
-21.100000 1.709738 -37.785206 0.403176 9.396573e-01
-20.800000 1.708605 -37.247596 0.402842 9.396761e-01
-20.500000 1.707441 -36.709979 0.402499 9.396956e-01
-20.200000 1.706243 -36.172357 0.402144 9.397158e-01
-19.900000 1.705011 -35.634729 0.401779 9.397369e-01
-19.600000 1.703743 -35.097096 0.401403 9.397587e-01
-19.300000 1.702436 -34.559456 0.401015 9.397815e-01
-19.000000 1.701091 -34.021811 0.400614 9.398052e-01
-18.700000 1.699704 -33.484160 0.400200 9.398299e-01
-18.400000 1.698273 -32.946503 0.399772 9.398556e-01
-18.100000 1.696798 -32.408841 0.399330 9.398825e-01
-17.800000 1.695275 -31.871173 0.398872 9.399105e-01
-17.500000 1.693703 -31.333500 0.398399 9.399399e-01
-17.200000 1.692078 -30.795822 0.397909 9.399705e-01
-16.900000 1.690399 -30.258138 0.397401 9.400026e-01
-16.600000 1.688662 -29.720450 0.396874 9.400362e-01
-16.300000 1.686865 -29.182757 0.396328 9.400714e-01
-16.000000 1.685004 -28.645060 0.395761 9.401084e-01
-15.700000 1.683075 -28.107360 0.395171 9.401473e-01
-15.400000 1.681077 -27.569656 0.394558 9.401882e-01
-15.100000 1.679003 -27.031950 0.393921 9.402313e-01
-14.800000 1.676851 -26.494243 0.393257 9.402767e-01
-14.500000 1.674615 -25.956534 0.392565 9.403247e-01
-14.200000 1.672291 -25.418825 0.391843 9.403754e-01
-13.900000 1.669874 -24.881118 0.391089 9.404291e-01
-13.600000 1.667357 -24.343414 0.390301 9.404861e-01
-13.300000 1.664735 -23.805713 0.389476 9.405466e-01
-13.000000 1.662001 -23.268020 0.388613 9.406111e-01
-12.700000 1.659148 -22.730334 0.387707 9.406798e-01
-12.400000 1.656169 -22.192660 0.386756 9.407532e-01
-12.100000 1.653053 -21.655000 0.385756 9.408318e-01
-11.800000 1.649794 -21.117358 0.384703 9.409163e-01
-11.500000 1.646379 -20.579737 0.383593 9.410071e-01
-11.200000 1.642799 -20.042143 0.382421 9.411051e-01
-10.900000 1.639041 -19.504582 0.381181 9.412111e-01
-10.600000 1.635091 -18.967060 0.379868 9.413261e-01
-10.300000 1.630937 -18.429584 0.378473 9.414513e-01
-10.000000 1.626560 -17.892165 0.376989 9.415879e-01
-9.700000 1.621945 -17.354812 0.375407 9.417377e-01
-9.400000 1.617071 -16.817538 0.373717 9.419024e-01
-9.100000 1.611917 -16.280357 0.371907 9.420842e-01
-8.800000 1.606458 -15.743287 0.369962 9.422857e-01
-8.500000 1.600668 -15.206347 0.367868 9.425099e-01
-8.200000 1.594517 -14.669561 0.365607 9.427606e-01
-7.900000 1.587972 -14.132955 0.363156 9.430419e-01
-7.600000 1.580995 -13.596561 0.360491 9.433591e-01
-7.300000 1.573544 -13.060415 0.357585 9.437183e-01
-7.000000 1.565570 -12.524561 0.354402 9.441271e-01
-6.700000 1.557019 -11.989047 0.350902 9.445943e-01
-6.400000 1.547829 -11.453933 0.347040 9.451308e-01
-6.100000 1.537928 -10.919286 0.342758 9.457495e-01
-5.800000 1.527233 -10.385185 0.337991 9.464661e-01
-5.500000 1.515650 -9.851725 0.332659 9.472997e-01
-5.200000 1.503067 -9.319014 0.326668 9.482732e-01
-4.900000 1.489354 -8.787186 0.319905 9.494144e-01
-4.600000 1.474357 -8.256400 0.312234 9.507566e-01
-4.300000 1.457896 -7.726851 0.303491 9.523399e-01
-4.000000 1.439758 -7.198788 0.293483 9.542114e-01
-3.700000 1.419687 -6.672530 0.281979 9.564263e-01
-3.400000 1.397388 -6.148508 0.268705 9.590474e-01
-3.100000 1.372519 -5.627329 0.253340 9.621440e-01
-2.800000 1.344703 -5.109873 0.235510 9.657885e-01
-2.500000 1.313559 -4.597458 0.214782 9.700487e-01
-2.200000 1.278771 -4.092066 0.190672 9.749676e-01
-1.900000 1.240225 -3.596653 0.162712 9.805098e-01
-1.600000 1.198285 -3.115541 0.130787 9.864293e-01
-1.300000 1.154300 -2.654890 0.096079 9.920626e-01
-1.000000 1.111148 -2.222295 0.062329 9.963793e-01
-0.700000 1.072195 -1.822731 0.034720 9.987905e-01
-0.400000 1.038185 -1.453459 0.015320 9.997486e-01
-0.100000 1.006478 -1.107126 0.002219 9.999944e-01
0.200000 0.973332 -0.778666 0.010184 9.998736e-01
0.500000 0.935438 -0.467719 0.022789 9.993151e-01
0.800000 0.890586 -0.178117 0.038541 9.978419e-01
1.100000 13.292850 1.329285 0.745301 9.963828e-01
1.400000 0.783799 0.313520 0.078005 9.886912e-01
1.700000 0.730953 0.511667 0.095654 9.806071e-01
2.000000 0.684522 0.684522 0.108423 9.718428e-01
2.300000 0.645840 0.839592 0.116400 9.638437e-01
2.600000 0.614324 0.982918 0.120771 9.572738e-01
2.900000 0.588731 1.118590 0.122761 9.521883e-01
3.200000 0.567826 1.249217 0.123279 9.483763e-01
3.500000 0.550582 1.376456 0.122926 9.455670e-01
3.800000 0.536206 1.501377 0.122086 9.435139e-01
4.100000 0.524093 1.624689 0.120993 9.420185e-01
4.400000 0.513787 1.746876 0.119792 9.409295e-01
4.700000 0.504938 1.868269 0.118567 9.401355e-01
5.000000 0.497276 1.989104 0.117369 9.395550e-01
5.300000 0.490591 2.109542 0.116225 9.391293e-01
5.600000 0.484718 2.229701 0.115147 9.388162e-01
5.900000 0.479523 2.349664 0.114142 9.385852e-01
6.200000 0.474901 2.469487 0.113210 9.384141e-01
6.500000 0.470766 2.589214 0.112348 9.382870e-01
6.800000 0.467047 2.708873 0.111551 9.381924e-01
7.100000 0.463686 2.828484 0.110816 9.381217e-01
7.400000 0.460635 2.948064 0.110137 9.380688e-01
7.700000 0.457854 3.067621 0.109509 9.380290e-01
8.000000 0.455309 3.187162 0.108928 9.379992e-01
8.300000 0.452972 3.306694 0.108390 9.379767e-01
8.600000 0.450818 3.426220 0.107891 9.379597e-01
8.900000 0.448828 3.545741 0.107426 9.379468e-01
9.200000 0.446983 3.665259 0.106994 9.379371e-01
9.500000 0.445268 3.784776 0.106590 9.379297e-01
9.800000 0.443670 3.904292 0.106212 9.379241e-01
10.100000 0.442177 4.023808 0.105859 9.379198e-01
10.400000 0.440779 4.143324 0.105527 9.379165e-01
10.700000 0.439468 4.262840 0.105216 9.379141e-01
11.000000 0.438236 4.382356 0.104922 9.379122e-01
11.300000 0.437075 4.501872 0.104646 9.379107e-01
11.600000 0.435980 4.621388 0.104385 9.379096e-01
11.900000 0.434945 4.740905 0.104138 9.379088e-01
12.200000 0.433966 4.860422 0.103904 9.379081e-01
12.500000 0.433038 4.979939 0.103682 9.379076e-01
12.800000 0.432157 5.099457 0.103471 9.379072e-01
13.100000 0.431320 5.218974 0.103271 9.379069e-01
13.400000 0.430524 5.338492 0.103081 9.379067e-01
13.700000 0.429765 5.458010 0.102899 9.379065e-01
14.000000 0.429041 5.577528 0.102726 9.379064e-01
14.300000 0.428349 5.697046 0.102560 9.379063e-01
14.600000 0.427689 5.816564 0.102402 9.379062e-01
14.900000 0.427056 5.936082 0.102251 9.379062e-01
15.200000 0.426451 6.055600 0.102106 9.379061e-01
15.500000 0.425870 6.175118 0.101967 9.379061e-01
15.800000 0.425313 6.294637 0.101834 9.379060e-01
16.100000 0.424778 6.414155 0.101706 9.379060e-01
16.400000 0.424264 6.533673 0.101583 9.379060e-01
16.700000 0.423770 6.653192 0.101464 9.379060e-01
17.000000 0.423294 6.772710 0.101350 9.379060e-01
17.300000 0.422836 6.892228 0.101241 9.379060e-01
17.600000 0.422394 7.011747 0.101135 9.379060e-01
17.900000 0.421968 7.131265 0.101033 9.379060e-01
18.200000 0.421557 7.250783 0.100934 9.379060e-01
18.500000 0.421160 7.370302 0.100839 9.379059e-01
18.800000 0.420776 7.489820 0.100748 9.379059e-01
19.100000 0.420405 7.609339 0.100659 9.379059e-01
19.400000 0.420047 7.728857 0.100573 9.379059e-01
19.700000 0.419699 7.848375 0.100490 9.379059e-01
20.000000 0.419363 7.967894 0.100409 9.379059e-01
20.300000 0.419037 8.087412 0.100331 9.379059e-01
20.600000 0.418721 8.206931 0.100255 9.379059e-01
20.900000 0.418415 8.326449 0.100182 9.379059e-01
21.200000 0.418117 8.445967 0.100111 9.379059e-01
21.500000 0.417829 8.565486 0.100042 9.379059e-01
21.800000 0.417548 8.685004 0.099975 9.379059e-01
22.100000 0.417276 8.804523 0.099909 9.379059e-01
22.400000 0.417011 8.924041 0.099846 9.379059e-01
22.700000 0.416754 9.043559 0.099784 9.379059e-01
23.000000 0.416504 9.163078 0.099724 9.379059e-01
23.300000 0.416260 9.282596 0.099666 9.379059e-01
23.600000 0.416023 9.402115 0.099609 9.379059e-01
23.900000 0.415792 9.521633 0.099554 9.379059e-01
24.200000 0.415567 9.641151 0.099500 9.379059e-01
24.500000 0.415348 9.760670 0.099448 9.379059e-01
24.800000 0.415134 9.880188 0.099397 9.379059e-01
