1.335293 0.340257 9.302440e-01 0.613096 0.303824 7.790571e-01
1.238519 0.265733 9.495204e-01 0.753071 0.190270 9.313402e-01
1.140589 0.181432 9.716086e-01 0.865993 0.091138 9.873708e-01
1.064620 0.110100 9.877994e-01 0.931293 0.029914 9.988099e-01
1.017048 0.064201 9.954194e-01 0.958100 0.013053 9.997857e-01
0.989977 0.038350 9.982699e-01 0.965251 0.015585 9.996990e-01
0.974234 0.023663 9.993192e-01 0.964661 0.015138 9.997157e-01
0.964193 0.014947 9.997225e-01 0.961244 0.012699 9.997985e-01
0.957042 0.010276 9.998669e-01 0.956647 0.010099 9.998713e-01
0.951444 0.009071 9.998950e-01 0.951358 0.009075 9.998949e-01
0.946752 0.010082 9.998690e-01 0.945510 0.010620 9.998543e-01
0.942635 0.011821 9.998184e-01 0.939141 0.013888 9.997475e-01
0.938915 0.013615 9.997572e-01 0.932266 0.017857 9.995765e-01
0.935486 0.015288 9.996916e-01 0.924901 0.022100 9.993411e-01
0.932285 0.016826 9.996240e-01 0.917064 0.026505 9.990363e-01
0.929271 0.018254 9.995546e-01 0.908779 0.031078 9.986512e-01
0.926414 0.019601 9.994833e-01 0.900071 0.035857 9.981706e-01
0.923696 0.020889 9.994098e-01 0.890968 0.040872 9.975756e-01
0.921102 0.022132 9.993337e-01 0.881501 0.046141 9.968458e-01
0.918620 0.023339 9.992551e-01 0.871699 0.051660 9.959603e-01
0.916241 0.024513 9.991741e-01 0.861594 0.057411 9.948986e-01
0.913960 0.025654 9.990909e-01 0.851216 0.063364 9.936415e-01
0.911770 0.026761 9.990061e-01 0.840598 0.069483 9.921712e-01
0.909668 0.027832 9.989201e-01 0.829771 0.075731 9.904720e-01
0.907648 0.028865 9.988334e-01 0.818766 0.082069 9.885303e-01
0.905708 0.029859 9.987464e-01 0.807615 0.088459 9.863346e-01
0.903845 0.030811 9.986598e-01 0.796346 0.094867 9.838755e-01
0.902057 0.031722 9.985739e-01 0.784990 0.101260 9.811458e-01
0.900340 0.032589 9.984892e-01 0.773575 0.107612 9.781405e-01
0.898692 0.033413 9.984061e-01 0.762127 0.113896 9.748564e-01
0.897112 0.034195 9.983249e-01 0.750671 0.120091 9.712923e-01
0.895596 0.034934 9.982459e-01 0.739230 0.126179 9.674489e-01
0.894144 0.035632 9.981694e-01 0.727826 0.132143 9.633282e-01
0.892751 0.036289 9.980954e-01 0.716478 0.137971 9.589339e-01
0.891417 0.036907 9.980243e-01 0.705204 0.143652 9.542710e-01
0.890138 0.037487 9.979559e-01 0.694018 0.149179 9.493452e-01
0.888913 0.038031 9.978906e-01 0.682935 0.154544 9.441633e-01
0.887740 0.038540 9.978281e-01 0.671966 0.159745 9.387326e-01
0.886616 0.039016 9.977687e-01 0.661119 0.164779 9.330608e-01
0.885539 0.039460 9.977122e-01 0.650405 0.169646 9.271556e-01
0.884507 0.039874 9.976586e-01 0.639828 0.174345 9.210250e-01
0.883518 0.040259 9.976079e-01 0.629395 0.178880 9.146765e-01
0.882570 0.040619 9.975599e-01 0.619108 0.183253 9.081174e-01
0.881660 0.040953 9.975145e-01 0.608971 0.187467 9.013545e-01
0.880788 0.041263 9.974718e-01 0.598984 0.191528 8.943942e-01
0.879951 0.041552 9.974315e-01 0.589149 0.195441 8.872421e-01
0.879147 0.041820 9.973936e-01 0.579466 0.199211 8.799033e-01
0.878375 0.042069 9.973580e-01 0.569933 0.202845 8.723823e-01
0.877634 0.042300 9.973244e-01 0.560550 0.206348 8.646827e-01
0.876920 0.042514 9.972929e-01 0.551315 0.209727 8.568079e-01
0.876234 0.042713 9.972634e-01 0.542226 0.212989 8.487605e-01
0.875574 0.042898 9.972356e-01 0.533280 0.216140 8.405427e-01
0.874938 0.043069 9.972095e-01 0.524477 0.219186 8.321564e-01
0.874326 0.043227 9.971851e-01 0.515812 0.222134 8.236032e-01
0.873736 0.043374 9.971621e-01 0.507283 0.224989 8.148844e-01
0.873167 0.043510 9.971406e-01 0.498889 0.227758 8.060013e-01
0.872618 0.043637 9.971204e-01 0.490625 0.230445 7.969553e-01
0.872088 0.043754 9.971015e-01 0.482490 0.233055 7.877479e-01
0.871576 0.043863 9.970837e-01 0.474482 0.235594 7.783806e-01
0.871081 0.043963 9.970670e-01 0.466597 0.238067 7.688556e-01
0.870604 0.044056 9.970514e-01 0.458833 0.240476 7.591750e-01
0.870142 0.044143 9.970367e-01 0.451189 0.242827 7.493419e-01
0.869695 0.044223 9.970230e-01 0.443662 0.245122 7.393596e-01
0.869263 0.044297 9.970100e-01 0.436250 0.247365 7.292321e-01
0.868845 0.044365 9.969979e-01 0.428951 0.249559 7.189641e-01
0.868440 0.044429 9.969866e-01 0.421764 0.251705 7.085607e-01
