-25.000000 1.971337 -51.254758 0.318432 9.707489e-01
-24.700000 1.970421 -50.639811 0.318279 9.707496e-01
-24.400000 1.969483 -50.024865 0.318124 9.707504e-01
-24.100000 1.968523 -49.409920 0.317964 9.707513e-01
-23.800000 1.967539 -48.794976 0.317800 9.707522e-01
-23.500000 1.966532 -48.180034 0.317632 9.707531e-01
-23.200000 1.965500 -47.565092 0.317459 9.707541e-01
-22.900000 1.964441 -46.950152 0.317283 9.707552e-01
-22.600000 1.963356 -46.335212 0.317101 9.707564e-01
-22.300000 1.962243 -45.720273 0.316914 9.707576e-01
-22.000000 1.961102 -45.105335 0.316723 9.707589e-01
-21.700000 1.959929 -44.490399 0.316525 9.707603e-01
-21.400000 1.958726 -43.875462 0.316323 9.707618e-01
-21.100000 1.957490 -43.260527 0.316114 9.707634e-01
-20.800000 1.956220 -42.645592 0.315900 9.707651e-01
-20.500000 1.954914 -42.030658 0.315679 9.707669e-01
-20.200000 1.953572 -41.415725 0.315451 9.707689e-01
-19.900000 1.952191 -40.800792 0.315217 9.707709e-01
-19.600000 1.950770 -40.185859 0.314975 9.707732e-01
-19.300000 1.949307 -39.570927 0.314725 9.707756e-01
-19.000000 1.947800 -38.955995 0.314467 9.707782e-01
-18.700000 1.946247 -38.341062 0.314201 9.707810e-01
-18.400000 1.944646 -37.726130 0.313926 9.707839e-01
-18.100000 1.942995 -37.111197 0.313642 9.707872e-01
-17.800000 1.941291 -36.496264 0.313348 9.707906e-01
-17.500000 1.939531 -35.881330 0.313043 9.707943e-01
-17.200000 1.937714 -35.266395 0.312728 9.707984e-01
-16.900000 1.935836 -34.651459 0.312401 9.708027e-01
-16.600000 1.933893 -34.036522 0.312061 9.708074e-01
-16.300000 1.931883 -33.421583 0.311709 9.708125e-01
-16.000000 1.929802 -32.806642 0.311343 9.708180e-01
-15.700000 1.927647 -32.191699 0.310963 9.708240e-01
-15.400000 1.925412 -31.576754 0.310567 9.708304e-01
-15.100000 1.923094 -30.961806 0.310154 9.708374e-01
-14.800000 1.920687 -30.346854 0.309724 9.708451e-01
-14.500000 1.918187 -29.731899 0.309276 9.708533e-01
-14.200000 1.915588 -29.116940 0.308808 9.708624e-01
-13.900000 1.912884 -28.501976 0.308318 9.708722e-01
-13.600000 1.910069 -27.887007 0.307806 9.708829e-01
-13.300000 1.907135 -27.272032 0.307270 9.708947e-01
-13.000000 1.904075 -26.657051 0.306707 9.709075e-01
-12.700000 1.900881 -26.042064 0.306116 9.709215e-01
-12.400000 1.897542 -25.427069 0.305496 9.709369e-01
-12.100000 1.894051 -24.812066 0.304842 9.709537e-01
-11.800000 1.890395 -24.197054 0.304154 9.709723e-01
-11.500000 1.886563 -23.582032 0.303427 9.709927e-01
-11.200000 1.882541 -22.967000 0.302660 9.710152e-01
-10.900000 1.878316 -22.351957 0.301847 9.710400e-01
-10.600000 1.873871 -21.736902 0.300986 9.710674e-01
-10.300000 1.869189 -21.121835 0.300072 9.710978e-01
-10.000000 1.864250 -20.506753 0.299099 9.711315e-01
-9.700000 1.859033 -19.891658 0.298063 9.711689e-01
-9.400000 1.853514 -19.276547 0.296957 9.712106e-01
-9.100000 1.847665 -18.661421 0.295774 9.712570e-01
-8.800000 1.841457 -18.046278 0.294506 9.713090e-01
-8.500000 1.834854 -17.431118 0.293143 9.713672e-01
-8.200000 1.827820 -16.815941 0.291676 9.714326e-01
-7.900000 1.820309 -16.200746 0.290092 9.715062e-01
-7.600000 1.812272 -15.585536 0.288377 9.715893e-01
-7.300000 1.803652 -14.970309 0.286515 9.716835e-01
-7.000000 1.794384 -14.355069 0.284488 9.717905e-01
-6.700000 1.784392 -13.739817 0.282274 9.719125e-01
-6.400000 1.773589 -13.124559 0.279846 9.720523e-01
-6.100000 1.761873 -12.509300 0.277175 9.722129e-01
-5.800000 1.749125 -11.894050 0.274223 9.723984e-01
-5.500000 1.735203 -11.278822 0.270947 9.726137e-01
-5.200000 1.719941 -10.663636 0.267294 9.728651e-01
-4.900000 1.703139 -10.048521 0.263199 9.731602e-01
-4.600000 1.684557 -9.433521 0.258584 9.735092e-01
-4.300000 1.663906 -8.818702 0.253347 9.739249e-01
-4.000000 1.640833 -8.204165 0.247366 9.744245e-01
-3.700000 1.614908 -7.590069 0.240480 9.750308e-01
-3.400000 1.585607 -6.976672 0.232481 9.757754e-01
-3.100000 1.552291 -6.364394 0.223090 9.767030e-01
-2.800000 1.514196 -5.753944 0.211921 9.778795e-01
-2.500000 1.470440 -5.146542 0.198420 9.794051e-01
-2.200000 1.420096 -4.544308 0.181766 9.814315e-01
-1.900000 1.362393 -3.950941 0.160803 9.841666e-01
-1.600000 1.297239 -3.372821 0.134235 9.877853e-01
-1.300000 1.226350 -2.820605 0.101794 9.921060e-01
-1.000000 1.154962 -2.309925 0.066650 9.961689e-01
-0.700000 1.091341 -1.855280 0.035946 9.987487e-01
-0.400000 1.040517 -1.456724 0.015018 9.997595e-01
-0.100000 1.000334 -1.100367 0.007530 9.999346e-01
0.200000 0.966047 -0.772837 0.014849 9.997272e-01
0.500000 0.934351 -0.467176 0.024080 9.992335e-01
0.800000 0.903782 -0.180756 0.033534 9.984126e-01
1.100000 13.987918 1.398792 1.040081 9.936556e-01
1.400000 0.846838 0.338735 0.052367 9.956033e-01
1.700000 0.821266 0.574886 0.060497 9.937726e-01
2.000000 0.798394 0.798394 0.067360 9.918465e-01
2.300000 0.778306 1.011798 0.072897 9.899708e-01
2.600000 0.760844 1.217350 0.077242 9.882375e-01
2.900000 0.745721 1.416869 0.080607 9.866862e-01
3.200000 0.732613 1.611748 0.083208 9.853214e-01
3.500000 0.721213 1.803032 0.085225 9.841299e-01
3.800000 0.711252 1.991505 0.086797 9.830926e-01
4.100000 0.702502 2.177755 0.088028 9.821899e-01
4.400000 0.694773 2.362229 0.088994 9.814044e-01
4.700000 0.687911 2.545272 0.089752 9.807207e-01
5.000000 0.681787 2.727150 0.090342 9.801259e-01
5.300000 0.676296 2.908072 0.090796 9.796091e-01
5.600000 0.671348 3.088203 0.091139 9.791605e-01
5.900000 0.666872 3.267674 0.091389 9.787719e-01
6.200000 0.662806 3.446590 0.091564 9.784360e-01
6.500000 0.659097 3.625035 0.091675 9.781462e-01
6.800000 0.655703 3.803077 0.091733 9.778968e-01
7.100000 0.652586 3.980772 0.091748 9.776828e-01
7.400000 0.649713 4.158164 0.091727 9.774997e-01
7.700000 0.647058 4.335291 0.091676 9.773433e-01
8.000000 0.644598 4.512184 0.091601 9.772104e-01
8.300000 0.642311 4.688867 0.091507 9.770977e-01
8.600000 0.640179 4.865362 0.091397 9.770025e-01
8.900000 0.638188 5.041687 0.091275 9.769225e-01
9.200000 0.636324 5.217857 0.091143 9.768555e-01
9.500000 0.634575 5.393886 0.091005 9.767997e-01
9.800000 0.632930 5.569784 0.090861 9.767537e-01
10.100000 0.631380 5.745561 0.090714 9.767158e-01
10.400000 0.629918 5.921225 0.090565 9.766851e-01
10.700000 0.628535 6.096785 0.090415 9.766605e-01
11.000000 0.627225 6.272247 0.090265 9.766409e-01
11.300000 0.625982 6.447616 0.090116 9.766258e-01
11.600000 0.624802 6.622899 0.089969 9.766144e-01
11.900000 0.623679 6.798100 0.089824 9.766061e-01
12.200000 0.622609 6.973224 0.089681 9.766004e-01
12.500000 0.621589 7.148274 0.089540 9.765970e-01
12.800000 0.620615 7.323255 0.089403 9.765954e-01
13.100000 0.619683 7.498169 0.089269 9.765954e-01
13.400000 0.618792 7.673021 0.089138 9.765967e-01
13.700000 0.617938 7.847813 0.089011 9.765989e-01
14.000000 0.617119 8.022548 0.088887 9.766021e-01
14.300000 0.616333 8.197228 0.088766 9.766059e-01
14.600000 0.615578 8.371857 0.088649 9.766102e-01
14.900000 0.614852 8.546436 0.088535 9.766150e-01
15.200000 0.614153 8.720968 0.088425 9.766200e-01
15.500000 0.613480 8.895454 0.088317 9.766253e-01
15.800000 0.612831 9.069898 0.088214 9.766308e-01
16.100000 0.612205 9.244299 0.088113 9.766363e-01
16.400000 0.611601 9.418662 0.088015 9.766419e-01
16.700000 0.611018 9.592986 0.087920 9.766475e-01
17.000000 0.610455 9.767274 0.087829 9.766530e-01
17.300000 0.609910 9.941527 0.087740 9.766585e-01
17.600000 0.609382 10.115746 0.087654 9.766639e-01
17.900000 0.608872 10.289934 0.087570 9.766691e-01
18.200000 0.608377 10.464090 0.087489 9.766743e-01
18.500000 0.607898 10.638217 0.087410 9.766793e-01
18.800000 0.607433 10.812316 0.087334 9.766842e-01
19.100000 0.606983 10.986388 0.087260 9.766889e-01
19.400000 0.606545 11.160433 0.087189 9.766935e-01
19.700000 0.606121 11.334454 0.087119 9.766979e-01
20.000000 0.605708 11.508450 0.087052 9.767022e-01
20.300000 0.605307 11.682422 0.086986 9.767063e-01
20.600000 0.604917 11.856373 0.086923 9.767102e-01
20.900000 0.604538 12.030302 0.086861 9.767140e-01
21.200000 0.604169 12.204210 0.086801 9.767177e-01
21.500000 0.603810 12.378098 0.086743 9.767211e-01
21.800000 0.603460 12.551967 0.086686 9.767245e-01
22.100000 0.603119 12.725818 0.086631 9.767277e-01
22.400000 0.602787 12.899651 0.086578 9.767308e-01
22.700000 0.602464 13.073466 0.086526 9.767337e-01
23.000000 0.602148 13.247265 0.086475 9.767365e-01
23.300000 0.601841 13.421048 0.086426 9.767391e-01
23.600000 0.601541 13.594815 0.086378 9.767417e-01
23.900000 0.601248 13.768568 0.086331 9.767441e-01
24.200000 0.600961 13.942306 0.086286 9.767464e-01
24.500000 0.600682 14.116030 0.086241 9.767487e-01
24.800000 0.600409 14.289741 0.086198 9.767508e-01
