-25.000000 1.759422 -45.744969 0.631317 8.705574e-01
-24.700000 1.758600 -45.196031 0.630988 8.705696e-01
-24.400000 1.757760 -44.647093 0.630651 8.705824e-01
-24.100000 1.756899 -44.098153 0.630305 8.705957e-01
-23.800000 1.756017 -43.549213 0.629950 8.706095e-01
-23.500000 1.755113 -43.000273 0.629585 8.706239e-01
-23.200000 1.754187 -42.451332 0.629211 8.706390e-01
-22.900000 1.753238 -41.902390 0.628827 8.706547e-01
-22.600000 1.752265 -41.353448 0.628432 8.706711e-01
-22.300000 1.751266 -40.804506 0.628026 8.706883e-01
-22.000000 1.750242 -40.255564 0.627608 8.707062e-01
-21.700000 1.749190 -39.706622 0.627179 8.707250e-01
-21.400000 1.748111 -39.157680 0.626737 8.707447e-01
-21.100000 1.747002 -38.608738 0.626282 8.707654e-01
-20.800000 1.745862 -38.059797 0.625813 8.707871e-01
-20.500000 1.744691 -37.510857 0.625330 8.708098e-01
-20.200000 1.743487 -36.961917 0.624832 8.708338e-01
-19.900000 1.742248 -36.412978 0.624318 8.708589e-01
-19.600000 1.740973 -35.864041 0.623788 8.708854e-01
-19.300000 1.739660 -35.315105 0.623240 8.709134e-01
-19.000000 1.738309 -34.766171 0.622674 8.709428e-01
-18.700000 1.736916 -34.217239 0.622089 8.709739e-01
-18.400000 1.735480 -33.668310 0.621484 8.710067e-01
-18.100000 1.733999 -33.119383 0.620858 8.710415e-01
-17.800000 1.732471 -32.570459 0.620209 8.710782e-01
-17.500000 1.730894 -32.021539 0.619537 8.711171e-01
-17.200000 1.729265 -31.472623 0.618841 8.711584e-01
-16.900000 1.727582 -30.923711 0.618118 8.712021e-01
-16.600000 1.725841 -30.374804 0.617367 8.712486e-01
-16.300000 1.724041 -29.825902 0.616587 8.712980e-01
-16.000000 1.722177 -29.277007 0.615776 8.713506e-01
-15.700000 1.720247 -28.728118 0.614933 8.714065e-01
-15.400000 1.718246 -28.179237 0.614054 8.714662e-01
-15.100000 1.716172 -27.630364 0.613138 8.715298e-01
-14.800000 1.714019 -27.081500 0.612183 8.715978e-01
-14.500000 1.711784 -26.532647 0.611187 8.716705e-01
-14.200000 1.709461 -25.983804 0.610145 8.717482e-01
-13.900000 1.707045 -25.434973 0.609056 8.718315e-01
-13.600000 1.704531 -24.886156 0.607916 8.719207e-01
-13.300000 1.701913 -24.337353 0.606722 8.720165e-01
-13.000000 1.699183 -23.788567 0.605469 8.721195e-01
-12.700000 1.696336 -23.239798 0.604154 8.722302e-01
-12.400000 1.693362 -22.691049 0.602773 8.723495e-01
-12.100000 1.690254 -22.142322 0.601319 8.724781e-01
-11.800000 1.687001 -21.593618 0.599787 8.726169e-01
-11.500000 1.683595 -21.044940 0.598172 8.727669e-01
-11.200000 1.680024 -20.496292 0.596467 8.729292e-01
-10.900000 1.676275 -19.947675 0.594664 8.731052e-01
-10.600000 1.672336 -19.399093 0.592755 8.732961e-01
-10.300000 1.668190 -18.850551 0.590731 8.735037e-01
-10.000000 1.663823 -18.302053 0.588582 8.737297e-01
-9.700000 1.659215 -17.753605 0.586296 8.739762e-01
-9.400000 1.654347 -17.205211 0.583861 8.742455e-01
-9.100000 1.649196 -16.656880 0.581262 8.745404e-01
-8.800000 1.643737 -16.108621 0.578483 8.748641e-01
-8.500000 1.637941 -15.560442 0.575506 8.752201e-01
-8.200000 1.631778 -15.012357 0.572309 8.756129e-01
-7.900000 1.625211 -14.464380 0.568868 8.760474e-01
-7.600000 1.618201 -13.916530 0.565156 8.765297e-01
-7.300000 1.610702 -13.368830 0.561139 8.770671e-01
-7.000000 1.602663 -12.821307 0.556781 8.776684e-01
-6.700000 1.594026 -12.273998 0.552035 8.783443e-01
-6.400000 1.584722 -11.726946 0.546850 8.791081e-01
-6.100000 1.574677 -11.180208 0.541162 8.799764e-01
-5.800000 1.563802 -10.633854 0.534893 8.809702e-01
-5.500000 1.551996 -10.087975 0.527950 8.821159e-01
-5.200000 1.539142 -9.542681 0.520219 8.834476e-01
-4.900000 1.525104 -8.998112 0.511558 8.850092e-01
-4.600000 1.509722 -8.454442 0.501789 8.868573e-01
-4.300000 1.492808 -7.911883 0.490691 8.890657e-01
-4.000000 1.474140 -7.370702 0.477983 8.917309e-01
-3.700000 1.453453 -6.831228 0.463307 8.949796e-01
-3.400000 1.430427 -6.293878 0.446202 8.989801e-01
-3.100000 1.404679 -5.759185 0.426063 9.039570e-01
-2.800000 1.375747 -5.227837 0.402080 9.102127e-01
-2.500000 1.343053 -4.700686 0.373154 9.181485e-01
-2.200000 1.305853 -4.178731 0.337783 9.282722e-01
-1.900000 1.263129 -3.663073 0.293946 9.411402e-01
-1.600000 1.213528 -3.155172 0.239123 9.570840e-01
-1.300000 1.156004 -2.658810 0.171405 9.752392e-01
-1.000000 1.094150 -2.188301 0.096003 9.911875e-01
-0.700000 1.044397 -1.775475 0.037287 9.985301e-01
-0.400000 1.017489 -1.424485 0.010961 9.998660e-01
-0.100000 1.002785 -1.103063 0.001298 9.999981e-01
0.200000 0.992044 -0.793635 0.004756 9.999735e-01
0.500000 0.982777 -0.491388 0.008909 9.999051e-01
0.800000 0.974299 -0.194860 0.012425 9.998122e-01
1.100000 16.049615 1.604962 1.858010 9.847587e-01
1.400000 0.959403 0.383761 0.018322 9.995790e-01
1.700000 0.952654 0.666858 0.020687 9.994557e-01
2.000000 0.946390 0.946390 0.022755 9.993328e-01
2.300000 0.940571 1.222743 0.024554 9.992136e-01
2.600000 0.935163 1.496261 0.026111 9.991005e-01
2.900000 0.930133 1.767253 0.027456 9.989948e-01
3.200000 0.925450 2.035990 0.028614 9.988972e-01
3.500000 0.921084 2.302710 0.029609 9.988081e-01
3.800000 0.917008 2.567622 0.030463 9.987271e-01
4.100000 0.913195 2.830906 0.031197 9.986540e-01
4.400000 0.909623 3.092718 0.031827 9.985882e-01
4.700000 0.906269 3.353195 0.032369 9.985289e-01
5.000000 0.903114 3.612457 0.032837 9.984756e-01
5.300000 0.900142 3.870609 0.033242 9.984275e-01
5.600000 0.897335 4.127742 0.033595 9.983839e-01
5.900000 0.894681 4.383937 0.033904 9.983444e-01
6.200000 0.892167 4.639267 0.034176 9.983083e-01
6.500000 0.889781 4.893797 0.034417 9.982751e-01
6.800000 0.887514 5.147584 0.034634 9.982445e-01
7.100000 0.885357 5.400680 0.034829 9.982160e-01
7.400000 0.883302 5.653134 0.035006 9.981895e-01
7.700000 0.881341 5.904987 0.035168 9.981646e-01
8.000000 0.879469 6.156280 0.035318 9.981410e-01
8.300000 0.877678 6.407049 0.035458 9.981187e-01
8.600000 0.875964 6.657326 0.035588 9.980975e-01
8.900000 0.874322 6.907143 0.035710 9.980772e-01
9.200000 0.872747 7.156528 0.035826 9.980578e-01
9.500000 0.871236 7.405508 0.035935 9.980392e-01
9.800000 0.869785 7.654106 0.036039 9.980213e-01
10.100000 0.868390 7.902347 0.036138 9.980040e-01
10.400000 0.867048 8.150250 0.036232 9.979874e-01
10.700000 0.865756 8.397836 0.036323 9.979713e-01
11.000000 0.864512 8.645124 0.036409 9.979558e-01
11.300000 0.863314 8.892131 0.036492 9.979408e-01
11.600000 0.862158 9.138873 0.036572 9.979263e-01
11.900000 0.861043 9.385366 0.036648 9.979123e-01
12.200000 0.859966 9.631624 0.036721 9.978987e-01
12.500000 0.858927 9.877659 0.036791 9.978856e-01
12.800000 0.857923 10.123486 0.036859 9.978729e-01
13.100000 0.856952 10.369115 0.036924 9.978606e-01
13.400000 0.856013 10.614558 0.036986 9.978487e-01
13.700000 0.855104 10.859825 0.037045 9.978372e-01
14.000000 0.854225 11.104926 0.037103 9.978261e-01
14.300000 0.853374 11.349870 0.037157 9.978153e-01
14.600000 0.852549 11.594666 0.037210 9.978049e-01
14.900000 0.851750 11.839321 0.037261 9.977948e-01
15.200000 0.850975 12.083844 0.037309 9.977851e-01
15.500000 0.850223 12.328240 0.037355 9.977757e-01
15.800000 0.849494 12.572518 0.037400 9.977666e-01
16.100000 0.848787 12.816683 0.037442 9.977578e-01
16.400000 0.848100 13.060742 0.037483 9.977493e-01
16.700000 0.847433 13.304699 0.037522 9.977410e-01
17.000000 0.846785 13.548560 0.037560 9.977331e-01
17.300000 0.846155 13.792330 0.037596 9.977254e-01
17.600000 0.845543 14.036014 0.037630 9.977179e-01
17.900000 0.844948 14.279615 0.037663 9.977107e-01
18.200000 0.844369 14.523138 0.037695 9.977038e-01
18.500000 0.843805 14.766587 0.037725 9.976970e-01
18.800000 0.843256 15.009966 0.037754 9.976905e-01
19.100000 0.842722 15.253277 0.037781 9.976842e-01
19.400000 0.842202 15.496524 0.037808 9.976781e-01
19.700000 0.841696 15.739710 0.037833 9.976722e-01
20.000000 0.841202 15.982838 0.037857 9.976665e-01
20.300000 0.840721 16.225910 0.037881 9.976609e-01
20.600000 0.840252 16.468930 0.037903 9.976556e-01
20.900000 0.839794 16.711898 0.037924 9.976504e-01
21.200000 0.839347 16.954819 0.037945 9.976454e-01
21.500000 0.838912 17.197694 0.037964 9.976405e-01
21.800000 0.838487 17.440524 0.037983 9.976358e-01
22.100000 0.838072 17.683312 0.038001 9.976312e-01
22.400000 0.837666 17.926060 0.038018 9.976268e-01
22.700000 0.837270 18.168768 0.038035 9.976225e-01
23.000000 0.836884 18.411440 0.038051 9.976183e-01
23.300000 0.836506 18.654076 0.038066 9.976143e-01
23.600000 0.836136 18.896678 0.038080 9.976104e-01
23.900000 0.835775 19.139248 0.038094 9.976066e-01
24.200000 0.835422 19.381786 0.038108 9.976029e-01
24.500000 0.835076 19.624293 0.038120 9.975993e-01
24.800000 0.834738 19.866772 0.038133 9.975958e-01
