1.426068 0.340555 9.382100e-01 0.645415 0.377031 7.173112e-01
1.365562 0.272689 9.559765e-01 0.750930 0.258590 8.795492e-01
1.296961 0.194386 9.747142e-01 0.850392 0.144762 9.676185e-01
1.234633 0.126833 9.879594e-01 0.922356 0.066394 9.940517e-01
1.184508 0.079021 9.948866e-01 0.965251 0.025187 9.992143e-01
1.143199 0.047063 9.980466e-01 0.988116 0.007302 9.999369e-01
1.104562 0.024825 9.994170e-01 0.997764 0.001707 9.999966e-01
1.062097 0.008960 9.999178e-01 0.995456 0.002335 9.999936e-01
1.007960 0.004475 9.999772e-01 0.976103 0.006291 9.999520e-01
0.933015 0.011117 9.998361e-01 0.926765 0.011564 9.998202e-01
0.832468 0.022143 9.991836e-01 0.830643 0.022410 9.991602e-01
0.716470 0.043123 9.958339e-01 0.685534 0.049408 9.940370e-01
0.609551 0.065682 9.867684e-01 0.520351 0.085485 9.697741e-01
0.530739 0.080301 9.742443e-01 0.375345 0.113984 9.037510e-01
0.481493 0.085935 9.645187e-01 0.270116 0.128311 7.932829e-01
