2.366953 1.341345 7.294618e-01 -0.000000 0.000000 1.000000e+00
2.366953 1.341345 7.294618e-01 -0.000000 0.000000 1.000000e+00
2.366953 1.341345 7.294618e-01 -0.000000 0.000000 1.000000e+00
2.366953 1.341345 7.294618e-01 -0.000000 0.000000 1.000000e+00
2.366953 1.341345 7.294618e-01 -0.000000 0.000000 1.000000e+00
2.366953 1.341345 7.294618e-01 -0.000000 0.000000 1.000000e+00
2.366953 1.341345 7.294618e-01 -0.000000 0.000000 1.000000e+00
2.366953 1.341345 7.294618e-01 -0.000000 0.000000 1.000000e+00
2.366953 1.341345 7.294618e-01 -0.000000 0.000000 1.000000e+00
2.366953 1.341345 7.294618e-01 -0.000000 0.000000 1.000000e+00
2.366953 1.341345 7.294618e-01 -0.000000 0.000000 1.000000e+00
2.366953 1.341345 7.294618e-01 -0.000000 0.000000 1.000000e+00
2.366953 1.341345 7.294618e-01 -0.000000 0.000000 1.000000e+00
2.366953 1.341345 7.294618e-01 -0.000000 0.000000 1.000000e+00
2.366953 1.341345 7.294618e-01 -0.000000 0.000000 1.000000e+00
2.366953 1.341345 7.294618e-01 -0.000000 0.000000 3.000000e+04
2.366953 1.341345 7.294618e-01 -0.000000 0.000000 3.000000e+04
2.366953 1.341345 7.294618e-01 -0.000000 0.000000 3.000000e+04
2.366953 1.341345 7.294618e-01 -0.000000 0.000000 3.000000e+04
2.366953 1.341345 7.294618e-01 -0.000000 0.000000 3.000000e+04
2.366953 1.341345 7.294618e-01 -0.000000 0.000000 3.000000e+04
2.366953 1.341345 7.294618e-01 -0.000000 0.000000 3.000000e+04
2.366953 1.341345 7.294618e-01 -0.000000 0.000000 3.000000e+04
2.366953 1.341345 7.294618e-01 -0.000000 0.000000 3.000000e+04
2.366953 1.341345 7.294618e-01 -0.000000 0.000000 3.000000e+04
2.366953 1.341345 7.294618e-01 -0.000000 0.000000 3.000000e+04
2.366953 1.341345 7.294618e-01 -0.000000 0.000000 3.000000e+04
2.366953 1.341345 7.294618e-01 -0.000000 0.000000 3.000000e+04
2.366953 1.341345 7.294618e-01 -0.000000 0.000000 3.000000e+04
2.366953 1.341345 7.294618e-01 -0.000000 0.000000 3.000000e+04
2.366953 1.341345 7.294618e-01 -0.000000 0.000000 3.000000e+04
2.366953 1.341345 7.294618e-01 -0.000000 0.000000 3.000000e+04
2.366953 1.341345 7.294618e-01 -0.000000 0.000000 3.000000e+04
2.366953 1.341345 7.294618e-01 -0.000000 0.000000 3.000000e+04
2.366953 1.341345 7.294618e-01 -0.000000 0.000000 3.000000e+04
2.366953 1.341345 7.294618e-01 -0.000000 0.000000 3.000000e+04
2.366953 1.341345 7.294618e-01 -0.000000 0.000000 3.000000e+04
2.366953 1.341345 7.294618e-01 -0.000000 0.000001 3.000000e+04
2.366953 1.341345 7.294618e-01 -0.000000 0.000001 3.000000e+04
2.366953 1.341345 7.294618e-01 -0.000000 0.000001 3.000000e+04
2.366953 1.341345 7.294618e-01 -0.000000 0.000002 3.000000e+04
2.366953 1.341345 7.294618e-01 -0.000001 0.000002 3.000000e+04
2.366953 1.341345 7.294618e-01 -0.000001 0.000003 3.000000e+04
0.999361 0.405653 8.401394e-01 0.963575 0.010637 9.998593e-01
0.979804 0.021156 9.994619e-01 0.962513 0.009696 9.998828e-01
0.961884 0.014280 9.997455e-01 0.956393 0.011857 9.998225e-01
0.948611 0.008945 9.998973e-01 0.947843 0.008593 9.999051e-01
0.937507 0.005514 9.999601e-01 0.937331 0.005504 9.999602e-01
0.927562 0.007479 9.999249e-01 0.924923 0.008623 9.998996e-01
0.918410 0.011484 9.998195e-01 0.910753 0.015471 9.996669e-01
0.909893 0.015465 9.996665e-01 0.895012 0.023301 9.992178e-01
0.901935 0.019094 9.994827e-01 0.877917 0.031504 9.985150e-01
0.894493 0.022342 9.992800e-01 0.859695 0.039858 9.975238e-01
0.887533 0.025239 9.990670e-01 0.840566 0.048242 9.962105e-01
0.881028 0.027822 9.988497e-01 0.820737 0.056578 9.945419e-01
0.874953 0.030128 9.986326e-01 0.800397 0.064809 9.924853e-01
0.869285 0.032188 9.984191e-01 0.779719 0.072888 9.900093e-01
0.864001 0.034029 9.982118e-01 0.758856 0.080773 9.870852e-01
0.859079 0.035674 9.980126e-01 0.737947 0.088429 9.836875e-01
0.854498 0.037141 9.978229e-01 0.717113 0.095825 9.797959e-01
0.850238 0.038449 9.976439e-01 0.696461 0.102932 9.753957e-01
0.846280 0.039611 9.974764e-01 0.676081 0.109726 9.704792e-01
0.842604 0.040639 9.973208e-01 0.656053 0.116186 9.650456e-01
0.839192 0.041547 9.971774e-01 0.636440 0.122298 9.591013e-01
0.836026 0.042344 9.970461e-01 0.617296 0.128050 9.526593e-01
0.833091 0.043041 9.969269e-01 0.598663 0.133439 9.457381e-01
0.830370 0.043647 9.968194e-01 0.580572 0.138464 9.383608e-01
0.827847 0.044170 9.967232e-01 0.563046 0.143131 9.305537e-01
0.825509 0.044619 9.966376e-01 0.546099 0.147451 9.223450e-01
0.823342 0.045001 9.965620e-01 0.529741 0.151436 9.137634e-01
0.821333 0.045323 9.964957e-01 0.513972 0.155105 9.048371e-01
0.819470 0.045593 9.964380e-01 0.498790 0.158476 8.955932e-01
0.817741 0.045815 9.963881e-01 0.484189 0.161572 8.860567e-01
0.816137 0.045996 9.963454e-01 0.470157 0.164414 8.762504e-01
0.814648 0.046140 9.963091e-01 0.456683 0.167025 8.661949e-01
0.813265 0.046253 9.962785e-01 0.443750 0.169427 8.559085e-01
0.811979 0.046337 9.962531e-01 0.431344 0.171642 8.454075e-01
0.810783 0.046398 9.962323e-01 0.419445 0.173690 8.347067e-01
0.809670 0.046439 9.962154e-01 0.408037 0.175590 8.238198e-01
0.808633 0.046461 9.962020e-01 0.397100 0.177360 8.127599e-01
0.807666 0.046469 9.961918e-01 0.386616 0.179016 8.015399e-01
0.806765 0.046463 9.961842e-01 0.376566 0.180571 7.901727e-01
0.805923 0.046447 9.961790e-01 0.366932 0.182039 7.786722e-01
0.805137 0.046421 9.961757e-01 0.357695 0.183429 7.670525e-01
0.804402 0.046388 9.961742e-01 0.348838 0.184750 7.553292e-01
0.803714 0.046348 9.961742e-01 0.340343 0.186010 7.435186e-01
0.803070 0.046303 9.961755e-01 0.332194 0.187215 7.316380e-01
0.802466 0.046254 9.961778e-01 0.324375 0.188371 7.197057e-01
0.801899 0.046201 9.961811e-01 0.316870 0.189481 7.077408e-01
