1.444377 0.298781 9.529107e-01 0.637910 0.288440 8.089892e-01
1.386416 0.254646 9.625017e-01 0.739034 0.211887 9.133000e-01
1.319463 0.197276 9.748342e-01 0.835999 0.128127 9.735898e-01
1.253485 0.141097 9.855784e-01 0.912032 0.061781 9.947286e-01
1.196587 0.098481 9.922384e-01 0.960659 0.023731 9.992958e-01
1.148757 0.070103 9.957177e-01 0.987137 0.007144 9.999395e-01
1.104514 0.049198 9.977140e-01 0.998204 0.001819 9.999962e-01
1.057421 0.028355 9.991703e-01 0.995706 0.002804 9.999908e-01
1.002687 0.002226 9.999943e-01 0.976324 0.012035 9.998246e-01
0.939550 0.031559 9.986987e-01 0.935111 0.034039 9.984722e-01
0.873169 0.068891 9.928627e-01 0.872075 0.069509 9.927168e-01
0.812399 0.102443 9.819677e-01 0.796358 0.111266 9.779531e-01
0.763789 0.126729 9.691868e-01 0.721355 0.148664 9.532434e-01
0.728479 0.141289 9.583667e-01 0.656342 0.175461 9.237596e-01
0.704031 0.148664 9.510281e-01 0.604010 0.191381 8.961055e-01
0.687222 0.151692 9.467301e-01 0.562981 0.199084 8.738091e-01
0.675412 0.152421 9.444533e-01 0.530603 0.201567 8.571499e-01
0.666789 0.152082 9.433282e-01 0.504366 0.201156 8.448120e-01
0.660198 0.151341 9.427860e-01 0.482326 0.199399 8.351610e-01
0.654925 0.150531 9.424995e-01 0.463106 0.197233 8.268076e-01
0.650534 0.149801 9.422968e-01 0.445779 0.195176 8.187455e-01
0.646757 0.149206 9.420959e-01 0.429739 0.193477 8.103168e-01
0.643428 0.148753 9.418641e-01 0.414603 0.192221 8.011314e-01
0.640445 0.148428 9.415940e-01 0.400141 0.191403 7.909898e-01
0.637740 0.148209 9.412905e-01 0.386220 0.190968 7.798236e-01
0.635272 0.148071 9.409635e-01 0.372773 0.190840 7.676532e-01
0.633010 0.147994 9.406242e-01 0.359773 0.190938 7.545592e-01
0.630934 0.147959 9.402833e-01 0.347218 0.191188 7.406627e-01
0.629028 0.147949 9.399498e-01 0.335115 0.191522 7.261109e-01
0.627278 0.147954 9.396309e-01 0.323482 0.191881 7.110662e-01
