1.234105 0.226799 9.624607e-01 0.737249 0.281379 8.560025e-01
1.176319 0.162208 9.785124e-01 0.838378 0.167962 9.557015e-01
1.124503 0.104994 9.900326e-01 0.913783 0.084000 9.903354e-01
1.085212 0.064493 9.959379e-01 0.959293 0.036400 9.983400e-01
1.057389 0.038979 9.984331e-01 0.983183 0.014028 9.997650e-01
1.037253 0.022966 9.994342e-01 0.994405 0.004900 9.999720e-01
1.021719 0.012199 9.998354e-01 0.998376 0.002190 9.999944e-01
1.008958 0.004404 9.999780e-01 0.997793 0.002484 9.999928e-01
0.998001 0.002570 9.999923e-01 0.993995 0.004488 9.999765e-01
0.988334 0.007439 9.999346e-01 0.987740 0.007738 9.999291e-01
0.979667 0.011770 9.998333e-01 0.979529 0.011838 9.998314e-01
0.971818 0.015522 9.997055e-01 0.969736 0.016519 9.996650e-01
0.964659 0.018796 9.995617e-01 0.958655 0.021594 9.994144e-01
0.958096 0.021672 9.994094e-01 0.946528 0.026926 9.990664e-01
0.952055 0.024214 9.992535e-01 0.933551 0.032410 9.986100e-01
0.946475 0.026470 9.990976e-01 0.919892 0.037968 9.980364e-01
0.941309 0.028479 9.989440e-01 0.905694 0.043537 9.973386e-01
0.936515 0.030273 9.987947e-01 0.891082 0.049062 9.965113e-01
0.932060 0.031876 9.986511e-01 0.876165 0.054502 9.955512e-01
0.927914 0.033310 9.985140e-01 0.861040 0.059818 9.944573e-01
0.924052 0.034591 9.983843e-01 0.845792 0.064977 9.932303e-01
0.920452 0.035735 9.982624e-01 0.830498 0.069953 9.918733e-01
0.917094 0.036753 9.981487e-01 0.815226 0.074720 9.903916e-01
0.913961 0.037658 9.980433e-01 0.800034 0.079260 9.887923e-01
0.911036 0.038459 9.979463e-01 0.784975 0.083555 9.870845e-01
0.908304 0.039164 9.978575e-01 0.770094 0.087594 9.852788e-01
0.905753 0.039784 9.977770e-01 0.755428 0.091367 9.833872e-01
0.903369 0.040324 9.977043e-01 0.741010 0.094870 9.814223e-01
0.901141 0.040792 9.976391e-01 0.726864 0.098100 9.793977e-01
0.899058 0.041195 9.975812e-01 0.713013 0.101059 9.773267e-01
0.897109 0.041539 9.975301e-01 0.699473 0.103749 9.752224e-01
0.895285 0.041829 9.974854e-01 0.686254 0.106179 9.730976e-01
0.893577 0.042071 9.974466e-01 0.673365 0.108357 9.709640e-01
0.891978 0.042269 9.974133e-01 0.660810 0.110292 9.688321e-01
0.890478 0.042429 9.973850e-01 0.648591 0.111998 9.667113e-01
0.889072 0.042554 9.973613e-01 0.636708 0.113487 9.646095e-01
0.887751 0.042649 9.973417e-01 0.625157 0.114774 9.625332e-01
0.886511 0.042716 9.973259e-01 0.613933 0.115873 9.604872e-01
0.885345 0.042760 9.973134e-01 0.603031 0.116800 9.584750e-01
0.884248 0.042783 9.973039e-01 0.592444 0.117569 9.564987e-01
0.883214 0.042787 9.972970e-01 0.582163 0.118197 9.545590e-01
0.882240 0.042776 9.972925e-01 0.572180 0.118696 9.526555e-01
0.881321 0.042751 9.972900e-01 0.562486 0.119083 9.507864e-01
0.880453 0.042715 9.972892e-01 0.553070 0.119370 9.489494e-01
0.879633 0.042669 9.972900e-01 0.543923 0.119572 9.471410e-01
0.878856 0.042614 9.972922e-01 0.535036 0.119699 9.453571e-01
0.878121 0.042553 9.972954e-01 0.526399 0.119764 9.435930e-01
0.877424 0.042486 9.972996e-01 0.518002 0.119778 9.418436e-01
0.876763 0.042415 9.973046e-01 0.509836 0.119752 9.401034e-01
0.876135 0.042341 9.973102e-01 0.501892 0.119693 9.383666e-01
0.875538 0.042263 9.973163e-01 0.494160 0.119612 9.366272e-01
0.874970 0.042184 9.973229e-01 0.486632 0.119514 9.348791e-01
0.874428 0.042103 9.973298e-01 0.479299 0.119409 9.331164e-01
0.873913 0.042022 9.973369e-01 0.472155 0.119301 9.313330e-01
0.873420 0.041941 9.973442e-01 0.465190 0.119196 9.295229e-01
0.872950 0.041860 9.973516e-01 0.458398 0.119099 9.276805e-01
0.872501 0.041779 9.973590e-01 0.451772 0.119015 9.258001e-01
0.872071 0.041699 9.973665e-01 0.445305 0.118945 9.238765e-01
0.871660 0.041621 9.973739e-01 0.438990 0.118895 9.219045e-01
0.871266 0.041543 9.973813e-01 0.432822 0.118865 9.198793e-01
0.870888 0.041467 9.973886e-01 0.426795 0.118858 9.177965e-01
0.870525 0.041393 9.973957e-01 0.420904 0.118876 9.156519e-01
0.870177 0.041321 9.974027e-01 0.415142 0.118918 9.134415e-01
0.869843 0.041250 9.974096e-01 0.409506 0.118987 9.111618e-01
0.869521 0.041181 9.974163e-01 0.403991 0.119082 9.088096e-01
0.869212 0.041115 9.974228e-01 0.398593 0.119204 9.063821e-01
0.868914 0.041050 9.974292e-01 0.393306 0.119352 9.038766e-01
0.868627 0.040987 9.974353e-01 0.388128 0.119525 9.012908e-01
0.868350 0.040926 9.974413e-01 0.383055 0.119724 8.986229e-01
0.868084 0.040867 9.974471e-01 0.378082 0.119946 8.958711e-01
0.867826 0.040810 9.974526e-01 0.373208 0.120192 8.930341e-01
0.867578 0.040755 9.974580e-01 0.368428 0.120461 8.901108e-01
0.867338 0.040702 9.974633e-01 0.363739 0.120750 8.871003e-01
0.867107 0.040651 9.974683e-01 0.359139 0.121059 8.840020e-01
0.866882 0.040601 9.974731e-01 0.354625 0.121387 8.808156e-01
0.866666 0.040554 9.974778e-01 0.350194 0.121733 8.775409e-01
0.866456 0.040508 9.974823e-01 0.345844 0.122095 8.741779e-01
0.866253 0.040463 9.974866e-01 0.341573 0.122471 8.707270e-01
0.866057 0.040421 9.974907e-01 0.337378 0.122861 8.671885e-01
0.865866 0.040380 9.974947e-01 0.333257 0.123264 8.635630e-01
0.865682 0.040340 9.974985e-01 0.329209 0.123678 8.598513e-01
0.865503 0.040302 9.975022e-01 0.325231 0.124102 8.560543e-01
0.865330 0.040266 9.975057e-01 0.321322 0.124535 8.521730e-01
0.865162 0.040230 9.975091e-01 0.317479 0.124975 8.482087e-01
0.864998 0.040196 9.975124e-01 0.313701 0.125423 8.441625e-01
0.864840 0.040164 9.975155e-01 0.309987 0.125876 8.400359e-01
0.864686 0.040132 9.975185e-01 0.306335 0.126335 8.358304e-01
0.864537 0.040102 9.975213e-01 0.302744 0.126797 8.315476e-01
0.864392 0.040073 9.975241e-01 0.299212 0.127262 8.271891e-01
0.864251 0.040045 9.975267e-01 0.295737 0.127730 8.227569e-01
