-25.000000 1.395332 -36.278644 0.285992 9.537297e-01
-24.700000 1.394685 -35.843404 0.285773 9.537563e-01
-24.400000 1.394022 -35.408170 0.285548 9.537838e-01
-24.100000 1.393344 -34.972942 0.285317 9.538123e-01
-23.800000 1.392650 -34.537719 0.285079 9.538419e-01
-23.500000 1.391939 -34.102503 0.284834 9.538726e-01
-23.200000 1.391210 -33.667294 0.284582 9.539045e-01
-22.900000 1.390464 -33.232091 0.284322 9.539376e-01
-22.600000 1.389699 -32.796896 0.284055 9.539719e-01
-22.300000 1.388915 -32.361709 0.283779 9.540077e-01
-22.000000 1.388110 -31.926530 0.283494 9.540448e-01
-21.700000 1.387285 -31.491359 0.283201 9.540835e-01
-21.400000 1.386437 -31.056197 0.282898 9.541237e-01
-21.100000 1.385568 -30.621045 0.282585 9.541657e-01
-20.800000 1.384674 -30.185903 0.282262 9.542093e-01
-20.500000 1.383757 -29.750770 0.281928 9.542549e-01
-20.200000 1.382814 -29.315649 0.281582 9.543024e-01
-19.900000 1.381844 -28.880539 0.281225 9.543520e-01
-19.600000 1.380847 -28.445441 0.280855 9.544038e-01
-19.300000 1.379820 -28.010356 0.280471 9.544579e-01
-19.000000 1.378764 -27.575284 0.280074 9.545146e-01
-18.700000 1.377676 -27.140225 0.279662 9.545738e-01
-18.400000 1.376556 -26.705182 0.279235 9.546358e-01
-18.100000 1.375401 -26.270154 0.278791 9.547008e-01
-17.800000 1.374210 -25.835141 0.278330 9.547689e-01
-17.500000 1.372981 -25.400146 0.277851 9.548404e-01
-17.200000 1.371713 -24.965169 0.277353 9.549154e-01
-16.900000 1.370403 -24.530211 0.276834 9.549943e-01
-16.600000 1.369050 -24.095272 0.276294 9.550772e-01
-16.300000 1.367651 -23.660354 0.275731 9.551644e-01
-16.000000 1.366203 -23.225459 0.275144 9.552562e-01
-15.700000 1.364706 -22.790587 0.274531 9.553530e-01
-15.400000 1.363155 -22.355739 0.273890 9.554551e-01
-15.100000 1.361548 -21.920918 0.273221 9.555629e-01
-14.800000 1.359881 -21.486124 0.272520 9.556767e-01
-14.500000 1.358152 -21.051359 0.271787 9.557972e-01
-14.200000 1.356357 -20.616626 0.271018 9.559246e-01
-13.900000 1.354492 -20.181926 0.270211 9.560597e-01
-13.600000 1.352552 -19.747260 0.269364 9.562029e-01
-13.300000 1.350534 -19.312633 0.268473 9.563550e-01
-13.000000 1.348432 -18.878045 0.267536 9.565166e-01
-12.700000 1.346241 -18.443500 0.266549 9.566886e-01
-12.400000 1.343955 -18.009002 0.265507 9.568718e-01
-12.100000 1.341569 -17.574552 0.264408 9.570672e-01
-11.800000 1.339075 -17.140156 0.263246 9.572758e-01
-11.500000 1.336465 -16.705817 0.262015 9.574988e-01
-11.200000 1.333733 -16.271540 0.260712 9.577376e-01
-10.900000 1.330868 -15.837330 0.259328 9.579936e-01
-10.600000 1.327862 -15.403194 0.257857 9.582684e-01
-10.300000 1.324702 -14.969137 0.256292 9.585639e-01
-10.000000 1.321379 -14.535169 0.254624 9.588820e-01
-9.700000 1.317878 -14.101296 0.252842 9.592252e-01
-9.400000 1.314186 -13.667531 0.250936 9.595959e-01
-9.100000 1.310285 -13.233883 0.248894 9.599971e-01
-8.800000 1.306160 -12.800367 0.246702 9.604321e-01
-8.500000 1.301789 -12.366998 0.244344 9.609046e-01
-8.200000 1.297152 -11.933795 0.241802 9.614189e-01
-7.900000 1.292223 -11.500781 0.239056 9.619798e-01
-7.600000 1.286975 -11.067981 0.236082 9.625930e-01
-7.300000 1.281377 -10.635428 0.232854 9.632647e-01
-7.000000 1.275395 -10.203161 0.229341 9.640022e-01
-6.700000 1.268991 -9.771228 0.225506 9.648142e-01
-6.400000 1.262120 -9.339689 0.221308 9.657104e-01
-6.100000 1.254735 -8.908618 0.216696 9.667022e-01
-5.800000 1.246781 -8.478110 0.211613 9.678030e-01
-5.500000 1.238197 -8.048282 0.205988 9.690284e-01
-5.200000 1.228917 -7.619285 0.199736 9.703966e-01
-4.900000 1.218866 -7.191309 0.192755 9.719289e-01
-4.600000 1.207963 -6.764594 0.184920 9.736495e-01
-4.300000 1.196120 -6.339438 0.176078 9.755854e-01
-4.000000 1.183243 -5.916215 0.166042 9.777646e-01
-3.700000 1.169231 -5.495387 0.154592 9.802113e-01
-3.400000 1.153989 -5.077551 0.141485 9.829365e-01
-3.100000 1.137443 -4.663518 0.126494 9.859186e-01
-2.800000 1.119606 -4.254503 0.109505 9.890733e-01
-2.500000 1.100699 -3.852448 0.090725 9.922152e-01
-2.200000 1.081362 -3.460357 0.070996 9.950467e-01
-1.900000 1.062775 -3.082047 0.051982 9.972449e-01
-1.600000 1.046342 -2.720488 0.035677 9.986592e-01
-1.300000 1.032886 -2.375637 0.023224 9.994165e-01
-1.000000 1.022253 -2.044505 0.014353 9.997724e-01
-0.700000 1.013739 -1.723356 0.008055 9.999271e-01
-0.400000 1.006648 -1.409307 0.003441 9.999865e-01
-0.100000 1.000498 -1.100548 0.001339 9.999979e-01
0.200000 0.995001 -0.796001 0.003905 9.999822e-01
0.500000 0.989989 -0.494995 0.006555 9.999494e-01
0.800000 0.985362 -0.197072 0.008939 9.999050e-01
1.100000 16.382619 1.638262 2.001447 9.830557e-01
1.400000 0.977024 0.390810 0.013037 9.997944e-01
1.700000 0.973236 0.681265 0.014815 9.997325e-01
2.000000 0.969665 0.969665 0.016445 9.996680e-01
2.300000 0.966288 1.256175 0.017945 9.996019e-01
2.600000 0.963090 1.540944 0.019330 9.995350e-01
2.900000 0.960053 1.824101 0.020613 9.994679e-01
3.200000 0.957166 2.105766 0.021804 9.994011e-01
3.500000 0.954418 2.386044 0.022911 9.993349e-01
3.800000 0.951798 2.665033 0.023944 9.992697e-01
4.100000 0.949297 2.942821 0.024906 9.992057e-01
4.400000 0.946909 3.219490 0.025805 9.991431e-01
4.700000 0.944626 3.495117 0.026645 9.990820e-01
5.000000 0.942442 3.769769 0.027431 9.990226e-01
5.300000 0.940352 4.043514 0.028166 9.989650e-01
5.600000 0.938350 4.316410 0.028853 9.989093e-01
5.900000 0.936432 4.588514 0.029496 9.988555e-01
6.200000 0.934592 4.859879 0.030098 9.988037e-01
6.500000 0.932828 5.130551 0.030662 9.987538e-01
6.800000 0.931134 5.400578 0.031189 9.987060e-01
7.100000 0.929508 5.669999 0.031682 9.986601e-01
7.400000 0.927946 5.938855 0.032144 9.986162e-01
7.700000 0.926445 6.207182 0.032576 9.985742e-01
8.000000 0.925002 6.475013 0.032980 9.985341e-01
8.300000 0.923614 6.742379 0.033357 9.984959e-01
8.600000 0.922277 7.009309 0.033711 9.984595e-01
8.900000 0.920991 7.275830 0.034041 9.984248e-01
9.200000 0.919752 7.541968 0.034350 9.983918e-01
9.500000 0.918558 7.807744 0.034639 9.983604e-01
9.800000 0.917407 8.073182 0.034909 9.983306e-01
10.100000 0.916297 8.338299 0.035162 9.983023e-01
10.400000 0.915225 8.603116 0.035398 9.982754e-01
10.700000 0.914191 8.867649 0.035619 9.982499e-01
11.000000 0.913191 9.131914 0.035826 9.982257e-01
11.300000 0.912226 9.395925 0.036019 9.982027e-01
11.600000 0.911292 9.659698 0.036200 9.981810e-01
11.900000 0.910389 9.923243 0.036369 9.981603e-01
12.200000 0.909516 10.186574 0.036528 9.981407e-01
12.500000 0.908670 10.449701 0.036676 9.981222e-01
12.800000 0.907850 10.712635 0.036814 9.981046e-01
13.100000 0.907057 10.975385 0.036944 9.980879e-01
13.400000 0.906287 11.237961 0.037066 9.980720e-01
13.700000 0.905541 11.500370 0.037180 9.980570e-01
14.000000 0.904817 11.762620 0.037287 9.980427e-01
14.300000 0.904114 12.024720 0.037387 9.980291e-01
14.600000 0.903432 12.286675 0.037481 9.980163e-01
14.900000 0.902769 12.548492 0.037568 9.980040e-01
15.200000 0.902125 12.810177 0.037651 9.979924e-01
15.500000 0.901499 13.071737 0.037728 9.979814e-01
15.800000 0.900890 13.333175 0.037801 9.979709e-01
16.100000 0.900298 13.594498 0.037869 9.979609e-01
16.400000 0.899721 13.855709 0.037934 9.979514e-01
16.700000 0.899160 14.116814 0.037994 9.979423e-01
17.000000 0.898614 14.377817 0.038050 9.979337e-01
17.300000 0.898081 14.638721 0.038104 9.979254e-01
17.600000 0.897562 14.899530 0.038154 9.979176e-01
17.900000 0.897056 15.160249 0.038201 9.979101e-01
18.200000 0.896563 15.420880 0.038245 9.979030e-01
18.500000 0.896081 15.681426 0.038287 9.978961e-01
18.800000 0.895612 15.941891 0.038327 9.978896e-01
19.100000 0.895153 16.202277 0.038364 9.978833e-01
19.400000 0.894706 16.462588 0.038399 9.978774e-01
19.700000 0.894269 16.722825 0.038432 9.978717e-01
20.000000 0.893842 16.982991 0.038463 9.978662e-01
20.300000 0.893424 17.243090 0.038492 9.978609e-01
20.600000 0.893016 17.503122 0.038520 9.978559e-01
20.900000 0.892618 17.763090 0.038546 9.978511e-01
21.200000 0.892228 18.022996 0.038571 9.978464e-01
21.500000 0.891846 18.282842 0.038595 9.978420e-01
21.800000 0.891473 18.542631 0.038617 9.978377e-01
22.100000 0.891107 18.802363 0.038638 9.978335e-01
22.400000 0.890750 19.062041 0.038658 9.978296e-01
22.700000 0.890399 19.321665 0.038677 9.978258e-01
23.000000 0.890056 19.581239 0.038695 9.978221e-01
23.300000 0.889720 19.840763 0.038712 9.978185e-01
23.600000 0.889391 20.100239 0.038728 9.978151e-01
23.900000 0.889068 20.359667 0.038743 9.978118e-01
24.200000 0.888752 20.619051 0.038757 9.978086e-01
24.500000 0.888442 20.878390 0.038771 9.978055e-01
24.800000 0.888138 21.137686 0.038784 9.978025e-01
