-25.000000 2.780760 -72.299762 1.046528 8.594254e-01
-24.700000 2.779462 -71.432165 1.046039 8.594254e-01
-24.400000 2.778133 -70.564568 1.045539 8.594254e-01
-24.100000 2.776772 -69.696970 1.045027 8.594254e-01
-23.800000 2.775378 -68.829373 1.044502 8.594254e-01
-23.500000 2.773950 -67.961776 1.043965 8.594254e-01
-23.200000 2.772487 -67.094180 1.043414 8.594254e-01
-22.900000 2.770987 -66.226583 1.042849 8.594254e-01
-22.600000 2.769449 -65.358986 1.042270 8.594254e-01
-22.300000 2.767871 -64.491389 1.041677 8.594254e-01
-22.000000 2.766252 -63.623792 1.041067 8.594254e-01
-21.700000 2.764590 -62.756195 1.040442 8.594254e-01
-21.400000 2.762884 -61.888598 1.039800 8.594254e-01
-21.100000 2.761131 -61.021001 1.039140 8.594254e-01
-20.800000 2.759330 -60.153405 1.038463 8.594254e-01
-20.500000 2.757479 -59.285808 1.037766 8.594254e-01
-20.200000 2.755576 -58.418212 1.037050 8.594254e-01
-19.900000 2.753618 -57.550615 1.036313 8.594253e-01
-19.600000 2.751603 -56.683019 1.035554 8.594253e-01
-19.300000 2.749528 -55.815422 1.034774 8.594253e-01
-19.000000 2.747391 -54.947826 1.033969 8.594253e-01
-18.700000 2.745189 -54.080230 1.033141 8.594253e-01
-18.400000 2.742919 -53.212634 1.032286 8.594253e-01
-18.100000 2.740578 -52.345039 1.031405 8.594253e-01
-17.800000 2.738162 -51.477443 1.030496 8.594253e-01
-17.500000 2.735667 -50.609848 1.029557 8.594253e-01
-17.200000 2.733091 -49.742253 1.028588 8.594253e-01
-16.900000 2.730428 -48.874658 1.027586 8.594253e-01
-16.600000 2.727674 -48.007064 1.026549 8.594253e-01
-16.300000 2.724825 -47.139470 1.025477 8.594253e-01
-16.000000 2.721875 -46.271876 1.024367 8.594253e-01
-15.700000 2.718819 -45.404284 1.023217 8.594252e-01
-15.400000 2.715652 -44.536691 1.022025 8.594252e-01
-15.100000 2.712366 -43.669100 1.020788 8.594252e-01
-14.800000 2.708956 -42.801509 1.019505 8.594252e-01
-14.500000 2.705414 -41.933920 1.018172 8.594252e-01
-14.200000 2.701732 -41.066331 1.016787 8.594252e-01
-13.900000 2.697902 -40.198744 1.015345 8.594252e-01
-13.600000 2.693915 -39.331158 1.013845 8.594252e-01
-13.300000 2.689760 -38.463575 1.012281 8.594251e-01
-13.000000 2.685428 -37.595993 1.010651 8.594251e-01
-12.700000 2.680906 -36.728414 1.008949 8.594252e-01
-12.400000 2.676182 -35.860837 1.007171 8.594252e-01
-12.100000 2.671242 -34.993265 1.005311 8.594252e-01
-11.800000 2.666070 -34.125696 1.003365 8.594253e-01
-11.500000 2.660651 -33.258132 1.001325 8.594254e-01
-11.200000 2.654965 -32.390573 0.999184 8.594255e-01
-10.900000 2.648993 -31.523021 0.996936 8.594257e-01
-10.600000 2.642714 -30.655477 0.994572 8.594260e-01
-10.300000 2.636101 -29.787942 0.992081 8.594264e-01
-10.000000 2.629129 -28.920417 0.989455 8.594270e-01
-9.700000 2.621767 -28.052906 0.986681 8.594277e-01
-9.400000 2.613982 -27.185410 0.983747 8.594287e-01
-9.100000 2.605736 -26.317933 0.980639 8.594301e-01
-8.800000 2.596987 -25.450477 0.977339 8.594319e-01
-8.500000 2.587689 -24.583048 0.973830 8.594343e-01
-8.200000 2.577788 -23.715650 0.970091 8.594374e-01
-7.900000 2.567224 -22.848289 0.966099 8.594416e-01
-7.600000 2.555927 -21.980974 0.961826 8.594471e-01
-7.300000 2.543821 -21.113713 0.957242 8.594544e-01
-7.000000 2.530815 -20.246518 0.952309 8.594640e-01
-6.700000 2.516805 -19.379402 0.946988 8.594767e-01
-6.400000 2.501673 -18.512383 0.941229 8.594935e-01
-6.100000 2.485279 -17.645480 0.934975 8.595157e-01
-5.800000 2.467459 -16.778720 0.928158 8.595451e-01
-5.500000 2.448021 -15.912134 0.920696 8.595843e-01
-5.200000 2.426736 -15.045764 0.912494 8.596365e-01
-4.900000 2.403332 -14.179659 0.903431 8.597065e-01
-4.600000 2.377480 -13.313887 0.893364 8.598009e-01
-4.300000 2.348780 -12.448533 0.882111 8.599287e-01
-4.000000 2.316742 -11.583712 0.869449 8.601033e-01
-3.700000 2.280762 -10.719580 0.855089 8.603441e-01
-3.400000 2.240080 -9.856352 0.838662 8.606800e-01
-3.100000 2.193740 -8.994333 0.819686 8.611547e-01
-2.800000 2.140516 -8.133960 0.797517 8.618367e-01
-2.500000 2.078821 -7.275873 0.771282 8.628347e-01
-2.200000 2.006565 -6.421009 0.739775 8.643265e-01
-1.900000 1.920947 -5.570748 0.701298 8.666103e-01
-1.600000 1.818114 -4.727098 0.653416 8.701986e-01
-1.300000 1.692599 -3.892978 0.592580 8.760018e-01
-1.000000 1.536467 -3.072933 0.513489 8.857512e-01
-0.700000 1.339767 -2.277604 0.407267 9.035752e-01
-0.400000 1.114073 -1.559702 0.252896 9.438335e-01
-0.100000 0.973061 -1.070367 0.062169 9.953081e-01
0.200000 0.940855 -0.752684 0.018263 9.995650e-01
0.500000 0.931577 -0.465789 0.029238 9.988637e-01
0.800000 0.925919 -0.185184 0.029758 9.988086e-01
1.100000 14.839340 1.483934 2.227865 9.746304e-01
1.400000 0.917241 0.366896 0.027904 9.989324e-01
1.700000 0.913432 0.639403 0.026956 9.989952e-01
2.000000 0.909829 0.909829 0.026069 9.990528e-01
2.300000 0.906391 1.178308 0.025239 9.991054e-01
2.600000 0.903095 1.444951 0.024463 9.991533e-01
2.900000 0.899926 1.709859 0.023740 9.991970e-01
3.200000 0.896874 1.973123 0.023067 9.992366e-01
3.500000 0.893932 2.234830 0.022442 9.992727e-01
3.800000 0.891094 2.495064 0.021863 9.993053e-01
4.100000 0.888355 2.753902 0.021326 9.993349e-01
4.400000 0.885712 3.011422 0.020830 9.993616e-01
4.700000 0.883161 3.267697 0.020373 9.993858e-01
5.000000 0.880700 3.522799 0.019952 9.994077e-01
5.300000 0.878325 3.776797 0.019564 9.994274e-01
5.600000 0.876034 4.029757 0.019207 9.994451e-01
5.900000 0.873825 4.281743 0.018880 9.994612e-01
6.200000 0.871696 4.532817 0.018580 9.994756e-01
6.500000 0.869643 4.783037 0.018305 9.994886e-01
6.800000 0.867665 5.032458 0.018054 9.995003e-01
7.100000 0.865760 5.281134 0.017825 9.995107e-01
7.400000 0.863924 5.529115 0.017617 9.995200e-01
7.700000 0.862156 5.776447 0.017428 9.995283e-01
8.000000 0.860454 6.023175 0.017259 9.995356e-01
8.300000 0.858814 6.269341 0.017107 9.995420e-01
8.600000 0.857235 6.514983 0.016972 9.995475e-01
8.900000 0.855714 6.760139 0.016852 9.995523e-01
9.200000 0.854249 7.004841 0.016749 9.995563e-01
9.500000 0.852838 7.249122 0.016660 9.995595e-01
9.800000 0.851479 7.493011 0.016584 9.995621e-01
10.100000 0.850169 7.736536 0.016522 9.995640e-01
10.400000 0.848907 7.979721 0.016473 9.995653e-01
10.700000 0.847690 8.222591 0.016436 9.995660e-01
11.000000 0.846517 8.465168 0.016410 9.995662e-01
11.300000 0.845386 8.707471 0.016394 9.995659e-01
11.600000 0.844294 8.949521 0.016389 9.995650e-01
11.900000 0.843242 9.191333 0.016393 9.995637e-01
12.200000 0.842225 9.432925 0.016405 9.995620e-01
12.500000 0.841244 9.674310 0.016426 9.995599e-01
12.800000 0.840297 9.915504 0.016454 9.995574e-01
13.100000 0.839382 10.156519 0.016489 9.995546e-01
13.400000 0.838497 10.397367 0.016529 9.995514e-01
13.700000 0.837642 10.638058 0.016576 9.995480e-01
14.000000 0.836816 10.878603 0.016627 9.995443e-01
14.300000 0.836016 11.119011 0.016683 9.995403e-01
14.600000 0.835242 11.359291 0.016743 9.995362e-01
14.900000 0.834493 11.599451 0.016807 9.995318e-01
15.200000 0.833767 11.839498 0.016873 9.995272e-01
15.500000 0.833065 12.079439 0.016943 9.995226e-01
15.800000 0.832384 12.319281 0.017014 9.995177e-01
16.100000 0.831724 12.559029 0.017088 9.995128e-01
16.400000 0.831084 12.798689 0.017163 9.995077e-01
16.700000 0.830463 13.038266 0.017240 9.995026e-01
17.000000 0.829860 13.277764 0.017318 9.994973e-01
17.300000 0.829275 13.517188 0.017396 9.994921e-01
17.600000 0.828707 13.756541 0.017475 9.994867e-01
17.900000 0.828156 13.995829 0.017555 9.994813e-01
18.200000 0.827619 14.235053 0.017635 9.994759e-01
18.500000 0.827098 14.474218 0.017715 9.994705e-01
18.800000 0.826591 14.713326 0.017794 9.994651e-01
19.100000 0.826098 14.952380 0.017874 9.994597e-01
19.400000 0.825619 15.191382 0.017953 9.994542e-01
19.700000 0.825152 15.430336 0.018032 9.994488e-01
20.000000 0.824697 15.669243 0.018110 9.994434e-01
20.300000 0.824254 15.908105 0.018187 9.994380e-01
20.600000 0.823823 16.146924 0.018264 9.994327e-01
20.900000 0.823402 16.385703 0.018340 9.994274e-01
21.200000 0.822992 16.624442 0.018416 9.994221e-01
21.500000 0.822592 16.863144 0.018490 9.994169e-01
21.800000 0.822202 17.101810 0.018564 9.994116e-01
22.100000 0.821822 17.340441 0.018636 9.994065e-01
22.400000 0.821450 17.579039 0.018708 9.994014e-01
22.700000 0.821088 17.817605 0.018779 9.993963e-01
23.000000 0.820734 18.056140 0.018848 9.993913e-01
23.300000 0.820388 18.294645 0.018917 9.993864e-01
23.600000 0.820050 18.533121 0.018985 9.993814e-01
23.900000 0.819719 18.771570 0.019051 9.993766e-01
24.200000 0.819396 19.009991 0.019117 9.993718e-01
24.500000 0.819080 19.248387 0.019181 9.993671e-01
24.800000 0.818771 19.486757 0.019245 9.993624e-01
