1.897557 0.373345 9.572081e-01 0.382315 0.229194 7.066956e-01
1.883172 0.383498 9.542961e-01 0.420346 0.244653 7.187972e-01
1.864514 0.393953 9.509714e-01 0.464065 0.260508 7.331786e-01
1.839624 0.402373 9.476437e-01 0.514898 0.271844 7.564860e-01
1.804552 0.403230 9.454816e-01 0.575942 0.270311 7.972018e-01
1.750898 0.384801 9.471674e-01 0.653117 0.243307 8.618686e-01
1.663915 0.328252 9.569887e-01 0.752109 0.179526 9.382635e-01
1.534688 0.226004 9.755672e-01 0.861018 0.092554 9.868315e-01
1.387344 0.118281 9.916756e-01 0.942121 0.030978 9.987529e-01
1.251982 0.054267 9.978350e-01 0.976326 0.015145 9.997222e-01
1.121850 0.025568 9.994005e-01 0.969695 0.015914 9.996891e-01
0.981080 0.013582 9.997787e-01 0.920098 0.024259 9.991979e-01
0.833721 0.043865 9.968134e-01 0.824377 0.046190 9.963876e-01
0.700040 0.077624 9.859993e-01 0.697976 0.078146 9.857303e-01
0.594934 0.102890 9.666125e-01 0.567369 0.109507 9.587540e-01
0.518804 0.118771 9.429289e-01 0.450019 0.134021 9.070905e-01
0.464970 0.127936 9.195993e-01 0.350892 0.151067 8.236889e-01
0.426791 0.132898 8.992991e-01 0.269132 0.162031 7.049233e-01
