-25.000000 1.880810 -48.901063 0.524623 9.175554e-01
-24.700000 1.879914 -48.313801 0.524355 9.175608e-01
-24.400000 1.878997 -47.726536 0.524080 9.175663e-01
-24.100000 1.878058 -47.139267 0.523798 9.175721e-01
-23.800000 1.877097 -46.551995 0.523509 9.175782e-01
-23.500000 1.876111 -45.964718 0.523212 9.175845e-01
-23.200000 1.875101 -45.377438 0.522907 9.175911e-01
-22.900000 1.874065 -44.790154 0.522595 9.175980e-01
-22.600000 1.873003 -44.202866 0.522274 9.176052e-01
-22.300000 1.871913 -43.615574 0.521944 9.176128e-01
-22.000000 1.870795 -43.028277 0.521604 9.176207e-01
-21.700000 1.869647 -42.440976 0.521256 9.176290e-01
-21.400000 1.868467 -41.853670 0.520897 9.176377e-01
-21.100000 1.867256 -41.266360 0.520528 9.176469e-01
-20.800000 1.866011 -40.679045 0.520148 9.176565e-01
-20.500000 1.864731 -40.091724 0.519756 9.176666e-01
-20.200000 1.863415 -39.504399 0.519353 9.176773e-01
-19.900000 1.862061 -38.917068 0.518937 9.176885e-01
-19.600000 1.860667 -38.329731 0.518507 9.177003e-01
-19.300000 1.859231 -37.742389 0.518065 9.177128e-01
-19.000000 1.857752 -37.155040 0.517607 9.177259e-01
-18.700000 1.856228 -36.567686 0.517135 9.177398e-01
-18.400000 1.854656 -35.980325 0.516647 9.177546e-01
-18.100000 1.853034 -35.392958 0.516142 9.177701e-01
-17.800000 1.851361 -34.805584 0.515619 9.177867e-01
-17.500000 1.849633 -34.218203 0.515078 9.178042e-01
-17.200000 1.847847 -33.630815 0.514517 9.178228e-01
-16.900000 1.846001 -33.043419 0.513936 9.178426e-01
-16.600000 1.844092 -32.456016 0.513333 9.178636e-01
-16.300000 1.842116 -31.868605 0.512707 9.178860e-01
-16.000000 1.840070 -31.281185 0.512056 9.179099e-01
-15.700000 1.837950 -30.693758 0.511380 9.179354e-01
-15.400000 1.835751 -30.106321 0.510676 9.179626e-01
-15.100000 1.833471 -29.518876 0.509942 9.179917e-01
-14.800000 1.831103 -28.931422 0.509178 9.180229e-01
-14.500000 1.828642 -28.343959 0.508381 9.180563e-01
-14.200000 1.826085 -27.756486 0.507549 9.180922e-01
-13.900000 1.823423 -27.169003 0.506679 9.181308e-01
-13.600000 1.820651 -26.581510 0.505769 9.181723e-01
-13.300000 1.817763 -25.994007 0.504816 9.182171e-01
-13.000000 1.814750 -25.406494 0.503818 9.182654e-01
-12.700000 1.811604 -24.818971 0.502769 9.183176e-01
-12.400000 1.808316 -24.231438 0.501668 9.183741e-01
-12.100000 1.804877 -23.643894 0.500509 9.184354e-01
-11.800000 1.801277 -23.056340 0.499289 9.185019e-01
-11.500000 1.797502 -22.468777 0.498001 9.185744e-01
-11.200000 1.793541 -21.881204 0.496642 9.186533e-01
-10.900000 1.789380 -21.293622 0.495204 9.187395e-01
-10.600000 1.785003 -20.706032 0.493680 9.188338e-01
-10.300000 1.780393 -20.118436 0.492064 9.189372e-01
-10.000000 1.775530 -19.530833 0.490345 9.190509e-01
-9.700000 1.770395 -18.943227 0.488516 9.191761e-01
-9.400000 1.764963 -18.355619 0.486564 9.193143e-01
-9.100000 1.759209 -17.768012 0.484477 9.194674e-01
-8.800000 1.753103 -17.180411 0.482241 9.196374e-01
-8.500000 1.746612 -16.592819 0.479840 9.198268e-01
-8.200000 1.739700 -16.005242 0.477255 9.200382e-01
-7.900000 1.732324 -15.417687 0.474465 9.202753e-01
-7.600000 1.724438 -14.830164 0.471447 9.205419e-01
-7.300000 1.715986 -14.242685 0.468170 9.208429e-01
-7.000000 1.706908 -13.655263 0.464602 9.211842e-01
-6.700000 1.697132 -13.067916 0.460705 9.215726e-01
-6.400000 1.686577 -12.480668 0.456431 9.220166e-01
-6.100000 1.675147 -11.893547 0.451728 9.225267e-01
-5.800000 1.662734 -11.306590 0.446531 9.231155e-01
-5.500000 1.649207 -10.719846 0.440764 9.237985e-01
-5.200000 1.634415 -10.133374 0.434335 9.245950e-01
-4.900000 1.618179 -9.547257 0.427133 9.255291e-01
-4.600000 1.600286 -8.961602 0.419025 9.266306e-01
-4.300000 1.580482 -8.376555 0.409848 9.279375e-01
-4.000000 1.558465 -7.792323 0.399402 9.294982e-01
-3.700000 1.533872 -7.209201 0.387439 9.313758e-01
-3.400000 1.506279 -6.627626 0.373643 9.336541e-01
-3.100000 1.475185 -6.048259 0.357607 9.364484e-01
-2.800000 1.440032 -5.472120 0.338782 9.399224e-01
-2.500000 1.400224 -4.900783 0.316408 9.443145e-01
-2.200000 1.355197 -4.336632 0.289394 9.499725e-01
-1.900000 1.304524 -3.783121 0.256167 9.573670e-01
-1.600000 1.248056 -3.244946 0.214667 9.669634e-01
-1.300000 1.186355 -2.728616 0.163213 9.786098e-01
-1.000000 1.122736 -2.245472 0.104451 9.901036e-01
-0.700000 1.067109 -1.814086 0.051853 9.972806e-01
-0.400000 1.029197 -1.440876 0.019538 9.995840e-01
-0.100000 1.005855 -1.106440 0.003457 9.999864e-01
0.200000 0.990046 -0.792037 0.005397 9.999657e-01
0.500000 0.978027 -0.489013 0.011236 9.998476e-01
0.800000 0.968205 -0.193641 0.015535 9.997028e-01
1.100000 15.889267 1.588927 1.771461 9.858489e-01
1.400000 0.952655 0.381062 0.021702 9.994010e-01
1.700000 0.946157 0.662310 0.023999 9.992575e-01
2.000000 0.940271 0.940271 0.025971 9.991198e-01
2.300000 0.934869 1.215330 0.027696 9.989875e-01
2.600000 0.929861 1.487777 0.029232 9.988600e-01
2.900000 0.925180 1.757843 0.030620 9.987366e-01
3.200000 0.920780 2.025716 0.031889 9.986168e-01
3.500000 0.916624 2.291559 0.033061 9.984999e-01
3.800000 0.912685 2.555517 0.034151 9.983857e-01
4.100000 0.908941 2.817718 0.035172 9.982738e-01
4.400000 0.905377 3.078282 0.036132 9.981641e-01
4.700000 0.901978 3.337320 0.037040 9.980563e-01
5.000000 0.898733 3.594934 0.037899 9.979505e-01
5.300000 0.895633 3.851222 0.038716 9.978466e-01
5.600000 0.892668 4.106275 0.039494 9.977446e-01
5.900000 0.889832 4.360178 0.040235 9.976445e-01
6.200000 0.887117 4.613011 0.040942 9.975462e-01
6.500000 0.884518 4.864849 0.041618 9.974499e-01
6.800000 0.882028 5.115764 0.042264 9.973555e-01
7.100000 0.879643 5.365820 0.042882 9.972630e-01
7.400000 0.877356 5.615079 0.043473 9.971726e-01
7.700000 0.875164 5.863600 0.044039 9.970842e-01
8.000000 0.873062 6.111436 0.044581 9.969979e-01
8.300000 0.871046 6.358636 0.045100 9.969136e-01
8.600000 0.869112 6.605249 0.045597 9.968314e-01
8.900000 0.867255 6.851316 0.046073 9.967513e-01
9.200000 0.865473 7.096879 0.046528 9.966734e-01
9.500000 0.863762 7.341975 0.046964 9.965975e-01
9.800000 0.862118 7.586639 0.047382 9.965238e-01
10.100000 0.860539 7.830903 0.047781 9.964522e-01
10.400000 0.859021 8.074796 0.048164 9.963827e-01
10.700000 0.857562 8.318348 0.048530 9.963153e-01
11.000000 0.856158 8.561583 0.048880 9.962499e-01
11.300000 0.854808 8.804525 0.049214 9.961866e-01
11.600000 0.853509 9.047195 0.049534 9.961253e-01
11.900000 0.852258 9.289615 0.049840 9.960660e-01
12.200000 0.851054 9.531801 0.050133 9.960087e-01
12.500000 0.849893 9.773773 0.050412 9.959533e-01
12.800000 0.848775 10.015544 0.050679 9.958997e-01
13.100000 0.847697 10.257130 0.050934 9.958480e-01
13.400000 0.846657 10.498544 0.051178 9.957981e-01
13.700000 0.845653 10.739799 0.051411 9.957499e-01
14.000000 0.844685 10.980905 0.051633 9.957035e-01
14.300000 0.843750 11.221873 0.051845 9.956587e-01
14.600000 0.842847 11.462713 0.052048 9.956155e-01
14.900000 0.841974 11.703433 0.052241 9.955739e-01
15.200000 0.841130 11.944041 0.052426 9.955337e-01
15.500000 0.840314 12.184546 0.052602 9.954951e-01
15.800000 0.839524 12.424953 0.052770 9.954578e-01
16.100000 0.838760 12.665269 0.052931 9.954220e-01
16.400000 0.838020 12.905501 0.053085 9.953874e-01
16.700000 0.837303 13.145652 0.053231 9.953541e-01
17.000000 0.836608 13.385729 0.053371 9.953221e-01
17.300000 0.835935 13.625736 0.053504 9.952912e-01
17.600000 0.835282 13.865677 0.053632 9.952615e-01
17.900000 0.834648 14.105556 0.053754 9.952329e-01
18.200000 0.834034 14.345376 0.053870 9.952053e-01
18.500000 0.833437 14.585142 0.053981 9.951787e-01
18.800000 0.832857 14.824856 0.054087 9.951532e-01
19.100000 0.832294 15.064521 0.054188 9.951285e-01
19.400000 0.831747 15.304139 0.054285 9.951048e-01
19.700000 0.831215 15.543714 0.054378 9.950819e-01
20.000000 0.830697 15.783248 0.054466 9.950599e-01
20.300000 0.830194 16.022742 0.054551 9.950386e-01
20.600000 0.829704 16.262199 0.054631 9.950181e-01
20.900000 0.829227 16.501621 0.054709 9.949984e-01
21.200000 0.828763 16.741010 0.054782 9.949793e-01
21.500000 0.828311 16.980366 0.054853 9.949610e-01
21.800000 0.827870 17.219692 0.054921 9.949433e-01
22.100000 0.827440 17.458989 0.054985 9.949262e-01
22.400000 0.827021 17.698259 0.055047 9.949097e-01
22.700000 0.826613 17.937502 0.055106 9.948938e-01
23.000000 0.826215 18.176720 0.055163 9.948784e-01
23.300000 0.825826 18.415914 0.055217 9.948635e-01
23.600000 0.825446 18.655086 0.055269 9.948492e-01
23.900000 0.825076 18.894235 0.055319 9.948354e-01
24.200000 0.824714 19.133364 0.055367 9.948220e-01
24.500000 0.824361 19.372472 0.055413 9.948090e-01
24.800000 0.824015 19.611562 0.055456 9.947965e-01
