3.044596 0.940278 9.007806e-01 0.000000 0.000000 1.000000e+00
3.044596 0.940278 9.007806e-01 0.000000 0.000000 1.000000e+00
3.044596 0.940278 9.007806e-01 0.000000 0.000000 1.000000e+00
3.044596 0.940278 9.007806e-01 0.000000 0.000000 1.000000e+00
3.044596 0.940278 9.007806e-01 0.000000 0.000000 1.000000e+00
3.044596 0.940278 9.007806e-01 0.000000 0.000000 1.000000e+00
3.044596 0.940278 9.007806e-01 0.000000 0.000000 1.000000e+00
3.044596 0.940278 9.007806e-01 0.000000 0.000000 1.000000e+00
3.044596 0.940278 9.007806e-01 0.000000 0.000000 1.000000e+00
3.044596 0.940278 9.007806e-01 0.000000 0.000000 1.000000e+00
3.044596 0.940278 9.007806e-01 0.000000 0.000000 1.000000e+00
3.044596 0.940278 9.007806e-01 0.000000 0.000000 1.000000e+00
3.044596 0.940278 9.007806e-01 0.000000 0.000000 1.000000e+00
3.044596 0.940278 9.007806e-01 0.000000 0.000000 1.000000e+00
3.044596 0.940278 9.007806e-01 0.000000 0.000000 1.000000e+00
3.044596 0.940278 9.007806e-01 0.000000 0.000000 1.000000e+00
3.044596 0.940278 9.007806e-01 0.000000 0.000000 1.000000e+00
3.044596 0.940278 9.007806e-01 0.000000 0.000000 1.000000e+00
3.044596 0.940278 9.007806e-01 0.000000 0.000000 1.000000e+00
3.044596 0.940278 9.007806e-01 0.000000 0.000000 1.000000e+00
3.044596 0.940278 9.007806e-01 0.000000 0.000000 1.000000e+00
3.044596 0.940278 9.007806e-01 0.000000 0.000000 1.000000e+00
3.044596 0.940278 9.007806e-01 0.000000 0.000000 1.000000e+00
3.044596 0.940278 9.007806e-01 0.000000 0.000000 1.000000e+00
3.044596 0.940278 9.007806e-01 0.000000 0.000000 3.000000e+04
3.044596 0.940278 9.007806e-01 0.000000 0.000000 3.000000e+04
3.044596 0.940278 9.007806e-01 0.000000 0.000000 3.000000e+04
3.044596 0.940278 9.007806e-01 0.000000 0.000000 3.000000e+04
3.044596 0.940278 9.007806e-01 0.000000 0.000000 3.000000e+04
3.044596 0.940278 9.007806e-01 0.000000 0.000000 3.000000e+04
3.044596 0.940278 9.007806e-01 0.000000 0.000000 3.000000e+04
3.044596 0.940278 9.007806e-01 0.000000 0.000000 3.000000e+04
3.044596 0.940278 9.007806e-01 0.000000 0.000000 3.000000e+04
3.044596 0.940278 9.007806e-01 0.000000 0.000000 3.000000e+04
3.044596 0.940278 9.007806e-01 0.000000 0.000000 3.000000e+04
3.044596 0.940278 9.007806e-01 0.000000 0.000000 3.000000e+04
3.044596 0.940278 9.007806e-01 0.000000 0.000000 3.000000e+04
3.044596 0.940278 9.007806e-01 0.000000 0.000000 3.000000e+04
3.044596 0.940278 9.007806e-01 0.000000 0.000001 3.000000e+04
3.044596 0.940278 9.007806e-01 0.000000 0.000001 3.000000e+04
3.044596 0.940278 9.007806e-01 0.000000 0.000001 3.000000e+04
3.044596 0.940278 9.007806e-01 0.000000 0.000002 3.000000e+04
3.044596 0.940278 9.007806e-01 0.000000 0.000002 3.000000e+04
3.044596 0.940278 9.007806e-01 0.000000 0.000003 3.000000e+04
2.726421 1.055691 8.524089e-01 0.301209 0.116891 8.518460e-01
1.938953 1.175992 7.018459e-01 0.717381 0.186294 9.277479e-01
1.109753 0.441945 8.452010e-01 0.942683 0.012287 9.998039e-01
0.958172 0.059127 9.956218e-01 0.943932 0.006148 9.999510e-01
0.942812 0.018044 9.995772e-01 0.939024 0.021935 9.993702e-01
0.933690 0.028469 9.989275e-01 0.933115 0.028552 9.989199e-01
0.925289 0.028843 9.988791e-01 0.925153 0.028833 9.988796e-01
0.917665 0.027809 9.989406e-01 0.915642 0.027629 9.989496e-01
0.910726 0.027027 9.989840e-01 0.904902 0.026898 9.989806e-01
0.904343 0.026721 9.989928e-01 0.893105 0.027511 9.989054e-01
0.898418 0.026833 9.989709e-01 0.880377 0.029759 9.986822e-01
0.892886 0.027264 9.989244e-01 0.866834 0.033516 9.982765e-01
0.887704 0.027920 9.988589e-01 0.852591 0.038452 9.976565e-01
0.882841 0.028727 9.987788e-01 0.837766 0.044219 9.967929e-01
0.878273 0.029622 9.986880e-01 0.822473 0.050535 9.956592e-01
0.873985 0.030560 9.985900e-01 0.806826 0.057183 9.942325e-01
0.869959 0.031508 9.984874e-01 0.790932 0.064003 9.924945e-01
0.866184 0.032441 9.983827e-01 0.774894 0.070875 9.904312e-01
0.862646 0.033342 9.982778e-01 0.758802 0.077708 9.880334e-01
0.859334 0.034199 9.981743e-01 0.742742 0.084431 9.852966e-01
0.856235 0.035006 9.980734e-01 0.726786 0.090991 9.822207e-01
0.853337 0.035760 9.979761e-01 0.710997 0.097346 9.788102e-01
0.850628 0.036459 9.978830e-01 0.695429 0.103468 9.750733e-01
0.848098 0.037102 9.977947e-01 0.680127 0.109332 9.710221e-01
0.845735 0.037693 9.977114e-01 0.665124 0.114923 9.666718e-01
0.843528 0.038232 9.976333e-01 0.650450 0.120230 9.620407e-01
0.841466 0.038722 9.975604e-01 0.636124 0.125248 9.571492e-01
0.839540 0.039167 9.974928e-01 0.622162 0.129972 9.520196e-01
0.837739 0.039569 9.974301e-01 0.608571 0.134404 9.466756e-01
0.836056 0.039932 9.973724e-01 0.595358 0.138546 9.411414e-01
0.834481 0.040258 9.973194e-01 0.582523 0.142403 9.354415e-01
0.833006 0.040551 9.972708e-01 0.570065 0.145982 9.296003e-01
0.831624 0.040812 9.972264e-01 0.557978 0.149291 9.236413e-01
0.830329 0.041045 9.971860e-01 0.546258 0.152338 9.175871e-01
0.829114 0.041253 9.971492e-01 0.534895 0.155135 9.114590e-01
0.827972 0.041437 9.971158e-01 0.523882 0.157692 9.052767e-01
0.826899 0.041600 9.970856e-01 0.513208 0.160019 8.990585e-01
0.825890 0.041744 9.970584e-01 0.502864 0.162129 8.928208e-01
0.824940 0.041870 9.970338e-01 0.492839 0.164033 8.865783e-01
0.824044 0.041981 9.970117e-01 0.483123 0.165743 8.803440e-01
0.823199 0.042077 9.969919e-01 0.473705 0.167271 8.741293e-01
0.822402 0.042160 9.969742e-01 0.464574 0.168626 8.679441e-01
0.821648 0.042232 9.969584e-01 0.455720 0.169822 8.617968e-01
0.820935 0.042293 9.969443e-01 0.447134 0.170867 8.556943e-01
0.820261 0.042345 9.969318e-01 0.438804 0.171772 8.496427e-01
0.819622 0.042388 9.969208e-01 0.430723 0.172547 8.436468e-01
0.819016 0.042423 9.969111e-01 0.422880 0.173202 8.377103e-01
0.818442 0.042452 9.969026e-01 0.415266 0.173745 8.318362e-01
0.817896 0.042475 9.968952e-01 0.407874 0.174184 8.260270e-01
0.817378 0.042491 9.968888e-01 0.400694 0.174527 8.202843e-01
0.816885 0.042503 9.968833e-01 0.393720 0.174781 8.146092e-01
0.816416 0.042510 9.968787e-01 0.386943 0.174954 8.090024e-01
0.815969 0.042514 9.968748e-01 0.380356 0.175051 8.034642e-01
0.815543 0.042513 9.968717e-01 0.373953 0.175080 7.979947e-01
0.815138 0.042509 9.968691e-01 0.367726 0.175045 7.925935e-01
0.814751 0.042502 9.968671e-01 0.361670 0.174951 7.872601e-01
0.814381 0.042493 9.968657e-01 0.355779 0.174803 7.819939e-01
0.814029 0.042481 9.968647e-01 0.350045 0.174607 7.767941e-01
0.813691 0.042467 9.968642e-01 0.344465 0.174366 7.716598e-01
0.813369 0.042451 9.968641e-01 0.339032 0.174083 7.665899e-01
0.813060 0.042433 9.968643e-01 0.333742 0.173763 7.615832e-01
0.812765 0.042414 9.968649e-01 0.328589 0.173409 7.566387e-01
0.812482 0.042394 9.968657e-01 0.323569 0.173024 7.517551e-01
0.812211 0.042372 9.968669e-01 0.318677 0.172611 7.469311e-01
0.811951 0.042349 9.968683e-01 0.313909 0.172172 7.421654e-01
0.811702 0.042325 9.968699e-01 0.309261 0.171710 7.374567e-01
0.811463 0.042300 9.968717e-01 0.304729 0.171227 7.328035e-01
0.811233 0.042274 9.968737e-01 0.300309 0.170726 7.282046e-01
0.811013 0.042248 9.968759e-01 0.295997 0.170209 7.236585e-01
0.810801 0.042221 9.968782e-01 0.291790 0.169676 7.191638e-01
0.810597 0.042194 9.968807e-01 0.287685 0.169131 7.147190e-01
0.810401 0.042166 9.968832e-01 0.283677 0.168574 7.103228e-01
0.810213 0.042138 9.968859e-01 0.279765 0.168008 7.059736e-01
0.810031 0.042110 9.968887e-01 0.275945 0.167433 7.016701e-01
