-25.000000 1.819058 -47.295500 0.391189 9.492998e-01
-24.700000 1.818208 -46.727952 0.390978 9.493070e-01
-24.400000 1.817339 -46.160402 0.390761 9.493143e-01
-24.100000 1.816448 -45.592852 0.390539 9.493219e-01
-23.800000 1.815536 -45.025301 0.390311 9.493298e-01
-23.500000 1.814602 -44.457749 0.390077 9.493379e-01
-23.200000 1.813644 -43.890196 0.389837 9.493463e-01
-22.900000 1.812663 -43.322643 0.389591 9.493550e-01
-22.600000 1.811656 -42.755089 0.389338 9.493641e-01
-22.300000 1.810624 -42.187533 0.389078 9.493735e-01
-22.000000 1.809564 -41.619977 0.388811 9.493833e-01
-21.700000 1.808477 -41.052420 0.388536 9.493934e-01
-21.400000 1.807360 -40.484862 0.388253 9.494039e-01
-21.100000 1.806213 -39.917304 0.387963 9.494149e-01
-20.800000 1.805034 -39.349744 0.387664 9.494263e-01
-20.500000 1.803822 -38.782184 0.387355 9.494382e-01
-20.200000 1.802577 -38.214622 0.387038 9.494506e-01
-19.900000 1.801295 -37.647060 0.386711 9.494635e-01
-19.600000 1.799976 -37.079497 0.386373 9.494770e-01
-19.300000 1.798617 -36.511934 0.386025 9.494910e-01
-19.000000 1.797219 -35.944370 0.385665 9.495058e-01
-18.700000 1.795777 -35.376806 0.385294 9.495212e-01
-18.400000 1.794291 -34.809241 0.384910 9.495373e-01
-18.100000 1.792758 -34.241676 0.384514 9.495542e-01
-17.800000 1.791176 -33.674111 0.384103 9.495720e-01
-17.500000 1.789543 -33.106546 0.383678 9.495906e-01
-17.200000 1.787856 -32.538981 0.383238 9.496102e-01
-16.900000 1.786113 -31.971417 0.382782 9.496308e-01
-16.600000 1.784310 -31.403855 0.382309 9.496524e-01
-16.300000 1.782445 -30.836293 0.381818 9.496753e-01
-16.000000 1.780514 -30.268733 0.381309 9.496994e-01
-15.700000 1.778513 -29.701175 0.380779 9.497248e-01
-15.400000 1.776440 -29.133620 0.380228 9.497517e-01
-15.100000 1.774290 -28.566068 0.379654 9.497802e-01
-14.800000 1.772058 -27.998521 0.379057 9.498104e-01
-14.500000 1.769741 -27.430978 0.378434 9.498424e-01
-14.200000 1.767332 -26.863441 0.377784 9.498764e-01
-13.900000 1.764826 -26.295910 0.377105 9.499126e-01
-13.600000 1.762218 -25.728388 0.376395 9.499511e-01
-13.300000 1.759502 -25.160874 0.375652 9.499922e-01
-13.000000 1.756669 -24.593372 0.374874 9.500361e-01
-12.700000 1.753714 -24.025882 0.374058 9.500831e-01
-12.400000 1.750627 -23.458406 0.373202 9.501334e-01
-12.100000 1.747401 -22.890947 0.372302 9.501874e-01
-11.800000 1.744024 -22.323507 0.371354 9.502455e-01
-11.500000 1.740487 -21.756089 0.370356 9.503080e-01
-11.200000 1.736778 -21.188697 0.369303 9.503755e-01
-10.900000 1.732885 -20.621334 0.368190 9.504484e-01
-10.600000 1.728793 -20.054004 0.367012 9.505275e-01
-10.300000 1.724488 -19.486712 0.365764 9.506133e-01
-10.000000 1.719951 -18.919465 0.364439 9.507068e-01
-9.700000 1.715165 -18.352268 0.363029 9.508087e-01
-9.400000 1.710109 -17.785130 0.361527 9.509202e-01
-9.100000 1.704758 -17.218060 0.359924 9.510424e-01
-8.800000 1.699088 -16.651067 0.358208 9.511769e-01
-8.500000 1.693070 -16.084165 0.356369 9.513253e-01
-8.200000 1.686670 -15.517368 0.354392 9.514894e-01
-7.900000 1.679853 -14.950693 0.352262 9.516717e-01
-7.600000 1.672577 -14.384162 0.349962 9.518747e-01
-7.300000 1.664795 -13.817800 0.347470 9.521017e-01
-7.000000 1.656455 -13.251638 0.344762 9.523566e-01
-6.700000 1.647495 -12.685712 0.341810 9.526438e-01
-6.400000 1.637847 -12.120069 0.338582 9.529689e-01
-6.100000 1.627432 -11.554766 0.335039 9.533386e-01
-5.800000 1.616158 -10.989874 0.331135 9.537611e-01
-5.500000 1.603920 -10.425482 0.326815 9.542466e-01
-5.200000 1.590597 -9.861703 0.322013 9.548076e-01
-4.900000 1.576047 -9.298680 0.316648 9.554599e-01
-4.600000 1.560106 -8.736596 0.310622 9.562236e-01
-4.300000 1.542583 -8.175690 0.303813 9.571244e-01
-4.000000 1.523254 -7.616268 0.296068 9.581961e-01
-3.700000 1.501858 -7.058730 0.287190 9.594826e-01
-3.400000 1.478091 -6.503601 0.276924 9.610428e-01
-3.100000 1.451600 -5.951562 0.264939 9.629550e-01
-2.800000 1.421974 -5.403502 0.250793 9.653229e-01
-2.500000 1.388737 -4.860580 0.233903 9.682783e-01
-2.200000 1.351357 -4.324341 0.213536 9.719728e-01
-1.900000 1.309294 -3.796954 0.188865 9.765339e-01
-1.600000 1.262230 -3.281797 0.159299 9.819384e-01
-1.300000 1.210669 -2.784540 0.125339 9.877735e-01
-1.000000 1.156901 -2.313801 0.089810 9.930886e-01
-0.700000 1.104732 -1.878045 0.057195 9.969141e-01
-0.400000 1.056697 -1.479376 0.029715 9.990876e-01
-0.100000 1.012775 -1.114053 0.006221 9.999564e-01
0.200000 0.972595 -0.778076 0.014935 9.997278e-01
0.500000 0.936757 -0.468379 0.033401 9.985340e-01
0.800000 0.906107 -0.181221 0.048700 9.966751e-01
1.100000 14.104126 1.410413 0.769363 9.965754e-01
1.400000 0.860794 0.344318 0.069589 9.925090e-01
1.700000 0.844497 0.591148 0.076059 9.907193e-01
2.000000 0.831272 0.831272 0.080769 9.892151e-01
2.300000 0.820354 1.066460 0.084225 9.879732e-01
2.600000 0.811165 1.297863 0.086799 9.869493e-01
2.900000 0.803285 1.526242 0.088750 9.860990e-01
3.200000 0.796413 1.752109 0.090257 9.853845e-01
3.500000 0.790331 1.975827 0.091442 9.847757e-01
3.800000 0.784879 2.197661 0.092392 9.842495e-01
4.100000 0.779941 2.417817 0.093167 9.837884e-01
4.400000 0.775428 2.636456 0.093809 9.833792e-01
4.700000 0.771274 2.853716 0.094350 9.830117e-01
5.000000 0.767428 3.069710 0.094812 9.826785e-01
5.300000 0.763847 3.284543 0.095211 9.823736e-01
5.600000 0.760501 3.498302 0.095560 9.820926e-01
5.900000 0.757362 3.711072 0.095868 9.818321e-01
6.200000 0.754409 3.922925 0.096142 9.815894e-01
6.500000 0.751624 4.133932 0.096388 9.813622e-01
6.800000 0.748992 4.344153 0.096609 9.811489e-01
7.100000 0.746500 4.553649 0.096808 9.809481e-01
7.400000 0.744136 4.762471 0.096990 9.807587e-01
7.700000 0.741891 4.970672 0.097155 9.805797e-01
8.000000 0.739756 5.178295 0.097305 9.804103e-01
8.300000 0.737724 5.385384 0.097443 9.802497e-01
8.600000 0.735787 5.591979 0.097568 9.800974e-01
8.900000 0.733939 5.798115 0.097683 9.799529e-01
9.200000 0.732174 6.003827 0.097789 9.798156e-01
9.500000 0.730488 6.209146 0.097885 9.796851e-01
9.800000 0.728875 6.414101 0.097973 9.795610e-01
10.100000 0.727332 6.618718 0.098053 9.794429e-01
10.400000 0.725854 6.823023 0.098127 9.793306e-01
10.700000 0.724437 7.027039 0.098193 9.792236e-01
11.000000 0.723079 7.230786 0.098254 9.791218e-01
11.300000 0.721775 7.434284 0.098310 9.790248e-01
11.600000 0.720524 7.637552 0.098360 9.789323e-01
11.900000 0.719322 7.840606 0.098405 9.788443e-01
12.200000 0.718166 8.043463 0.098446 9.787603e-01
12.500000 0.717055 8.246135 0.098483 9.786803e-01
12.800000 0.715986 8.448638 0.098516 9.786040e-01
13.100000 0.714957 8.650983 0.098545 9.785312e-01
13.400000 0.713966 8.853181 0.098571 9.784618e-01
13.700000 0.713011 9.055244 0.098593 9.783957e-01
14.000000 0.712091 9.257180 0.098613 9.783325e-01
14.300000 0.711203 9.459000 0.098630 9.782722e-01
14.600000 0.710346 9.660711 0.098644 9.782147e-01
14.900000 0.709520 9.862321 0.098656 9.781598e-01
15.200000 0.708721 10.063838 0.098666 9.781074e-01
15.500000 0.707950 10.265268 0.098674 9.780574e-01
15.800000 0.707204 10.466617 0.098680 9.780096e-01
16.100000 0.706483 10.667891 0.098684 9.779640e-01
16.400000 0.705785 10.869095 0.098686 9.779204e-01
16.700000 0.705110 11.070233 0.098686 9.778787e-01
17.000000 0.704457 11.271312 0.098686 9.778389e-01
17.300000 0.703824 11.472334 0.098684 9.778009e-01
17.600000 0.703211 11.673304 0.098680 9.777645e-01
17.900000 0.702617 11.874225 0.098676 9.777298e-01
18.200000 0.702041 12.075101 0.098670 9.776965e-01
18.500000 0.701482 12.275934 0.098663 9.776647e-01
18.800000 0.700940 12.476728 0.098656 9.776343e-01
19.100000 0.700413 12.677484 0.098647 9.776052e-01
19.400000 0.699903 12.878207 0.098638 9.775773e-01
19.700000 0.699406 13.078897 0.098628 9.775507e-01
20.000000 0.698924 13.279557 0.098617 9.775252e-01
20.300000 0.698455 13.480189 0.098606 9.775007e-01
20.600000 0.698000 13.680794 0.098594 9.774773e-01
20.900000 0.697557 13.881376 0.098581 9.774549e-01
21.200000 0.697125 14.081934 0.098569 9.774334e-01
21.500000 0.696706 14.282470 0.098555 9.774128e-01
21.800000 0.696297 14.482986 0.098542 9.773930e-01
22.100000 0.695900 14.683484 0.098527 9.773740e-01
22.400000 0.695512 14.883963 0.098513 9.773559e-01
22.700000 0.695135 15.084426 0.098498 9.773384e-01
23.000000 0.694767 15.284873 0.098483 9.773217e-01
23.300000 0.694408 15.485306 0.098468 9.773056e-01
23.600000 0.694059 15.685724 0.098453 9.772902e-01
23.900000 0.693717 15.886130 0.098437 9.772754e-01
24.200000 0.693385 16.086523 0.098422 9.772612e-01
24.500000 0.693060 16.286904 0.098406 9.772475e-01
24.800000 0.692743 16.487275 0.098390 9.772344e-01
