-25.000000 2.256099 -58.658569 0.872435 8.527381e-01
-24.700000 2.255080 -57.955567 0.872000 8.527501e-01
-24.400000 2.254038 -57.252569 0.871554 8.527625e-01
-24.100000 2.252971 -56.549576 0.871097 8.527753e-01
-23.800000 2.251879 -55.846588 0.870629 8.527885e-01
-23.500000 2.250759 -55.143606 0.870149 8.528021e-01
-23.200000 2.249613 -54.440628 0.869657 8.528161e-01
-22.900000 2.248437 -53.737655 0.869153 8.528305e-01
-22.600000 2.247233 -53.034687 0.868635 8.528454e-01
-22.300000 2.245997 -52.331725 0.868105 8.528608e-01
-22.000000 2.244729 -51.628768 0.867560 8.528766e-01
-21.700000 2.243428 -50.925816 0.867000 8.528930e-01
-21.400000 2.242092 -50.222869 0.866426 8.529100e-01
-21.100000 2.240721 -49.519927 0.865835 8.529274e-01
-20.800000 2.239312 -48.816991 0.865228 8.529455e-01
-20.500000 2.237863 -48.114060 0.864604 8.529642e-01
-20.200000 2.236374 -47.411135 0.863963 8.529835e-01
-19.900000 2.234843 -46.708215 0.863302 8.530035e-01
-19.600000 2.233267 -46.005300 0.862622 8.530242e-01
-19.300000 2.231645 -45.302391 0.861922 8.530456e-01
-19.000000 2.229974 -44.599487 0.861201 8.530678e-01
-18.700000 2.228253 -43.896589 0.860457 8.530908e-01
-18.400000 2.226479 -43.193697 0.859690 8.531146e-01
-18.100000 2.224650 -42.490810 0.858899 8.531394e-01
-17.800000 2.222762 -41.787929 0.858082 8.531650e-01
-17.500000 2.220814 -41.085053 0.857239 8.531917e-01
-17.200000 2.218801 -40.382183 0.856368 8.532194e-01
-16.900000 2.216722 -39.679319 0.855467 8.532481e-01
-16.600000 2.214572 -38.976461 0.854535 8.532780e-01
-16.300000 2.212347 -38.273608 0.853570 8.533092e-01
-16.000000 2.210045 -37.570762 0.852572 8.533416e-01
-15.700000 2.207660 -36.867921 0.851537 8.533753e-01
-15.400000 2.205188 -36.165086 0.850464 8.534105e-01
-15.100000 2.202625 -35.462257 0.849351 8.534472e-01
-14.800000 2.199964 -34.759434 0.848195 8.534855e-01
-14.500000 2.197201 -34.056617 0.846994 8.535255e-01
-14.200000 2.194329 -33.353806 0.845745 8.535674e-01
-13.900000 2.191342 -32.651000 0.844446 8.536111e-01
-13.600000 2.188233 -31.948201 0.843093 8.536570e-01
-13.300000 2.184994 -31.245408 0.841683 8.537050e-01
-13.000000 2.181616 -30.542622 0.840213 8.537554e-01
-12.700000 2.178091 -29.839841 0.838677 8.538083e-01
-12.400000 2.174408 -29.137066 0.837073 8.538639e-01
-12.100000 2.170557 -28.434298 0.835395 8.539223e-01
-11.800000 2.166526 -27.731536 0.833637 8.539839e-01
-11.500000 2.162302 -27.028780 0.831795 8.540489e-01
-11.200000 2.157871 -26.326030 0.829862 8.541175e-01
-10.900000 2.153217 -25.623287 0.827832 8.541900e-01
-10.600000 2.148323 -24.920550 0.825696 8.542668e-01
-10.300000 2.143170 -24.217819 0.823446 8.543481e-01
-10.000000 2.137736 -23.515094 0.821073 8.544345e-01
-9.700000 2.131998 -22.812376 0.818566 8.545264e-01
-9.400000 2.125929 -22.109665 0.815915 8.546243e-01
-9.100000 2.119501 -21.406959 0.813105 8.547289e-01
-8.800000 2.112680 -20.704260 0.810124 8.548406e-01
-8.500000 2.105428 -20.001568 0.806953 8.549604e-01
-8.200000 2.097705 -19.298882 0.803576 8.550891e-01
-7.900000 2.089461 -18.596203 0.799970 8.552277e-01
-7.600000 2.080643 -17.893530 0.796113 8.553773e-01
-7.300000 2.071188 -17.190863 0.791977 8.555392e-01
-7.000000 2.061025 -16.488203 0.787530 8.557151e-01
-6.700000 2.050071 -15.785550 0.782736 8.559068e-01
-6.400000 2.038230 -15.082904 0.777553 8.561165e-01
-6.100000 2.025389 -14.380264 0.771932 8.563467e-01
-5.800000 2.011416 -13.677632 0.765816 8.566006e-01
-5.500000 1.996155 -12.975006 0.759134 8.568820e-01
-5.200000 1.979418 -12.272389 0.751806 8.571956e-01
-4.900000 1.960980 -11.569780 0.743734 8.575472e-01
-4.600000 1.940568 -10.867182 0.734796 8.579441e-01
-4.300000 1.917848 -10.164595 0.724846 8.583959e-01
-4.000000 1.892405 -9.462023 0.713702 8.589149e-01
-3.700000 1.863718 -8.759472 0.701134 8.595178e-01
-3.400000 1.831125 -8.056950 0.686847 8.602274e-01
-3.100000 1.793773 -7.354471 0.670459 8.610764e-01
-2.800000 1.750542 -6.652059 0.651461 8.621137e-01
-2.500000 1.699931 -5.949757 0.629156 8.634163e-01
-2.200000 1.639896 -5.247667 0.602554 8.651166e-01
-1.900000 1.567611 -4.546072 0.570166 8.674724e-01
-1.600000 1.479201 -3.845923 0.529521 8.710868e-01
-1.300000 1.369837 -3.150626 0.475863 8.776828e-01
-1.000000 1.236004 -2.472009 0.399187 8.924920e-01
-0.700000 1.087625 -1.848962 0.285434 9.263216e-01
-0.400000 0.986143 -1.380601 0.140598 9.770636e-01
-0.100000 0.958198 -1.054018 0.031751 9.987336e-01
0.200000 0.949853 -0.759882 0.005516 9.999611e-01
0.500000 0.945254 -0.472627 0.011029 9.998428e-01
0.800000 0.941697 -0.188339 0.014543 9.997246e-01
1.100000 15.272212 1.527221 2.129051 9.780491e-01
1.400000 0.935190 0.374076 0.018451 9.995507e-01
1.700000 0.932029 0.652420 0.019492 9.994952e-01
2.000000 0.928938 0.928938 0.020206 9.994539e-01
2.300000 0.925931 1.203711 0.020724 9.994218e-01
2.600000 0.923020 1.476832 0.021132 9.993950e-01
2.900000 0.920208 1.748395 0.021479 9.993712e-01
3.200000 0.917496 2.018490 0.021796 9.993487e-01
3.500000 0.914882 2.287204 0.022098 9.993267e-01
3.800000 0.912363 2.554616 0.022393 9.993048e-01
4.100000 0.909936 2.820801 0.022685 9.992827e-01
4.400000 0.907596 3.085826 0.022976 9.992605e-01
4.700000 0.905340 3.349758 0.023263 9.992381e-01
5.000000 0.903164 3.612655 0.023546 9.992157e-01
5.300000 0.901064 3.874575 0.023823 9.991934e-01
5.600000 0.899037 4.135571 0.024092 9.991714e-01
5.900000 0.897080 4.395692 0.024351 9.991498e-01
6.200000 0.895190 4.654988 0.024600 9.991287e-01
6.500000 0.893364 4.913502 0.024837 9.991082e-01
6.800000 0.891600 5.171279 0.025061 9.990885e-01
7.100000 0.889895 5.428359 0.025270 9.990696e-01
7.400000 0.888247 5.684780 0.025466 9.990516e-01
7.700000 0.886654 5.940580 0.025647 9.990346e-01
8.000000 0.885113 6.195794 0.025814 9.990187e-01
8.300000 0.883624 6.450454 0.025966 9.990038e-01
8.600000 0.882183 6.704593 0.026103 9.989899e-01
8.900000 0.880790 6.958239 0.026226 9.989772e-01
9.200000 0.879442 7.211421 0.026334 9.989656e-01
9.500000 0.878137 7.464166 0.026429 9.989550e-01
9.800000 0.876875 7.716497 0.026511 9.989455e-01
10.100000 0.875653 7.968440 0.026580 9.989371e-01
10.400000 0.874470 8.220015 0.026637 9.989296e-01
10.700000 0.873324 8.471244 0.026682 9.989232e-01
11.000000 0.872215 8.722146 0.026715 9.989177e-01
11.300000 0.871140 8.972739 0.026739 9.989132e-01
11.600000 0.870098 9.223041 0.026752 9.989095e-01
11.900000 0.869089 9.473068 0.026756 9.989066e-01
12.200000 0.868110 9.722835 0.026751 9.989046e-01
12.500000 0.867161 9.972357 0.026738 9.989032e-01
12.800000 0.866241 10.221646 0.026718 9.989026e-01
13.100000 0.865348 10.470715 0.026690 9.989026e-01
13.400000 0.864482 10.719576 0.026656 9.989032e-01
13.700000 0.863641 10.968240 0.026616 9.989044e-01
14.000000 0.862824 11.216718 0.026570 9.989061e-01
14.300000 0.862031 11.465019 0.026519 9.989083e-01
14.600000 0.861261 11.713152 0.026464 9.989109e-01
14.900000 0.860513 11.961126 0.026404 9.989139e-01
15.200000 0.859785 12.208950 0.026340 9.989173e-01
15.500000 0.859078 12.456630 0.026274 9.989210e-01
15.800000 0.858390 12.704174 0.026204 9.989250e-01
16.100000 0.857721 12.951589 0.026131 9.989292e-01
16.400000 0.857070 13.198882 0.026057 9.989337e-01
16.700000 0.856437 13.446057 0.025980 9.989384e-01
17.000000 0.855820 13.693121 0.025901 9.989433e-01
17.300000 0.855220 13.940080 0.025821 9.989484e-01
17.600000 0.854635 14.186938 0.025740 9.989535e-01
17.900000 0.854065 14.433700 0.025658 9.989588e-01
18.200000 0.853510 14.680370 0.025575 9.989642e-01
18.500000 0.852969 14.926954 0.025491 9.989696e-01
18.800000 0.852441 15.173454 0.025407 9.989752e-01
19.100000 0.851927 15.419875 0.025323 9.989807e-01
19.400000 0.851425 15.666220 0.025239 9.989863e-01
19.700000 0.850935 15.912493 0.025154 9.989919e-01
20.000000 0.850458 16.158698 0.025070 9.989975e-01
20.300000 0.849991 16.404836 0.024987 9.990030e-01
20.600000 0.849536 16.650911 0.024903 9.990086e-01
20.900000 0.849092 16.896925 0.024820 9.990142e-01
21.200000 0.848658 17.142882 0.024738 9.990197e-01
21.500000 0.848233 17.388784 0.024657 9.990251e-01
21.800000 0.847819 17.634632 0.024576 9.990306e-01
22.100000 0.847414 17.880430 0.024496 9.990359e-01
22.400000 0.847018 18.126179 0.024417 9.990412e-01
22.700000 0.846630 18.371881 0.024339 9.990465e-01
23.000000 0.846252 18.617539 0.024262 9.990516e-01
23.300000 0.845881 18.863154 0.024186 9.990568e-01
23.600000 0.845519 19.108727 0.024111 9.990618e-01
23.900000 0.845164 19.354260 0.024037 9.990668e-01
24.200000 0.844817 19.599755 0.023964 9.990716e-01
24.500000 0.844477 19.845214 0.023892 9.990764e-01
24.800000 0.844144 20.090637 0.023822 9.990812e-01
