-25.000000 1.479798 -38.474735 0.261457 9.652031e-01
-24.700000 1.479108 -38.013070 0.261293 9.652141e-01
-24.400000 1.478402 -37.551407 0.261124 9.652255e-01
-24.100000 1.477679 -37.089746 0.260950 9.652374e-01
-23.800000 1.476939 -36.628088 0.260771 9.652498e-01
-23.500000 1.476181 -36.166432 0.260587 9.652627e-01
-23.200000 1.475404 -35.704780 0.260397 9.652762e-01
-22.900000 1.474608 -35.243130 0.260202 9.652902e-01
-22.600000 1.473792 -34.781484 0.260001 9.653049e-01
-22.300000 1.472955 -34.319842 0.259794 9.653202e-01
-22.000000 1.472096 -33.858203 0.259581 9.653362e-01
-21.700000 1.471214 -33.396568 0.259360 9.653530e-01
-21.400000 1.470310 -32.934937 0.259133 9.653705e-01
-21.100000 1.469381 -32.473311 0.258898 9.653888e-01
-20.800000 1.468426 -32.011689 0.258656 9.654080e-01
-20.500000 1.467445 -31.550073 0.258405 9.654281e-01
-20.200000 1.466437 -31.088462 0.258146 9.654492e-01
-19.900000 1.465400 -30.626857 0.257878 9.654714e-01
-19.600000 1.464333 -30.165258 0.257600 9.654947e-01
-19.300000 1.463235 -29.703666 0.257312 9.655191e-01
-19.000000 1.462104 -29.242081 0.257014 9.655448e-01
-18.700000 1.460939 -28.780503 0.256705 9.655719e-01
-18.400000 1.459739 -28.318933 0.256384 9.656004e-01
-18.100000 1.458501 -27.857372 0.256051 9.656305e-01
-17.800000 1.457224 -27.395819 0.255704 9.656622e-01
-17.500000 1.455907 -26.934276 0.255344 9.656957e-01
-17.200000 1.454546 -26.472743 0.254969 9.657310e-01
-16.900000 1.453141 -26.011222 0.254579 9.657684e-01
-16.600000 1.451688 -25.549712 0.254172 9.658079e-01
-16.300000 1.450186 -25.088214 0.253748 9.658498e-01
-16.000000 1.448631 -24.626730 0.253306 9.658942e-01
-15.700000 1.447022 -24.165259 0.252843 9.659413e-01
-15.400000 1.445354 -23.703804 0.252360 9.659914e-01
-15.100000 1.443625 -23.242366 0.251854 9.660445e-01
-14.800000 1.441832 -22.780944 0.251324 9.661011e-01
-14.500000 1.439970 -22.319542 0.250768 9.661614e-01
-14.200000 1.438037 -21.858159 0.250186 9.662256e-01
-13.900000 1.436027 -21.396798 0.249573 9.662941e-01
-13.600000 1.433936 -20.935461 0.248930 9.663674e-01
-13.300000 1.431759 -20.474148 0.248252 9.664457e-01
-13.000000 1.429490 -20.012862 0.247538 9.665296e-01
-12.700000 1.427125 -19.551606 0.246785 9.666195e-01
-12.400000 1.424655 -19.090381 0.245989 9.667160e-01
-12.100000 1.422076 -18.629191 0.245147 9.668198e-01
-11.800000 1.419378 -18.168039 0.244256 9.669315e-01
-11.500000 1.416554 -17.706928 0.243311 9.670518e-01
-11.200000 1.413595 -17.245862 0.242307 9.671817e-01
-10.900000 1.410491 -16.784845 0.241240 9.673222e-01
-10.600000 1.407231 -16.323884 0.240103 9.674742e-01
-10.300000 1.403804 -15.862983 0.238890 9.676391e-01
-10.000000 1.400196 -15.402151 0.237594 9.678182e-01
-9.700000 1.396392 -14.941395 0.236206 9.680130e-01
-9.400000 1.392377 -14.480726 0.234718 9.682255e-01
-9.100000 1.388134 -14.020154 0.233118 9.684576e-01
-8.800000 1.383642 -13.559695 0.231396 9.687115e-01
-8.500000 1.378880 -13.099364 0.229538 9.689901e-01
-8.200000 1.373824 -12.639182 0.227529 9.692963e-01
-7.900000 1.368447 -12.179174 0.225350 9.696336e-01
-7.600000 1.362717 -11.719369 0.222983 9.700062e-01
-7.300000 1.356603 -11.259803 0.220404 9.704186e-01
-7.000000 1.350065 -10.800522 0.217587 9.708764e-01
-6.700000 1.343062 -10.341578 0.214500 9.713859e-01
-6.400000 1.335546 -9.883040 0.211108 9.719545e-01
-6.100000 1.327463 -9.424987 0.207369 9.725907e-01
-5.800000 1.318753 -8.967520 0.203234 9.733045e-01
-5.500000 1.309348 -8.510760 0.198644 9.741076e-01
-5.200000 1.299170 -8.054854 0.193532 9.750132e-01
-4.900000 1.288133 -7.599983 0.187819 9.760365e-01
-4.600000 1.276136 -7.146364 0.181412 9.771944e-01
-4.300000 1.263069 -6.694267 0.174202 9.785050e-01
-4.000000 1.248805 -6.244026 0.166065 9.799869e-01
-3.700000 1.233205 -5.796065 0.156865 9.816571e-01
-3.400000 1.216125 -5.350948 0.146457 9.835269e-01
-3.100000 1.197428 -4.909456 0.134702 9.855964e-01
-2.800000 1.177031 -4.472718 0.121495 9.878449e-01
-2.500000 1.154969 -4.042391 0.106818 9.902185e-01
-2.200000 1.131514 -3.620845 0.090803 9.926178e-01
-1.900000 1.107306 -3.211188 0.073834 9.948917e-01
-1.600000 1.083413 -2.816873 0.056658 9.968515e-01
-1.300000 1.061181 -2.440717 0.040420 9.983273e-01
-1.000000 1.041815 -2.083630 0.026380 9.992601e-01
-0.700000 1.025874 -1.743985 0.015326 9.997423e-01
-0.400000 1.013143 -1.418400 0.007231 9.999412e-01
-0.100000 1.002957 -1.103253 0.001506 9.999974e-01
0.200000 0.994600 -0.795680 0.002553 9.999924e-01
0.500000 0.987503 -0.493752 0.005518 9.999639e-01
0.800000 0.981267 -0.196253 0.007779 9.999274e-01
1.100000 16.253934 1.625393 1.999981 9.828157e-01
1.400000 0.970574 0.388230 0.011155 9.998475e-01
1.700000 0.965788 0.676052 0.012493 9.998068e-01
2.000000 0.961296 0.961296 0.013703 9.997654e-01
2.300000 0.957048 1.244162 0.014826 9.997229e-01
2.600000 0.953012 1.524818 0.015889 9.996791e-01
2.900000 0.949162 1.803407 0.016910 9.996336e-01
3.200000 0.945480 2.080056 0.017902 9.995862e-01
3.500000 0.941951 2.354879 0.018874 9.995366e-01
3.800000 0.938565 2.627981 0.019832 9.994846e-01
4.100000 0.935310 2.899460 0.020780 9.994303e-01
4.400000 0.932179 3.169407 0.021720 9.993734e-01
4.700000 0.929165 3.437911 0.022654 9.993140e-01
5.000000 0.926263 3.705052 0.023581 9.992521e-01
5.300000 0.923467 3.970910 0.024500 9.991878e-01
5.600000 0.920774 4.235562 0.025412 9.991212e-01
5.900000 0.918179 4.499079 0.026314 9.990524e-01
6.200000 0.915679 4.761532 0.027205 9.989817e-01
6.500000 0.913270 5.022987 0.028083 9.989092e-01
6.800000 0.910950 5.283509 0.028947 9.988352e-01
7.100000 0.908715 5.543158 0.029796 9.987599e-01
7.400000 0.906562 5.801994 0.030628 9.986836e-01
7.700000 0.904488 6.060070 0.031441 9.986065e-01
8.000000 0.902491 6.317440 0.032235 9.985288e-01
8.300000 0.900569 6.574152 0.033009 9.984509e-01
8.600000 0.898717 6.830252 0.033763 9.983728e-01
8.900000 0.896935 7.085783 0.034495 9.982948e-01
9.200000 0.895218 7.340787 0.035205 9.982172e-01
9.500000 0.893565 7.595300 0.035894 9.981400e-01
9.800000 0.891973 7.849358 0.036561 9.980635e-01
10.100000 0.890439 8.102993 0.037207 9.979878e-01
10.400000 0.888961 8.356236 0.037830 9.979129e-01
10.700000 0.887537 8.609114 0.038433 9.978391e-01
11.000000 0.886165 8.861652 0.039015 9.977665e-01
11.300000 0.884842 9.113876 0.039577 9.976950e-01
11.600000 0.883567 9.365807 0.040119 9.976247e-01
11.900000 0.882336 9.617464 0.040642 9.975558e-01
12.200000 0.881149 9.868867 0.041146 9.974882e-01
12.500000 0.880003 10.120033 0.041631 9.974220e-01
12.800000 0.878896 10.370978 0.042100 9.973572e-01
13.100000 0.877828 10.621716 0.042551 9.972939e-01
13.400000 0.876795 10.872261 0.042986 9.972319e-01
13.700000 0.875797 11.122625 0.043406 9.971713e-01
14.000000 0.874832 11.372820 0.043810 9.971122e-01
14.300000 0.873899 11.622856 0.044200 9.970544e-01
14.600000 0.872996 11.872744 0.044576 9.969981e-01
14.900000 0.872122 12.122491 0.044939 9.969430e-01
15.200000 0.871275 12.372107 0.045289 9.968894e-01
15.500000 0.870455 12.621599 0.045627 9.968370e-01
15.800000 0.869660 12.870975 0.045953 9.967860e-01
16.100000 0.868890 13.120241 0.046267 9.967362e-01
16.400000 0.868143 13.369403 0.046571 9.966876e-01
16.700000 0.867418 13.618467 0.046865 9.966403e-01
17.000000 0.866715 13.867439 0.047148 9.965942e-01
17.300000 0.866032 14.116323 0.047423 9.965492e-01
17.600000 0.865369 14.365125 0.047688 9.965053e-01
17.900000 0.864725 14.613848 0.047944 9.964625e-01
18.200000 0.864099 14.862496 0.048192 9.964208e-01
18.500000 0.863490 15.111074 0.048432 9.963801e-01
18.800000 0.862898 15.359584 0.048664 9.963404e-01
19.100000 0.862322 15.608031 0.048889 9.963017e-01
19.400000 0.861762 15.856417 0.049107 9.962639e-01
19.700000 0.861216 16.104746 0.049318 9.962271e-01
20.000000 0.860685 16.353020 0.049523 9.961912e-01
20.300000 0.860168 16.601241 0.049721 9.961561e-01
20.600000 0.859664 16.849412 0.049914 9.961219e-01
20.900000 0.859173 17.097536 0.050101 9.960885e-01
21.200000 0.858694 17.345614 0.050282 9.960559e-01
21.500000 0.858227 17.593649 0.050458 9.960240e-01
21.800000 0.857771 17.841642 0.050628 9.959930e-01
22.100000 0.857327 18.089595 0.050794 9.959626e-01
22.400000 0.856893 18.337511 0.050955 9.959330e-01
22.700000 0.856470 18.585389 0.051112 9.959040e-01
23.000000 0.856056 18.833234 0.051264 9.958757e-01
23.300000 0.855652 19.081044 0.051412 9.958481e-01
23.600000 0.855258 19.328823 0.051556 9.958211e-01
23.900000 0.854872 19.576570 0.051696 9.957947e-01
24.200000 0.854495 19.824289 0.051832 9.957688e-01
24.500000 0.854127 20.071978 0.051965 9.957436e-01
24.800000 0.853766 20.319641 0.052094 9.957189e-01
