-25.000000 1.558796 -40.528687 0.487136 8.986472e-01
-24.700000 1.558068 -40.042341 0.486802 8.986869e-01
-24.400000 1.557323 -39.556001 0.486460 8.987279e-01
-24.100000 1.556561 -39.069669 0.486108 8.987704e-01
-23.800000 1.555780 -38.583344 0.485747 8.988143e-01
-23.500000 1.554981 -38.097026 0.485376 8.988599e-01
-23.200000 1.554162 -37.610717 0.484995 8.989071e-01
-22.900000 1.553323 -37.124415 0.484602 8.989560e-01
-22.600000 1.552463 -36.638122 0.484199 8.990067e-01
-22.300000 1.551581 -36.151837 0.483784 8.990593e-01
-22.000000 1.550677 -35.665561 0.483356 8.991139e-01
-21.700000 1.549749 -35.179294 0.482916 8.991705e-01
-21.400000 1.548796 -34.693037 0.482463 8.992294e-01
-21.100000 1.547819 -34.206790 0.481995 8.992906e-01
-20.800000 1.546814 -33.720553 0.481513 8.993542e-01
-20.500000 1.545783 -33.234327 0.481016 8.994203e-01
-20.200000 1.544722 -32.748111 0.480504 8.994892e-01
-19.900000 1.543632 -32.261908 0.479974 8.995608e-01
-19.600000 1.542510 -31.775715 0.479427 8.996355e-01
-19.300000 1.541356 -31.289536 0.478862 8.997133e-01
-19.000000 1.540168 -30.803369 0.478278 8.997944e-01
-18.700000 1.538945 -30.317215 0.477673 8.998791e-01
-18.400000 1.537684 -29.831075 0.477048 8.999675e-01
-18.100000 1.536385 -29.344950 0.476400 9.000598e-01
-17.800000 1.535045 -28.858840 0.475730 9.001563e-01
-17.500000 1.533662 -28.372745 0.475034 9.002572e-01
-17.200000 1.532234 -27.886667 0.474313 9.003628e-01
-16.900000 1.530760 -27.400606 0.473565 9.004733e-01
-16.600000 1.529237 -26.914563 0.472787 9.005892e-01
-16.300000 1.527661 -26.428538 0.471980 9.007107e-01
-16.000000 1.526031 -25.942534 0.471140 9.008381e-01
-15.700000 1.524344 -25.456550 0.470267 9.009719e-01
-15.400000 1.522597 -24.970587 0.469357 9.011126e-01
-15.100000 1.520786 -24.484647 0.468410 9.012604e-01
-14.800000 1.518907 -23.998731 0.467422 9.014160e-01
-14.500000 1.516957 -23.512840 0.466392 9.015799e-01
-14.200000 1.514933 -23.026976 0.465316 9.017527e-01
-13.900000 1.512828 -22.541139 0.464191 9.019350e-01
-13.600000 1.510639 -22.055332 0.463015 9.021275e-01
-13.300000 1.508361 -21.569556 0.461784 9.023309e-01
-13.000000 1.505987 -21.083814 0.460494 9.025462e-01
-12.700000 1.503511 -20.598106 0.459141 9.027741e-01
-12.400000 1.500928 -20.112437 0.457720 9.030159e-01
-12.100000 1.498230 -19.626807 0.456228 9.032724e-01
-11.800000 1.495408 -19.141220 0.454658 9.035450e-01
-11.500000 1.492454 -18.655678 0.453004 9.038351e-01
-11.200000 1.489360 -18.170186 0.451261 9.041441e-01
-10.900000 1.486113 -17.684748 0.449421 9.044737e-01
-10.600000 1.482704 -17.199367 0.447475 9.048259e-01
-10.300000 1.479119 -16.714049 0.445416 9.052027e-01
-10.000000 1.475345 -16.228799 0.443234 9.056065e-01
-9.700000 1.471367 -15.743624 0.440917 9.060399e-01
-9.400000 1.467167 -15.258532 0.438453 9.065061e-01
-9.100000 1.462726 -14.773532 0.435830 9.070085e-01
-8.800000 1.458024 -14.288634 0.433030 9.075510e-01
-8.500000 1.453037 -13.803851 0.430037 9.081382e-01
-8.200000 1.447739 -13.319198 0.426831 9.087754e-01
-7.900000 1.442100 -12.834693 0.423389 9.094685e-01
-7.600000 1.436088 -12.350357 0.419684 9.102248e-01
-7.300000 1.429665 -11.866217 0.415687 9.110527e-01
-7.000000 1.422788 -11.382307 0.411363 9.119620e-01
-6.700000 1.415411 -10.898667 0.406669 9.129647e-01
-6.400000 1.407479 -10.415348 0.401558 9.140749e-01
-6.100000 1.398932 -9.932415 0.395973 9.153102e-01
-5.800000 1.389699 -9.449952 0.389844 9.166917e-01
-5.500000 1.379702 -8.968062 0.383088 9.182459e-01
-5.200000 1.368852 -8.486882 0.375602 9.200059e-01
-4.900000 1.357048 -8.006584 0.367260 9.220136e-01
-4.600000 1.344177 -7.527389 0.357903 9.243227e-01
-4.300000 1.330108 -7.049570 0.347328 9.270021e-01
-4.000000 1.314693 -6.573464 0.335275 9.301402e-01
-3.700000 1.297758 -6.099464 0.321408 9.338502e-01
-3.400000 1.279091 -5.628000 0.305289 9.382731e-01
-3.100000 1.258419 -5.159517 0.286350 9.435783e-01
-2.800000 1.235377 -4.694431 0.263858 9.499541e-01
-2.500000 1.209471 -4.233148 0.236890 9.575771e-01
-2.200000 1.180077 -3.776245 0.204360 9.665258e-01
-1.900000 1.146614 -3.325180 0.165308 9.765590e-01
-1.600000 1.109401 -2.884444 0.120169 9.866314e-01
-1.300000 1.071951 -2.465487 0.074153 9.945041e-01
-1.000000 1.041792 -2.083584 0.038371 9.984358e-01
-0.700000 1.022625 -1.738462 0.018095 9.996385e-01
-0.400000 1.010742 -1.415039 0.007669 9.999335e-01
-0.100000 1.002147 -1.102362 0.001322 9.999980e-01
0.200000 0.995012 -0.796010 0.003513 9.999856e-01
0.500000 0.988678 -0.494339 0.007539 9.999329e-01
0.800000 0.982898 -0.196580 0.011093 9.998529e-01
1.100000 16.302824 1.630282 1.930889 9.840583e-01
1.400000 0.972607 0.389043 0.017181 9.996398e-01
1.700000 0.967987 0.677591 0.019818 9.995162e-01
2.000000 0.963667 0.963667 0.022226 9.993861e-01
2.300000 0.959617 1.247502 0.024429 9.992521e-01
2.600000 0.955814 1.529302 0.026448 9.991166e-01
2.900000 0.952236 1.809249 0.028297 9.989813e-01
3.200000 0.948867 2.087506 0.029989 9.988477e-01
3.500000 0.945688 2.364221 0.031538 9.987173e-01
3.800000 0.942688 2.639526 0.032951 9.985910e-01
4.100000 0.939853 2.913543 0.034240 9.984696e-01
4.400000 0.937171 3.186381 0.035411 9.983540e-01
4.700000 0.934632 3.458139 0.036472 9.982445e-01
5.000000 0.932227 3.728908 0.037432 9.981415e-01
5.300000 0.929946 3.998769 0.038296 9.980454e-01
5.600000 0.927782 4.267795 0.039071 9.979562e-01
5.900000 0.925725 4.536054 0.039763 9.978739e-01
6.200000 0.923770 4.803606 0.040378 9.977985e-01
6.500000 0.921910 5.070504 0.040921 9.977298e-01
6.800000 0.920138 5.336799 0.041399 9.976677e-01
7.100000 0.918448 5.602534 0.041815 9.976120e-01
7.400000 0.916836 5.867749 0.042175 9.975622e-01
7.700000 0.915296 6.132482 0.042484 9.975182e-01
8.000000 0.913823 6.396764 0.042744 9.974796e-01
8.300000 0.912415 6.660626 0.042962 9.974461e-01
8.600000 0.911065 6.924095 0.043140 9.974174e-01
8.900000 0.909772 7.187197 0.043282 9.973930e-01
9.200000 0.908531 7.449954 0.043392 9.973727e-01
9.500000 0.907340 7.712387 0.043472 9.973561e-01
9.800000 0.906195 7.974517 0.043525 9.973429e-01
10.100000 0.905094 8.236360 0.043555 9.973328e-01
10.400000 0.904036 8.497934 0.043564 9.973255e-01
10.700000 0.903016 8.759254 0.043554 9.973207e-01
11.000000 0.902033 9.020335 0.043527 9.973182e-01
11.300000 0.901086 9.281190 0.043485 9.973177e-01
11.600000 0.900173 9.541831 0.043431 9.973189e-01
11.900000 0.899291 9.802271 0.043366 9.973217e-01
12.200000 0.898439 10.062521 0.043292 9.973258e-01
12.500000 0.897617 10.322591 0.043209 9.973311e-01
12.800000 0.896821 10.582490 0.043119 9.973374e-01
13.100000 0.896052 10.842228 0.043024 9.973446e-01
13.400000 0.895308 11.101814 0.042925 9.973525e-01
13.700000 0.894587 11.361254 0.042821 9.973610e-01
14.000000 0.893889 11.620557 0.042715 9.973699e-01
14.300000 0.893213 11.879731 0.042606 9.973793e-01
14.600000 0.892557 12.138781 0.042496 9.973889e-01
14.900000 0.891922 12.397713 0.042385 9.973988e-01
15.200000 0.891305 12.656534 0.042274 9.974088e-01
15.500000 0.890707 12.915250 0.042163 9.974190e-01
15.800000 0.890126 13.173864 0.042052 9.974291e-01
16.100000 0.889562 13.432383 0.041942 9.974393e-01
16.400000 0.889014 13.690810 0.041833 9.974494e-01
16.700000 0.888481 13.949150 0.041726 9.974594e-01
17.000000 0.887963 14.207407 0.041619 9.974694e-01
17.300000 0.887459 14.465584 0.041515 9.974792e-01
17.600000 0.886969 14.723686 0.041412 9.974889e-01
17.900000 0.886492 14.981716 0.041311 9.974983e-01
18.200000 0.886028 15.239676 0.041213 9.975077e-01
18.500000 0.885575 15.497569 0.041116 9.975168e-01
18.800000 0.885135 15.755399 0.041021 9.975257e-01
19.100000 0.884705 16.013168 0.040929 9.975344e-01
19.400000 0.884287 16.270878 0.040839 9.975429e-01
19.700000 0.883879 16.528531 0.040751 9.975512e-01
20.000000 0.883481 16.786131 0.040665 9.975593e-01
20.300000 0.883092 17.043678 0.040581 9.975672e-01
20.600000 0.882713 17.301175 0.040500 9.975748e-01
20.900000 0.882343 17.558624 0.040421 9.975823e-01
21.200000 0.881981 17.816026 0.040344 9.975895e-01
21.500000 0.881628 18.073383 0.040269 9.975965e-01
21.800000 0.881284 18.330697 0.040196 9.976033e-01
22.100000 0.880946 18.587968 0.040125 9.976099e-01
22.400000 0.880617 18.845199 0.040056 9.976163e-01
22.700000 0.880295 19.102391 0.039989 9.976225e-01
23.000000 0.879979 19.359545 0.039924 9.976285e-01
23.300000 0.879671 19.616661 0.039861 9.976343e-01
23.600000 0.879369 19.873742 0.039800 9.976400e-01
23.900000 0.879074 20.130789 0.039740 9.976454e-01
24.200000 0.878785 20.387801 0.039683 9.976507e-01
24.500000 0.878501 20.644781 0.039627 9.976558e-01
24.800000 0.878224 20.901730 0.039572 9.976608e-01
