1.341333 0.404183 9.050923e-01 0.721755 0.355817 7.808404e-01
1.204925 0.224813 9.613517e-01 0.878659 0.149000 9.678584e-01
1.105770 0.098862 9.908534e-01 0.964423 0.038969 9.981180e-01
1.056371 0.044096 9.979918e-01 0.992491 0.007054 9.999417e-01
1.030358 0.021014 9.995199e-01 0.999326 0.000752 9.999993e-01
1.012808 0.008122 9.999257e-01 0.998572 0.001233 9.999982e-01
0.998732 0.001367 9.999978e-01 0.993705 0.004409 9.999773e-01
0.986595 0.008854 9.999070e-01 0.985856 0.009301 9.998972e-01
0.975851 0.015299 9.997162e-01 0.975679 0.015400 9.997124e-01
0.966232 0.020862 9.994619e-01 0.963682 0.022336 9.993800e-01
0.957569 0.025695 9.991691e-01 0.950276 0.029812 9.988647e-01
0.949731 0.029904 9.988564e-01 0.935796 0.037587 9.981404e-01
0.942619 0.033569 9.985375e-01 0.920521 0.045459 9.971915e-01
0.936149 0.036754 9.982231e-01 0.904686 0.053257 9.960140e-01
0.930254 0.039507 9.979214e-01 0.888488 0.060830 9.946158e-01
0.924875 0.041872 9.976386e-01 0.872094 0.068051 9.930173e-01
0.919963 0.043882 9.973792e-01 0.855649 0.074807 9.912501e-01
0.915473 0.045570 9.971466e-01 0.839271 0.081005 9.893563e-01
0.911366 0.046964 9.969427e-01 0.823059 0.086569 9.873854e-01
0.907608 0.048091 9.967682e-01 0.807092 0.091443 9.853922e-01
0.904164 0.048975 9.966232e-01 0.791431 0.095589 9.834325e-01
0.901006 0.049640 9.965069e-01 0.776122 0.098989 9.815603e-01
0.898107 0.050110 9.964177e-01 0.761196 0.101643 9.798242e-01
0.895441 0.050406 9.963539e-01 0.746673 0.103568 9.782643e-01
0.892986 0.050548 9.963133e-01 0.732563 0.104801 9.769102e-01
0.890722 0.050556 9.962934e-01 0.718868 0.105394 9.757783e-01
0.888629 0.050448 9.962919e-01 0.705587 0.105414 9.748713e-01
0.886693 0.050240 9.963062e-01 0.692711 0.104948 9.741770e-01
0.884896 0.049949 9.963340e-01 0.680230 0.104094 9.736683e-01
0.883227 0.049588 9.963730e-01 0.668132 0.102968 9.733035e-01
0.881673 0.049171 9.964210e-01 0.656404 0.101697 9.730273e-01
0.880225 0.048709 9.964761e-01 0.645032 0.100420 9.727723e-01
0.878871 0.048215 9.965364e-01 0.634005 0.099282 9.724610e-01
0.877605 0.047696 9.966005e-01 0.623308 0.098429 9.720081e-01
0.876419 0.047163 9.966669e-01 0.612930 0.098000 9.713238e-01
0.875306 0.046622 9.967344e-01 0.602861 0.098119 9.703167e-01
0.874261 0.046080 9.968020e-01 0.593090 0.098882 9.688974e-01
0.873278 0.045543 9.968689e-01 0.583607 0.100352 9.669821e-01
0.872353 0.045015 9.969343e-01 0.574406 0.102553 9.644956e-01
0.871482 0.044501 9.969978e-01 0.565476 0.105473 9.613749e-01
0.870660 0.044003 9.970589e-01 0.556812 0.109066 9.575715e-01
0.869886 0.043523 9.971174e-01 0.548407 0.113263 9.530529e-01
0.869154 0.043064 9.971730e-01 0.540253 0.117976 9.478043e-01
0.868463 0.042626 9.972256e-01 0.532344 0.123112 9.418282e-01
0.867811 0.042210 9.972752e-01 0.524675 0.128577 9.351444e-01
0.867194 0.041817 9.973219e-01 0.517240 0.134279 9.277881e-01
0.866610 0.041445 9.973656e-01 0.510031 0.140136 9.198082e-01
0.866057 0.041096 9.974064e-01 0.503043 0.146073 9.112648e-01
0.865534 0.040767 9.974445e-01 0.496271 0.152023 9.022266e-01
0.865039 0.040459 9.974800e-01 0.489706 0.157931 8.927681e-01
0.864569 0.040171 9.975130e-01 0.483344 0.163748 8.829667e-01
0.864124 0.039901 9.975437e-01 0.477178 0.169437 8.729006e-01
0.863702 0.039649 9.975722e-01 0.471201 0.174964 8.626462e-01
0.863301 0.039414 9.975987e-01 0.465408 0.180304 8.522767e-01
0.862920 0.039194 9.976232e-01 0.459790 0.185438 8.418605e-01
0.862558 0.038989 9.976460e-01 0.454343 0.190350 8.314601e-01
0.862213 0.038798 9.976671e-01 0.449059 0.195030 8.211318e-01
0.861886 0.038620 9.976867e-01 0.443932 0.199472 8.109250e-01
0.861574 0.038454 9.977048e-01 0.438956 0.203671 8.008823e-01
0.861277 0.038299 9.977216e-01 0.434125 0.207628 7.910398e-01
0.860993 0.038155 9.977372e-01 0.429433 0.211342 7.814273e-01
0.860722 0.038021 9.977517e-01 0.424873 0.214818 7.720684e-01
0.860464 0.037896 9.977650e-01 0.420440 0.218060 7.629817e-01
0.860217 0.037780 9.977774e-01 0.416129 0.221073 7.541808e-01
0.859980 0.037671 9.977889e-01 0.411934 0.223864 7.456751e-01
0.859754 0.037571 9.977995e-01 0.407849 0.226441 7.374702e-01
0.859537 0.037477 9.978093e-01 0.403871 0.228811 7.295685e-01
0.859329 0.037391 9.978184e-01 0.399994 0.230982 7.219697e-01
0.859130 0.037310 9.978267e-01 0.396214 0.232963 7.146713e-01
0.858938 0.037235 9.978344e-01 0.392526 0.234762 7.076687e-01
0.858754 0.037166 9.978415e-01 0.388925 0.236388 7.009559e-01
