1.447962 0.414963 9.133685e-01 0.653976 0.392280 7.064535e-01
1.364770 0.317318 9.412383e-01 0.773936 0.251163 8.915627e-01
1.268492 0.202175 9.714999e-01 0.884734 0.117584 9.800093e-01
1.188374 0.113554 9.895657e-01 0.953461 0.039941 9.979775e-01
1.131695 0.062968 9.964375e-01 0.985120 0.010336 9.998729e-01
1.088243 0.035948 9.987414e-01 0.996165 0.003200 9.999881e-01
1.047372 0.017957 9.996606e-01 0.994080 0.003916 9.999821e-01
1.001489 0.002178 9.999945e-01 0.977819 0.010037 9.998783e-01
0.945366 0.023144 9.993083e-01 0.941040 0.025003 9.991854e-01
0.877440 0.052974 9.958084e-01 0.876241 0.053513 9.957113e-01
0.802332 0.087318 9.865066e-01 0.782287 0.096500 9.827303e-01
0.729906 0.119936 9.697620e-01 0.670227 0.146984 9.473808e-01
0.669157 0.145366 9.483170e-01 0.558203 0.193956 8.776340e-01
0.623351 0.162192 9.274855e-01 0.460088 0.230254 7.756508e-01
