-25.000000 1.534222 -39.889775 0.550176 8.706946e-01
-24.700000 1.533527 -39.411656 0.549822 8.707375e-01
-24.400000 1.532817 -38.933547 0.549459 8.707819e-01
-24.100000 1.532090 -38.455449 0.549086 8.708279e-01
-23.800000 1.531345 -37.977363 0.548703 8.708756e-01
-23.500000 1.530583 -37.499287 0.548309 8.709250e-01
-23.200000 1.529803 -37.021224 0.547905 8.709762e-01
-22.900000 1.529003 -36.543174 0.547489 8.710294e-01
-22.600000 1.528184 -36.065137 0.547061 8.710846e-01
-22.300000 1.527344 -35.587114 0.546621 8.711419e-01
-22.000000 1.526483 -35.109106 0.546167 8.712015e-01
-21.700000 1.525600 -34.631113 0.545701 8.712634e-01
-21.400000 1.524694 -34.153137 0.545220 8.713279e-01
-21.100000 1.523764 -33.675177 0.544724 8.713949e-01
-20.800000 1.522809 -33.197236 0.544213 8.714648e-01
-20.500000 1.521829 -32.719313 0.543686 8.715376e-01
-20.200000 1.520821 -32.241410 0.543142 8.716135e-01
-19.900000 1.519786 -31.763529 0.542580 8.716927e-01
-19.600000 1.518722 -31.285669 0.542000 8.717754e-01
-19.300000 1.517627 -30.807832 0.541400 8.718618e-01
-19.000000 1.516501 -30.330020 0.540780 8.719520e-01
-18.700000 1.515342 -29.852234 0.540138 8.720465e-01
-18.400000 1.514148 -29.374475 0.539473 8.721453e-01
-18.100000 1.512919 -28.896744 0.538785 8.722488e-01
-17.800000 1.511651 -28.419044 0.538072 8.723573e-01
-17.500000 1.510345 -27.941376 0.537332 8.724711e-01
-17.200000 1.508997 -27.463741 0.536564 8.725905e-01
-16.900000 1.507606 -26.986143 0.535767 8.727160e-01
-16.600000 1.506169 -26.508582 0.534939 8.728479e-01
-16.300000 1.504686 -26.031061 0.534078 8.729866e-01
-16.000000 1.503152 -25.553583 0.533182 8.731327e-01
-15.700000 1.501566 -25.076149 0.532249 8.732866e-01
-15.400000 1.499925 -24.598762 0.531277 8.734489e-01
-15.100000 1.498225 -24.121426 0.530264 8.736202e-01
-14.800000 1.496465 -23.644143 0.529207 8.738011e-01
-14.500000 1.494640 -23.166917 0.528103 8.739924e-01
-14.200000 1.492747 -22.689750 0.526949 8.741949e-01
-13.900000 1.490782 -22.212647 0.525742 8.744094e-01
-13.600000 1.488741 -21.735612 0.524479 8.746367e-01
-13.300000 1.486619 -21.258648 0.523155 8.748780e-01
-13.000000 1.484411 -20.781760 0.521766 8.751344e-01
-12.700000 1.482113 -20.304953 0.520309 8.754070e-01
-12.400000 1.479719 -19.828232 0.518777 8.756971e-01
-12.100000 1.477222 -19.351603 0.517165 8.760064e-01
-11.800000 1.474615 -18.875072 0.515468 8.763363e-01
-11.500000 1.471892 -18.398645 0.513680 8.766887e-01
-11.200000 1.469043 -17.922329 0.511792 8.770656e-01
-10.900000 1.466062 -17.446132 0.509797 8.774691e-01
-10.600000 1.462936 -16.970063 0.507686 8.779017e-01
-10.300000 1.459658 -16.494130 0.505450 8.783662e-01
-10.000000 1.456213 -16.018344 0.503078 8.788655e-01
-9.700000 1.452590 -15.542716 0.500558 8.794032e-01
-9.400000 1.448775 -15.067258 0.497878 8.799831e-01
-9.100000 1.444751 -14.591985 0.495021 8.806096e-01
-8.800000 1.440501 -14.116912 0.491972 8.812876e-01
-8.500000 1.436006 -13.642057 0.488712 8.820229e-01
-8.200000 1.431244 -13.167441 0.485219 8.828219e-01
-7.900000 1.426190 -12.693088 0.481470 8.836922e-01
-7.600000 1.420817 -12.219025 0.477436 8.846425e-01
-7.300000 1.415094 -11.745284 0.473085 8.856831e-01
-7.000000 1.408988 -11.271905 0.468381 8.868259e-01
-6.700000 1.402459 -10.798934 0.463281 8.880853e-01
-6.400000 1.395463 -10.326425 0.457733 8.894783e-01
-6.100000 1.387950 -9.854444 0.451677 8.910258e-01
-5.800000 1.379863 -9.383071 0.445042 8.927527e-01
-5.500000 1.371139 -8.912404 0.437741 8.946901e-01
-5.200000 1.361703 -8.442556 0.429668 8.968762e-01
-4.900000 1.351468 -7.973664 0.420694 8.993584e-01
-4.600000 1.340337 -7.505887 0.410657 9.021961e-01
-4.300000 1.328190 -7.039405 0.399358 9.054636e-01
-4.000000 1.314884 -6.574418 0.386543 9.092535e-01
-3.700000 1.300240 -6.111130 0.371892 9.136810e-01
-3.400000 1.284033 -5.649745 0.354999 9.188875e-01
-3.100000 1.265962 -5.190444 0.335336 9.250440e-01
-2.800000 1.245624 -4.733373 0.312223 9.323515e-01
-2.500000 1.222470 -4.278644 0.284761 9.410322e-01
-2.200000 1.195748 -3.826394 0.251776 9.512935e-01
-1.900000 1.164495 -3.377036 0.211792 9.632051e-01
-1.600000 1.127806 -2.932297 0.163450 9.763180e-01
-1.300000 1.086421 -2.498767 0.107842 9.887489e-01
-1.000000 1.047046 -2.094092 0.054900 9.968351e-01
-0.700000 1.020858 -1.735459 0.021131 9.995054e-01
-0.400000 1.008107 -1.411350 0.006798 9.999475e-01
-0.100000 1.001594 -1.101754 0.001145 9.999985e-01
0.200000 0.997221 -0.797777 0.001818 9.999962e-01
0.500000 0.993615 -0.496808 0.003960 9.999817e-01
0.800000 0.990363 -0.198073 0.005778 9.999607e-01
1.100000 16.537922 1.653792 2.099087 9.817351e-01
1.400000 0.984452 0.393781 0.008934 9.999049e-01
1.700000 0.981706 0.687194 0.010353 9.998716e-01
2.000000 0.979067 0.979067 0.011696 9.998352e-01
2.300000 0.976517 1.269472 0.012978 9.997961e-01
2.600000 0.974040 1.558464 0.014214 9.997541e-01
2.900000 0.971623 1.846084 0.015414 9.997094e-01
3.200000 0.969255 2.132361 0.016589 9.996618e-01
3.500000 0.966924 2.417309 0.017750 9.996110e-01
3.800000 0.964620 2.700937 0.018903 9.995567e-01
4.100000 0.962337 2.983244 0.020057 9.994986e-01
4.400000 0.960066 3.264223 0.021218 9.994363e-01
4.700000 0.957801 3.543864 0.022391 9.993693e-01
5.000000 0.955539 3.822156 0.023580 9.992972e-01
5.300000 0.953276 4.099086 0.024788 9.992198e-01
5.600000 0.951010 4.374648 0.026016 9.991365e-01
5.900000 0.948743 4.648839 0.027265 9.990472e-01
6.200000 0.946474 4.921664 0.028533 9.989516e-01
6.500000 0.944207 5.193137 0.029817 9.988497e-01
6.800000 0.941945 5.463281 0.031113 9.987416e-01
7.100000 0.939693 5.732130 0.032417 9.986275e-01
7.400000 0.937457 5.999727 0.033724 9.985077e-01
7.700000 0.935242 6.266124 0.035026 9.983828e-01
8.000000 0.933054 6.531380 0.036319 9.982533e-01
8.300000 0.930899 6.795561 0.037595 9.981199e-01
8.600000 0.928781 7.058734 0.038851 9.979834e-01
8.900000 0.926705 7.320969 0.040079 9.978445e-01
9.200000 0.924675 7.582337 0.041277 9.977040e-01
9.500000 0.922695 7.842907 0.042441 9.975627e-01
9.800000 0.920767 8.102745 0.043567 9.974212e-01
10.100000 0.918892 8.361916 0.044654 9.972802e-01
10.400000 0.917072 8.620478 0.045701 9.971403e-01
10.700000 0.915308 8.878487 0.046706 9.970020e-01
11.000000 0.913599 9.135994 0.047669 9.968658e-01
11.300000 0.911946 9.393047 0.048591 9.967320e-01
11.600000 0.910348 9.649686 0.049472 9.966010e-01
11.900000 0.908803 9.905952 0.050313 9.964729e-01
12.200000 0.907311 10.161879 0.051115 9.963480e-01
12.500000 0.905869 10.417499 0.051880 9.962265e-01
12.800000 0.904478 10.672840 0.052608 9.961084e-01
13.100000 0.903134 10.927927 0.053301 9.959937e-01
13.400000 0.901837 11.182783 0.053960 9.958826e-01
13.700000 0.900585 11.437429 0.054588 9.957749e-01
14.000000 0.899376 11.691883 0.055186 9.956708e-01
14.300000 0.898208 11.946162 0.055754 9.955701e-01
14.600000 0.897079 12.200280 0.056295 9.954727e-01
14.900000 0.895989 12.454252 0.056810 9.953787e-01
15.200000 0.894936 12.708088 0.057301 9.952880e-01
15.500000 0.893917 12.961799 0.057768 9.952003e-01
15.800000 0.892932 13.215396 0.058213 9.951158e-01
16.100000 0.891979 13.468887 0.058637 9.950342e-01
16.400000 0.891057 13.722281 0.059041 9.949555e-01
16.700000 0.890165 13.975583 0.059426 9.948795e-01
17.000000 0.889300 14.228802 0.059794 9.948063e-01
17.300000 0.888463 14.481942 0.060145 9.947356e-01
17.600000 0.887651 14.735010 0.060480 9.946674e-01
17.900000 0.886865 14.988011 0.060800 9.946016e-01
18.200000 0.886102 15.240948 0.061106 9.945381e-01
18.500000 0.885361 15.493826 0.061399 9.944768e-01
18.800000 0.884643 15.746649 0.061678 9.944176e-01
19.100000 0.883946 15.999420 0.061946 9.943604e-01
19.400000 0.883269 16.252143 0.062202 9.943053e-01
19.700000 0.882611 16.504820 0.062448 9.942520e-01
20.000000 0.881971 16.757454 0.062683 9.942005e-01
20.300000 0.881350 17.010048 0.062909 9.941507e-01
20.600000 0.880745 17.262604 0.063125 9.941026e-01
20.900000 0.880157 17.515125 0.063333 9.940561e-01
21.200000 0.879585 17.767612 0.063532 9.940111e-01
21.500000 0.879028 18.020067 0.063723 9.939676e-01
21.800000 0.878485 18.272491 0.063907 9.939255e-01
22.100000 0.877957 18.524888 0.064084 9.938847e-01
22.400000 0.877442 18.777257 0.064254 9.938453e-01
22.700000 0.876940 19.029601 0.064418 9.938071e-01
23.000000 0.876451 19.281920 0.064575 9.937700e-01
23.300000 0.875974 19.534217 0.064727 9.937342e-01
23.600000 0.875508 19.786491 0.064873 9.936994e-01
23.900000 0.875054 20.038745 0.065013 9.936657e-01
24.200000 0.874611 20.290979 0.065149 9.936330e-01
24.500000 0.874179 20.543195 0.065279 9.936013e-01
24.800000 0.873756 20.795392 0.065406 9.935706e-01
