2.837651 0.859922 9.041155e-01 0.228064 0.136058 7.087089e-01
2.836264 0.859854 9.040444e-01 0.235896 0.134388 7.273754e-01
2.834694 0.859893 9.039404e-01 0.244290 0.132941 7.451539e-01
2.832904 0.860068 9.037952e-01 0.253321 0.131868 7.616487e-01
2.830848 0.860413 9.035991e-01 0.263081 0.131371 7.764166e-01
2.828460 0.860966 9.033398e-01 0.273697 0.131694 7.890336e-01
2.825653 0.861775 9.030020e-01 0.285334 0.133084 7.992137e-01
2.822302 0.862892 9.025662e-01 0.298220 0.135722 8.069749e-01
2.818224 0.864386 9.020063e-01 0.312677 0.139623 8.128262e-01
2.813140 0.866337 9.012862e-01 0.329169 0.144521 8.179214e-01
2.806616 0.868857 9.003522e-01 0.348374 0.149770 8.241016e-01
2.797951 0.872105 8.991211e-01 0.371271 0.154292 8.337174e-01
2.786011 0.876332 8.974563e-01 0.399227 0.156635 8.490618e-01
2.768990 0.881946 8.951297e-01 0.433965 0.155287 8.711777e-01
2.744160 0.889629 8.917636e-01 0.477180 0.149581 8.980868e-01
2.707816 0.900378 8.867734e-01 0.529537 0.141349 9.239716e-01
2.654878 0.914854 8.794053e-01 0.589908 0.135035 9.429400e-01
2.569234 0.927082 8.692876e-01 0.661376 0.127931 9.585800e-01
2.346013 0.873324 8.620432e-01 0.777469 0.085224 9.863132e-01
1.681885 0.490896 9.104311e-01 0.931099 0.025344 9.991451e-01
1.057674 0.065047 9.956511e-01 0.913679 0.019881 9.994535e-01
0.879534 0.025968 9.989943e-01 0.857523 0.028349 9.987394e-01
0.825959 0.031961 9.982737e-01 0.823833 0.032006 9.982600e-01
0.797856 0.032445 9.980939e-01 0.797463 0.032448 9.980917e-01
0.779247 0.032670 9.979742e-01 0.774374 0.032826 9.979291e-01
0.766223 0.033387 9.978122e-01 0.754299 0.034492 9.975910e-01
0.756892 0.034822 9.975616e-01 0.737110 0.038642 9.968362e-01
0.750033 0.036941 9.972063e-01 0.722413 0.045754 9.953889e-01
0.744825 0.039557 9.967533e-01 0.709688 0.055444 9.930008e-01
0.740722 0.042446 9.962221e-01 0.698426 0.066969 9.894937e-01
0.737361 0.045420 9.956372e-01 0.688190 0.079627 9.847748e-01
0.734507 0.048342 9.950225e-01 0.678639 0.092860 9.788351e-01
0.732005 0.051119 9.943997e-01 0.669517 0.106246 9.717397e-01
0.729757 0.053695 9.937866e-01 0.660643 0.119458 9.636147e-01
0.727698 0.056040 9.931978e-01 0.651893 0.132243 9.546314e-01
0.725783 0.058139 9.926440e-01 0.643186 0.144406 9.449891e-01
0.723986 0.059991 9.921329e-01 0.634471 0.155799 9.348978e-01
0.722286 0.061604 9.916691e-01 0.625720 0.166319 9.245626e-01
0.720671 0.062990 9.912547e-01 0.616918 0.175901 9.141710e-01
0.719130 0.064165 9.908897e-01 0.608060 0.184511 9.038856e-01
0.717657 0.065148 9.905728e-01 0.599150 0.192144 8.938389e-01
0.716246 0.065959 9.903013e-01 0.590193 0.198816 8.841335e-01
0.714893 0.066616 9.900720e-01 0.581198 0.204561 8.748434e-01
0.713595 0.067137 9.898813e-01 0.572176 0.209425 8.660176e-01
0.712348 0.067540 9.897252e-01 0.563137 0.213459 8.576840e-01
0.711150 0.067840 9.896000e-01 0.554095 0.216724 8.498537e-01
0.709999 0.068052 9.895021e-01 0.545060 0.219279 8.425245e-01
0.708893 0.068187 9.894281e-01 0.536044 0.221185 8.356849e-01
0.707829 0.068258 9.893747e-01 0.527058 0.222501 8.293162e-01
0.706807 0.068275 9.893393e-01 0.518114 0.223285 8.233953e-01
0.705824 0.068245 9.893191e-01 0.509223 0.223592 8.178964e-01
0.704880 0.068176 9.893120e-01 0.500394 0.223472 8.127919e-01
0.703973 0.068076 9.893160e-01 0.491637 0.222973 8.080540e-01
0.703101 0.067949 9.893292e-01 0.482963 0.222140 8.036548e-01
0.702263 0.067801 9.893502e-01 0.474380 0.221015 7.995671e-01
0.701459 0.067635 9.893775e-01 0.465896 0.219634 7.957648e-01
0.700687 0.067456 9.894102e-01 0.457519 0.218033 7.922224e-01
0.699946 0.067266 9.894470e-01 0.449256 0.216244 7.889162e-01
0.699235 0.067068 9.894871e-01 0.441115 0.214296 7.858231e-01
0.698553 0.066865 9.895299e-01 0.433102 0.212215 7.829216e-01
0.697898 0.066658 9.895746e-01 0.425221 0.210027 7.801912e-01
0.697272 0.066449 9.896206e-01 0.417479 0.207752 7.776126e-01
0.696671 0.066240 9.896676e-01 0.409879 0.205412 7.751676e-01
0.696095 0.066032 9.897150e-01 0.402426 0.203023 7.728390e-01
0.695544 0.065825 9.897626e-01 0.395123 0.200604 7.706106e-01
0.695016 0.065621 9.898101e-01 0.387972 0.198167 7.684674e-01
0.694511 0.065420 9.898572e-01 0.380975 0.195726 7.663950e-01
0.694027 0.065223 9.899037e-01 0.374136 0.193294 7.643803e-01
0.693565 0.065030 9.899494e-01 0.367453 0.190879 7.624108e-01
0.693123 0.064842 9.899943e-01 0.360929 0.188492 7.604752e-01
0.692700 0.064659 9.900381e-01 0.354564 0.186139 7.585630e-01
0.692295 0.064481 9.900809e-01 0.348356 0.183828 7.566646e-01
0.691909 0.064308 9.901226e-01 0.342307 0.181565 7.547710e-01
0.691539 0.064140 9.901630e-01 0.336413 0.179353 7.528746e-01
0.691186 0.063978 9.902023e-01 0.330675 0.177197 7.509681e-01
0.690849 0.063822 9.902403e-01 0.325091 0.175100 7.490454e-01
0.690526 0.063671 9.902770e-01 0.319658 0.173064 7.471010e-01
0.690218 0.063525 9.903125e-01 0.314375 0.171091 7.451304e-01
0.689924 0.063384 9.903467e-01 0.309238 0.169182 7.431295e-01
0.689642 0.063249 9.903798e-01 0.304245 0.167338 7.410952e-01
0.689374 0.063119 9.904116e-01 0.299394 0.165558 7.390250e-01
0.689117 0.062993 9.904422e-01 0.294681 0.163843 7.369169e-01
0.688871 0.062873 9.904717e-01 0.290103 0.162191 7.347698e-01
0.688637 0.062757 9.905001e-01 0.285657 0.160601 7.325829e-01
0.688412 0.062645 9.905274e-01 0.281339 0.159073 7.303559e-01
0.688198 0.062538 9.905536e-01 0.277147 0.157605 7.280890e-01
0.687993 0.062435 9.905788e-01 0.273076 0.156194 7.257829e-01
0.687797 0.062337 9.906030e-01 0.269123 0.154840 7.234385e-01
0.687609 0.062242 9.906262e-01 0.265284 0.153540 7.210572e-01
0.687429 0.062150 9.906486e-01 0.261556 0.152292 7.186405e-01
0.687257 0.062063 9.906701e-01 0.257936 0.151095 7.161902e-01
0.687092 0.061979 9.906907e-01 0.254420 0.149945 7.137082e-01
0.686935 0.061898 9.907105e-01 0.251004 0.148842 7.111967e-01
0.686783 0.061820 9.907296e-01 0.247686 0.147782 7.086578e-01
0.686639 0.061745 9.907479e-01 0.244461 0.146764 7.060939e-01
0.686500 0.061674 9.907655e-01 0.241326 0.145786 7.035073e-01
0.686366 0.061604 9.907824e-01 0.238279 0.144845 7.009002e-01
