1.609972 0.308840 9.592357e-01 0.444697 0.264087 7.105931e-01
1.562069 0.293168 9.609122e-01 0.528024 0.232693 8.168086e-01
1.490936 0.261254 9.657549e-01 0.630519 0.185826 9.088351e-01
1.394003 0.205440 9.755314e-01 0.741398 0.122143 9.696080e-01
1.281477 0.133820 9.875631e-01 0.836907 0.060759 9.939501e-01
1.173672 0.073032 9.955484e-01 0.896526 0.027190 9.989389e-01
1.080304 0.038783 9.985139e-01 0.920209 0.019802 9.994655e-01
0.997128 0.023049 9.993833e-01 0.916221 0.020168 9.994407e-01
0.919085 0.019513 9.994797e-01 0.889013 0.023836 9.991705e-01
0.846379 0.033363 9.982088e-01 0.841925 0.034616 9.980516e-01
0.782516 0.053018 9.947266e-01 0.781523 0.053347 9.946478e-01
0.730413 0.070763 9.892770e-01 0.716705 0.075501 9.873464e-01
0.690413 0.084148 9.831341e-01 0.654993 0.096271 9.756591e-01
0.660784 0.093154 9.775637e-01 0.600407 0.113008 9.606959e-01
0.639085 0.098721 9.731823e-01 0.553923 0.125103 9.443709e-01
0.623101 0.101900 9.700400e-01 0.514882 0.133059 9.283967e-01
0.611145 0.103521 9.679270e-01 0.482085 0.137754 9.138310e-01
0.602029 0.104166 9.665818e-01 0.454343 0.140072 9.010926e-01
0.594947 0.104216 9.657772e-01 0.430659 0.140785 8.901425e-01
0.589346 0.103917 9.653395e-01 0.410247 0.140528 8.806641e-01
0.584847 0.103425 9.651434e-01 0.392499 0.139808 8.722010e-01
0.581181 0.102842 9.651010e-01 0.376940 0.139010 8.642574e-01
0.578157 0.102229 9.651520e-01 0.363195 0.138411 8.563691e-01
0.575633 0.101626 9.652554e-01 0.350961 0.138186 8.481525e-01
0.573501 0.101055 9.653842e-01 0.339994 0.138423 8.393308e-01
0.571683 0.100529 9.655209e-01 0.330091 0.139140 8.297417e-01
0.570115 0.100052 9.656544e-01 0.321084 0.140304 8.193287e-01
0.568751 0.099626 9.657781e-01 0.312833 0.141848 8.081223e-01
0.567552 0.099250 9.658885e-01 0.305223 0.143690 7.962151e-01
0.566489 0.098921 9.659839e-01 0.298155 0.145742 7.837372e-01
0.565538 0.098634 9.660637e-01 0.291549 0.147925 7.708346e-01
0.564681 0.098388 9.661284e-01 0.285336 0.150168 7.576525e-01
0.563902 0.098177 9.661786e-01 0.279461 0.152413 7.443236e-01
0.563191 0.097997 9.662155e-01 0.273876 0.154615 7.309623e-01
0.562536 0.097846 9.662403e-01 0.268544 0.156739 7.176612e-01
0.561931 0.097721 9.662540e-01 0.263431 0.158763 7.044921e-01
