-25.000000 2.282051 -59.333331 0.697660 9.025802e-01
-24.700000 2.280978 -58.621136 0.697322 9.025828e-01
-24.400000 2.279879 -57.908936 0.696975 9.025855e-01
-24.100000 2.278754 -57.196731 0.696620 9.025884e-01
-23.800000 2.277602 -56.484520 0.696255 9.025915e-01
-23.500000 2.276421 -55.772304 0.695881 9.025946e-01
-23.200000 2.275210 -55.060081 0.695498 9.025980e-01
-22.900000 2.273969 -54.347851 0.695105 9.026016e-01
-22.600000 2.272696 -53.635615 0.694701 9.026053e-01
-22.300000 2.271389 -52.923372 0.694286 9.026092e-01
-22.000000 2.270049 -52.211122 0.693860 9.026134e-01
-21.700000 2.268672 -51.498865 0.693422 9.026177e-01
-21.400000 2.267259 -50.786599 0.692972 9.026223e-01
-21.100000 2.265807 -50.074326 0.692509 9.026272e-01
-20.800000 2.264314 -49.362044 0.692032 9.026324e-01
-20.500000 2.262779 -48.649753 0.691542 9.026378e-01
-20.200000 2.261201 -47.937453 0.691037 9.026435e-01
-19.900000 2.259576 -47.225144 0.690516 9.026496e-01
-19.600000 2.257904 -46.512824 0.689980 9.026560e-01
-19.300000 2.256182 -45.800495 0.689427 9.026628e-01
-19.000000 2.254408 -45.088154 0.688857 9.026700e-01
-18.700000 2.252579 -44.375803 0.688268 9.026776e-01
-18.400000 2.250693 -43.663439 0.687660 9.026857e-01
-18.100000 2.248747 -42.951064 0.687032 9.026943e-01
-17.800000 2.246738 -42.238675 0.686383 9.027033e-01
-17.500000 2.244663 -41.526274 0.685712 9.027130e-01
-17.200000 2.242520 -40.813858 0.685017 9.027232e-01
-16.900000 2.240303 -40.101428 0.684298 9.027341e-01
-16.600000 2.238010 -39.388983 0.683552 9.027456e-01
-16.300000 2.235637 -38.676523 0.682780 9.027579e-01
-16.000000 2.233179 -37.964046 0.681978 9.027709e-01
-15.700000 2.230632 -37.251552 0.681146 9.027848e-01
-15.400000 2.227990 -36.539040 0.680282 9.027996e-01
-15.100000 2.225249 -35.826509 0.679384 9.028154e-01
-14.800000 2.222403 -35.113960 0.678450 9.028323e-01
-14.500000 2.219444 -34.401389 0.677478 9.028502e-01
-14.200000 2.216368 -33.688798 0.676465 9.028694e-01
-13.900000 2.213167 -32.976185 0.675409 9.028899e-01
-13.600000 2.209832 -32.263549 0.674307 9.029119e-01
-13.300000 2.206356 -31.550889 0.673156 9.029354e-01
-13.000000 2.202729 -30.838204 0.671953 9.029605e-01
-12.700000 2.198941 -30.125493 0.670694 9.029875e-01
-12.400000 2.194982 -29.412756 0.669375 9.030165e-01
-12.100000 2.190839 -28.699990 0.667993 9.030476e-01
-11.800000 2.186500 -27.987195 0.666543 9.030811e-01
-11.500000 2.181950 -27.274369 0.665019 9.031172e-01
-11.200000 2.177173 -26.561512 0.663415 9.031561e-01
-10.900000 2.172153 -25.848623 0.661727 9.031981e-01
-10.600000 2.166871 -25.135699 0.659946 9.032435e-01
-10.300000 2.161305 -24.422741 0.658065 9.032927e-01
-10.000000 2.155432 -23.709747 0.656077 9.033461e-01
-9.700000 2.149226 -22.996716 0.653970 9.034042e-01
-9.400000 2.142658 -22.283647 0.651735 9.034676e-01
-9.100000 2.135697 -21.570539 0.649359 9.035368e-01
-8.800000 2.128305 -20.857393 0.646830 9.036127e-01
-8.500000 2.120443 -20.144207 0.644132 9.036962e-01
-8.200000 2.112063 -19.430982 0.641247 9.037882e-01
-7.900000 2.103114 -18.717718 0.638155 9.038902e-01
-7.600000 2.093537 -18.004416 0.634834 9.040038e-01
-7.300000 2.083263 -17.291079 0.631256 9.041308e-01
-7.000000 2.072214 -16.577709 0.627390 9.042738e-01
-6.700000 2.060300 -15.864309 0.623200 9.044357e-01
-6.400000 2.047417 -15.150885 0.618641 9.046205e-01
-6.100000 2.033443 -14.437445 0.613661 9.048330e-01
-5.800000 2.018235 -13.723999 0.608199 9.050798e-01
-5.500000 2.001624 -13.010559 0.602177 9.053690e-01
-5.200000 1.983410 -12.297143 0.595504 9.057116e-01
-4.900000 1.963352 -11.583775 0.588063 9.061223e-01
-4.600000 1.941158 -10.870486 0.579712 9.066203e-01
-4.300000 1.916475 -10.157320 0.570270 9.072322e-01
-4.000000 1.888868 -9.444339 0.559507 9.079941e-01
-3.700000 1.857794 -8.731632 0.547125 9.089570e-01
-3.400000 1.822576 -8.019333 0.532732 9.101940e-01
-3.100000 1.782353 -7.307649 0.515795 9.118143e-01
-2.800000 1.736026 -6.596900 0.495572 9.139867e-01
-2.500000 1.682170 -5.887596 0.470991 9.169824e-01
-2.200000 1.618918 -5.180536 0.440471 9.212438e-01
-1.900000 1.543798 -4.477015 0.401688 9.274851e-01
-1.600000 1.453649 -3.779489 0.351302 9.368142e-01
-1.300000 1.345375 -3.094363 0.284710 9.508251e-01
-1.000000 1.220968 -2.441936 0.196704 9.708983e-01
-0.700000 1.102395 -1.874071 0.092477 9.919388e-01
-0.400000 1.029226 -1.440916 0.020094 9.995600e-01
-0.100000 0.998130 -1.097943 0.003922 9.999822e-01
0.200000 0.980627 -0.784501 0.010933 9.998565e-01
0.500000 0.966026 -0.483013 0.018152 9.995924e-01
0.800000 0.951667 -0.190333 0.025212 9.991901e-01
1.100000 15.388804 1.538880 1.446728 9.898964e-01
1.400000 0.924915 0.369966 0.040507 9.977898e-01
1.700000 0.910971 0.637680 0.047559 9.968623e-01
2.000000 0.897412 0.897412 0.054293 9.957909e-01
2.300000 0.884353 1.149658 0.060539 9.946173e-01
2.600000 0.871919 1.395070 0.066210 9.933848e-01
2.900000 0.860204 1.634388 0.071279 9.921330e-01
3.200000 0.849259 1.868369 0.075757 9.908943e-01
3.500000 0.839098 2.097745 0.079684 9.896929e-01
3.800000 0.829710 2.323187 0.083110 9.885456e-01
4.100000 0.821062 2.545292 0.086090 9.874630e-01
4.400000 0.813112 2.764581 0.088676 9.864507e-01
4.700000 0.805810 2.981498 0.090920 9.855111e-01
5.000000 0.799105 3.196419 0.092863 9.846437e-01
5.300000 0.792945 3.409661 0.094547 9.838466e-01
5.600000 0.787280 3.621488 0.096006 9.831164e-01
5.900000 0.782065 3.832120 0.097269 9.824493e-01
6.200000 0.777257 4.041739 0.098362 9.818410e-01
6.500000 0.772818 4.250498 0.099309 9.812871e-01
6.800000 0.768711 4.458525 0.100128 9.807831e-01
7.100000 0.764906 4.665925 0.100837 9.803248e-01
7.400000 0.761373 4.872788 0.101450 9.799082e-01
7.700000 0.758088 5.079187 0.101980 9.795294e-01
8.000000 0.755027 5.285187 0.102437 9.791850e-01
8.300000 0.752170 5.490839 0.102831 9.788716e-01
8.600000 0.749498 5.696189 0.103170 9.785864e-01
8.900000 0.746997 5.901274 0.103461 9.783267e-01
9.200000 0.744650 6.106129 0.103710 9.780900e-01
9.500000 0.742445 6.310781 0.103923 9.778741e-01
9.800000 0.740370 6.515253 0.104103 9.776770e-01
10.100000 0.738414 6.719567 0.104256 9.774969e-01
10.400000 0.736568 6.923741 0.104384 9.773323e-01
10.700000 0.734824 7.127790 0.104490 9.771816e-01
11.000000 0.733173 7.331727 0.104578 9.770436e-01
11.300000 0.731608 7.535566 0.104649 9.769171e-01
11.600000 0.730124 7.739315 0.104705 9.768010e-01
11.900000 0.728714 7.942985 0.104748 9.766944e-01
12.200000 0.727373 8.146582 0.104780 9.765965e-01
12.500000 0.726097 8.350115 0.104802 9.765064e-01
12.800000 0.724881 8.553590 0.104815 9.764236e-01
13.100000 0.723720 8.757012 0.104821 9.763473e-01
13.400000 0.722612 8.960385 0.104819 9.762770e-01
13.700000 0.721552 9.163715 0.104812 9.762121e-01
14.000000 0.720539 9.367006 0.104800 9.761523e-01
14.300000 0.719568 9.570260 0.104782 9.760971e-01
14.600000 0.718638 9.773482 0.104761 9.760462e-01
14.900000 0.717746 9.976673 0.104736 9.759991e-01
15.200000 0.716890 10.179837 0.104709 9.759556e-01
15.500000 0.716067 10.382975 0.104678 9.759154e-01
15.800000 0.715276 10.586090 0.104645 9.758782e-01
16.100000 0.714515 10.789183 0.104610 9.758438e-01
16.400000 0.713783 10.992257 0.104573 9.758120e-01
16.700000 0.713077 11.195313 0.104535 9.757825e-01
17.000000 0.712397 11.398352 0.104496 9.757553e-01
17.300000 0.711741 11.601375 0.104455 9.757301e-01
17.600000 0.711107 11.804383 0.104413 9.757068e-01
17.900000 0.710496 12.007379 0.104371 9.756852e-01
18.200000 0.709905 12.210361 0.104328 9.756653e-01
18.500000 0.709333 12.413333 0.104284 9.756468e-01
18.800000 0.708781 12.616293 0.104241 9.756298e-01
19.100000 0.708245 12.819243 0.104196 9.756141e-01
19.400000 0.707727 13.022184 0.104152 9.755995e-01
19.700000 0.707225 13.225116 0.104107 9.755861e-01
20.000000 0.706739 13.428040 0.104063 9.755738e-01
20.300000 0.706267 13.630955 0.104018 9.755624e-01
20.600000 0.705809 13.833864 0.103973 9.755519e-01
20.900000 0.705365 14.036766 0.103929 9.755423e-01
21.200000 0.704934 14.239661 0.103885 9.755335e-01
21.500000 0.704515 14.442550 0.103840 9.755254e-01
21.800000 0.704107 14.645434 0.103796 9.755180e-01
22.100000 0.703711 14.848312 0.103753 9.755113e-01
22.400000 0.703326 15.051184 0.103709 9.755051e-01
22.700000 0.702952 15.254052 0.103666 9.754995e-01
23.000000 0.702587 15.456916 0.103623 9.754945e-01
23.300000 0.702232 15.659774 0.103581 9.754899e-01
23.600000 0.701886 15.862629 0.103539 9.754858e-01
23.900000 0.701549 16.065480 0.103497 9.754822e-01
24.200000 0.701221 16.268327 0.103456 9.754789e-01
24.500000 0.700901 16.471170 0.103414 9.754760e-01
24.800000 0.700589 16.674010 0.103374 9.754735e-01
