1.675429 0.664900 8.461094e-01 0.701270 0.309802 8.160716e-01
1.246304 0.207332 9.690297e-01 0.942395 0.055233 9.960488e-01
1.075677 0.033661 9.988704e-01 0.990375 0.006362 9.999523e-01
1.021486 0.009742 9.998950e-01 0.988799 0.007105 9.999404e-01
0.989731 0.006469 9.999507e-01 0.977878 0.012212 9.998199e-01
0.961632 0.020723 9.994640e-01 0.959639 0.021619 9.994142e-01
0.933832 0.035432 9.983402e-01 0.933227 0.035599 9.983224e-01
0.906057 0.049998 9.964958e-01 0.898514 0.053795 9.958774e-01
0.878858 0.063744 9.939614e-01 0.856378 0.075084 9.912007e-01
0.852971 0.076047 9.909039e-01 0.808530 0.097862 9.833629e-01
0.829035 0.086534 9.875744e-01 0.757123 0.120529 9.715656e-01
0.807460 0.095108 9.842306e-01 0.704324 0.141840 9.552595e-01
0.788413 0.101883 9.810797e-01 0.652011 0.161023 9.341995e-01
0.771871 0.107081 9.782573e-01 0.601618 0.177691 9.084778e-01
0.757677 0.110953 9.758335e-01 0.554123 0.191719 8.785473e-01
0.745602 0.113744 9.738274e-01 0.510099 0.203138 8.452046e-01
0.735389 0.115666 9.722239e-01 0.469803 0.212071 8.095076e-01
0.726782 0.116905 9.709869e-01 0.433259 0.218702 7.726404e-01
0.719539 0.117610 9.700699e-01 0.400335 0.223249 7.357633e-01
