-25.000000 2.667045 -69.343174 0.447319 9.685360e-01
-24.700000 2.665800 -68.511056 0.447110 9.685360e-01
-24.400000 2.664525 -67.678938 0.446896 9.685360e-01
-24.100000 2.663220 -66.846819 0.446677 9.685360e-01
-23.800000 2.661883 -66.014701 0.446453 9.685360e-01
-23.500000 2.660514 -65.182583 0.446223 9.685360e-01
-23.200000 2.659110 -64.350465 0.445988 9.685360e-01
-22.900000 2.657671 -63.518347 0.445747 9.685360e-01
-22.600000 2.656196 -62.686229 0.445499 9.685360e-01
-22.300000 2.654683 -61.854111 0.445245 9.685360e-01
-22.000000 2.653130 -61.021993 0.444985 9.685360e-01
-21.700000 2.651536 -60.189875 0.444718 9.685360e-01
-21.400000 2.649900 -59.357757 0.444443 9.685360e-01
-21.100000 2.648219 -58.525639 0.444161 9.685360e-01
-20.800000 2.646492 -57.693521 0.443872 9.685360e-01
-20.500000 2.644716 -56.861402 0.443574 9.685360e-01
-20.200000 2.642891 -56.029284 0.443268 9.685360e-01
-19.900000 2.641013 -55.197166 0.442953 9.685360e-01
-19.600000 2.639080 -54.365048 0.442629 9.685360e-01
-19.300000 2.637090 -53.532930 0.442295 9.685360e-01
-19.000000 2.635041 -52.700812 0.441951 9.685360e-01
-18.700000 2.632929 -51.868694 0.441597 9.685360e-01
-18.400000 2.630751 -51.036576 0.441232 9.685360e-01
-18.100000 2.628506 -50.204458 0.440855 9.685360e-01
-17.800000 2.626188 -49.372340 0.440466 9.685360e-01
-17.500000 2.623796 -48.540222 0.440065 9.685360e-01
-17.200000 2.621324 -47.708103 0.439651 9.685360e-01
-16.900000 2.618770 -46.875985 0.439222 9.685360e-01
-16.600000 2.616129 -46.043867 0.438779 9.685360e-01
-16.300000 2.613396 -45.211749 0.438321 9.685360e-01
-16.000000 2.610567 -44.379631 0.437846 9.685360e-01
-15.700000 2.607636 -43.547513 0.437355 9.685360e-01
-15.400000 2.604597 -42.715395 0.436845 9.685360e-01
-15.100000 2.601446 -41.883277 0.436316 9.685360e-01
-14.800000 2.598175 -41.051158 0.435768 9.685360e-01
-14.500000 2.594777 -40.219040 0.435198 9.685360e-01
-14.200000 2.591245 -39.386922 0.434605 9.685360e-01
-13.900000 2.587571 -38.554803 0.433989 9.685360e-01
-13.600000 2.583746 -37.722685 0.433348 9.685360e-01
-13.300000 2.579760 -36.890567 0.432679 9.685360e-01
-13.000000 2.575603 -36.058448 0.431982 9.685360e-01
-12.700000 2.571265 -35.226329 0.431254 9.685361e-01
-12.400000 2.566732 -34.394210 0.430494 9.685361e-01
-12.100000 2.561992 -33.562091 0.429699 9.685361e-01
-11.800000 2.557029 -32.729972 0.428866 9.685361e-01
-11.500000 2.551828 -31.897852 0.427993 9.685362e-01
-11.200000 2.546371 -31.065732 0.427078 9.685362e-01
-10.900000 2.540640 -30.233611 0.426116 9.685363e-01
-10.600000 2.534611 -29.401489 0.425104 9.685364e-01
-10.300000 2.528263 -28.569366 0.424038 9.685365e-01
-10.000000 2.521567 -27.737242 0.422914 9.685367e-01
-9.700000 2.514497 -26.905117 0.421727 9.685369e-01
-9.400000 2.507018 -26.072989 0.420471 9.685372e-01
-9.100000 2.499095 -25.240859 0.419139 9.685376e-01
-8.800000 2.490686 -24.408725 0.417725 9.685381e-01
-8.500000 2.481746 -23.576587 0.416221 9.685388e-01
-8.200000 2.472222 -22.744443 0.414617 9.685398e-01
-7.900000 2.462055 -21.912293 0.412904 9.685410e-01
-7.600000 2.451178 -21.080134 0.411068 9.685427e-01
-7.300000 2.439514 -20.247963 0.409097 9.685450e-01
-7.000000 2.426972 -19.415778 0.406974 9.685480e-01
-6.700000 2.413451 -18.583575 0.404679 9.685521e-01
-6.400000 2.398831 -17.751350 0.402191 9.685576e-01
-6.100000 2.382971 -16.919096 0.399483 9.685650e-01
-5.800000 2.365707 -16.086807 0.396523 9.685751e-01
-5.500000 2.346842 -15.254474 0.393272 9.685889e-01
-5.200000 2.326143 -14.422087 0.389683 9.686078e-01
-4.900000 2.303328 -13.589637 0.385697 9.686336e-01
-4.600000 2.278055 -12.757110 0.381242 9.686690e-01
-4.300000 2.249905 -11.924495 0.376228 9.687179e-01
-4.000000 2.218357 -11.091783 0.370539 9.687855e-01
-3.700000 2.182760 -10.258974 0.364027 9.688793e-01
-3.400000 2.142290 -9.426078 0.356502 9.690101e-01
-3.100000 2.095887 -8.593136 0.347714 9.691934e-01
-2.800000 2.042168 -7.760238 0.337333 9.694518e-01
-2.500000 1.979306 -6.927569 0.324914 9.698196e-01
-2.200000 1.904840 -6.095489 0.309836 9.703516e-01
-1.900000 1.815423 -5.264728 0.291201 9.711440e-01
-1.600000 1.706503 -4.436908 0.267571 9.723924e-01
-1.300000 1.572263 -3.616206 0.236311 9.745753e-01
-1.000000 1.407656 -2.815313 0.191884 9.789919e-01
-0.700000 1.220736 -2.075251 0.125493 9.879426e-01
-0.400000 1.063054 -1.488276 0.052927 9.971455e-01
-0.100000 0.983894 -1.082284 0.018673 9.995842e-01
0.200000 0.949401 -0.759521 0.012050 9.998140e-01
0.500000 0.929622 -0.464811 0.013052 9.997724e-01
0.800000 0.915425 -0.183085 0.015337 9.996760e-01
1.100000 14.574251 1.457425 1.570075 9.867745e-01
1.400000 0.894732 0.357893 0.020274 9.994074e-01
1.700000 0.886717 0.620702 0.022515 9.992560e-01
2.000000 0.879807 0.879807 0.024515 9.991042e-01
2.300000 0.873785 1.135921 0.026265 9.989577e-01
2.600000 0.868491 1.389585 0.027777 9.988201e-01
2.900000 0.863796 1.641212 0.029075 9.986933e-01
3.200000 0.859600 1.891120 0.030188 9.985777e-01
3.500000 0.855822 2.139555 0.031143 9.984731e-01
3.800000 0.852397 2.386713 0.031963 9.983788e-01
4.100000 0.849273 2.632746 0.032669 9.982940e-01
4.400000 0.846406 2.877781 0.033280 9.982178e-01
4.700000 0.843762 3.121919 0.033811 9.981491e-01
5.000000 0.841311 3.365246 0.034274 9.980871e-01
5.300000 0.839030 3.607831 0.034680 9.980309e-01
5.600000 0.836899 3.849736 0.035038 9.979799e-01
5.900000 0.834900 4.091011 0.035355 9.979334e-01
6.200000 0.833020 4.331702 0.035639 9.978907e-01
6.500000 0.831245 4.571849 0.035893 9.978514e-01
6.800000 0.829566 4.811484 0.036123 9.978151e-01
7.100000 0.827974 5.050641 0.036332 9.977812e-01
7.400000 0.826460 5.289345 0.036524 9.977496e-01
7.700000 0.825018 5.527623 0.036701 9.977199e-01
8.000000 0.823642 5.765497 0.036865 9.976918e-01
8.300000 0.822327 6.002989 0.037019 9.976651e-01
8.600000 0.821068 6.240117 0.037164 9.976396e-01
8.900000 0.819861 6.476900 0.037301 9.976153e-01
9.200000 0.818702 6.713355 0.037431 9.975918e-01
9.500000 0.817588 6.949497 0.037556 9.975692e-01
9.800000 0.816516 7.185340 0.037675 9.975473e-01
10.100000 0.815484 7.420900 0.037791 9.975260e-01
10.400000 0.814488 7.656189 0.037903 9.975053e-01
10.700000 0.813528 7.891219 0.038012 9.974851e-01
11.000000 0.812600 8.126003 0.038118 9.974653e-01
11.300000 0.811704 8.360552 0.038222 9.974459e-01
11.600000 0.810837 8.594877 0.038323 9.974269e-01
11.900000 0.809999 8.828987 0.038422 9.974082e-01
12.200000 0.809187 9.062893 0.038520 9.973899e-01
12.500000 0.808400 9.296604 0.038616 9.973718e-01
12.800000 0.807638 9.530130 0.038710 9.973541e-01
13.100000 0.806899 9.763478 0.038802 9.973366e-01
13.400000 0.806182 9.996657 0.038893 9.973193e-01
13.700000 0.805486 10.229674 0.038983 9.973023e-01
14.000000 0.804811 10.462538 0.039071 9.972856e-01
14.300000 0.804154 10.695255 0.039158 9.972691e-01
14.600000 0.803517 10.927832 0.039244 9.972528e-01
14.900000 0.802898 11.160276 0.039328 9.972368e-01
15.200000 0.802295 11.392592 0.039411 9.972210e-01
15.500000 0.801709 11.624788 0.039493 9.972055e-01
15.800000 0.801140 11.856867 0.039573 9.971902e-01
16.100000 0.800585 12.088837 0.039652 9.971751e-01
16.400000 0.800046 12.320701 0.039729 9.971602e-01
16.700000 0.799520 12.552465 0.039806 9.971456e-01
17.000000 0.799008 12.784133 0.039880 9.971312e-01
17.300000 0.798510 13.015711 0.039954 9.971171e-01
17.600000 0.798024 13.247201 0.040026 9.971032e-01
17.900000 0.797551 13.478607 0.040097 9.970895e-01
18.200000 0.797089 13.709935 0.040167 9.970760e-01
18.500000 0.796639 13.941187 0.040235 9.970628e-01
18.800000 0.796200 14.172366 0.040302 9.970498e-01
19.100000 0.795772 14.403477 0.040368 9.970370e-01
19.400000 0.795354 14.634521 0.040432 9.970244e-01
19.700000 0.794947 14.865502 0.040496 9.970121e-01
20.000000 0.794549 15.096423 0.040558 9.970000e-01
20.300000 0.794160 15.327285 0.040618 9.969881e-01
20.600000 0.793780 15.558093 0.040678 9.969764e-01
20.900000 0.793409 15.788847 0.040736 9.969650e-01
21.200000 0.793047 16.019551 0.040793 9.969537e-01
21.500000 0.792693 16.250206 0.040849 9.969427e-01
21.800000 0.792347 16.480814 0.040903 9.969318e-01
22.100000 0.792008 16.711377 0.040957 9.969212e-01
22.400000 0.791677 16.941897 0.041009 9.969108e-01
22.700000 0.791354 17.172376 0.041060 9.969006e-01
23.000000 0.791037 17.402816 0.041110 9.968906e-01
23.300000 0.790727 17.633217 0.041159 9.968807e-01
23.600000 0.790424 17.863581 0.041207 9.968711e-01
23.900000 0.790127 18.093910 0.041254 9.968616e-01
24.200000 0.789836 18.324205 0.041300 9.968524e-01
24.500000 0.789552 18.554467 0.041345 9.968433e-01
24.800000 0.789273 18.784698 0.041389 9.968344e-01
