1.559747 0.566419 8.678317e-01 0.745214 0.254009 8.817006e-01
1.199256 0.194745 9.704469e-01 0.948844 0.045135 9.973937e-01
1.057960 0.036633 9.986173e-01 0.988336 0.007617 9.999314e-01
1.011319 0.007536 9.999359e-01 0.987019 0.007647 9.999307e-01
0.986500 0.006709 9.999466e-01 0.978569 0.008837 9.999058e-01
0.967366 0.012124 9.998186e-01 0.966210 0.012532 9.998058e-01
0.950471 0.018416 9.995666e-01 0.950200 0.018523 9.995613e-01
0.934871 0.024887 9.991823e-01 0.930725 0.026624 9.990559e-01
0.920225 0.031315 9.986645e-01 0.908047 0.036605 9.981268e-01
0.906401 0.037594 9.980173e-01 0.882492 0.048238 9.965614e-01
0.893362 0.043648 9.972509e-01 0.854476 0.061260 9.940993e-01
0.881118 0.049399 9.963832e-01 0.824500 0.075348 9.904474e-01
0.869707 0.054771 9.954407e-01 0.793140 0.090113 9.853116e-01
0.859165 0.059695 9.944560e-01 0.761011 0.105120 9.784401e-01
0.849520 0.064117 9.934646e-01 0.728721 0.119929 9.696700e-01
0.840776 0.068009 9.925005e-01 0.696828 0.134140 9.589617e-01
0.832917 0.071369 9.915924e-01 0.665807 0.147427 9.464125e-01
0.825904 0.074215 9.907612e-01 0.636024 0.159558 9.322445e-01
0.819684 0.076584 9.900196e-01 0.607741 0.170397 9.167711e-01
0.814190 0.078524 9.893724e-01 0.581114 0.179896 9.003544e-01
0.809353 0.080087 9.888186e-01 0.556216 0.188076 8.833616e-01
0.805100 0.081329 9.883526e-01 0.533051 0.195008 8.661316e-01
0.801362 0.082300 9.879661e-01 0.511571 0.200797 8.489527e-01
0.798075 0.083046 9.876497e-01 0.491695 0.205563 8.320528e-01
0.795180 0.083608 9.873939e-01 0.473322 0.209430 8.155989e-01
0.792625 0.084021 9.871894e-01 0.456339 0.212519 7.997028e-01
0.790364 0.084315 9.870279e-01 0.440629 0.214946 7.844293e-01
0.788356 0.084513 9.869020e-01 0.426078 0.216812 7.698057e-01
0.786567 0.084636 9.868053e-01 0.412575 0.218209 7.558314e-01
0.784967 0.084700 9.867324e-01 0.400017 0.219217 7.424851e-01
0.783530 0.084718 9.866787e-01 0.388309 0.219903 7.297317e-01
0.782234 0.084701 9.866406e-01 0.377364 0.220327 7.175274e-01
0.781061 0.084656 9.866150e-01 0.367103 0.220537 7.058233e-01
