-25.000000 2.237695 -58.180057 0.596104 9.242542e-01
-24.700000 2.236648 -57.481847 0.595811 9.242574e-01
-24.400000 2.235576 -56.783636 0.595511 9.242609e-01
-24.100000 2.234479 -56.085424 0.595204 9.242645e-01
-23.800000 2.233355 -55.387211 0.594888 9.242683e-01
-23.500000 2.232204 -54.688997 0.594565 9.242722e-01
-23.200000 2.231024 -53.990782 0.594233 9.242764e-01
-22.900000 2.229814 -53.292565 0.593892 9.242808e-01
-22.600000 2.228574 -52.594347 0.593542 9.242854e-01
-22.300000 2.227302 -51.896128 0.593183 9.242902e-01
-22.000000 2.225996 -51.197907 0.592814 9.242953e-01
-21.700000 2.224656 -50.499685 0.592434 9.243007e-01
-21.400000 2.223280 -49.801462 0.592044 9.243063e-01
-21.100000 2.221866 -49.103237 0.591642 9.243122e-01
-20.800000 2.220413 -48.405010 0.591229 9.243185e-01
-20.500000 2.218920 -47.706783 0.590804 9.243250e-01
-20.200000 2.217385 -47.008553 0.590366 9.243319e-01
-19.900000 2.215805 -46.310322 0.589915 9.243392e-01
-19.600000 2.214179 -45.612089 0.589449 9.243468e-01
-19.300000 2.212505 -44.913855 0.588970 9.243549e-01
-19.000000 2.210781 -44.215619 0.588475 9.243634e-01
-18.700000 2.209004 -43.517381 0.587964 9.243724e-01
-18.400000 2.207172 -42.819141 0.587437 9.243818e-01
-18.100000 2.205283 -42.120899 0.586892 9.243918e-01
-17.800000 2.203333 -41.422655 0.586329 9.244023e-01
-17.500000 2.201319 -40.724409 0.585747 9.244135e-01
-17.200000 2.199240 -40.026162 0.585144 9.244252e-01
-16.900000 2.197090 -39.327912 0.584520 9.244376e-01
-16.600000 2.194867 -38.629659 0.583874 9.244507e-01
-16.300000 2.192567 -37.931405 0.583204 9.244646e-01
-16.000000 2.190185 -37.233148 0.582510 9.244792e-01
-15.700000 2.187718 -36.534889 0.581789 9.244948e-01
-15.400000 2.185160 -35.836627 0.581040 9.245112e-01
-15.100000 2.182507 -35.138363 0.580262 9.245287e-01
-14.800000 2.179753 -34.440096 0.579453 9.245472e-01
-14.500000 2.176892 -33.741826 0.578611 9.245668e-01
-14.200000 2.173918 -33.043553 0.577734 9.245876e-01
-13.900000 2.170824 -32.345277 0.576821 9.246098e-01
-13.600000 2.167603 -31.646997 0.575867 9.246333e-01
-13.300000 2.164246 -30.948714 0.574872 9.246584e-01
-13.000000 2.160745 -30.250428 0.573832 9.246851e-01
-12.700000 2.157090 -29.552137 0.572744 9.247136e-01
-12.400000 2.153272 -28.853841 0.571606 9.247440e-01
-12.100000 2.149278 -28.155541 0.570412 9.247765e-01
-11.800000 2.145097 -27.457236 0.569160 9.248113e-01
-11.500000 2.140714 -26.758925 0.567845 9.248486e-01
-11.200000 2.136115 -26.060607 0.566461 9.248887e-01
-10.900000 2.131284 -25.362283 0.565005 9.249318e-01
-10.600000 2.126203 -24.663950 0.563470 9.249782e-01
-10.300000 2.120850 -23.965608 0.561848 9.250283e-01
-10.000000 2.115205 -23.267255 0.560134 9.250825e-01
-9.700000 2.109242 -22.568890 0.558317 9.251413e-01
-9.400000 2.102934 -21.870511 0.556390 9.252053e-01
-9.100000 2.096249 -21.172115 0.554342 9.252752e-01
-8.800000 2.089153 -20.473700 0.552160 9.253516e-01
-8.500000 2.081607 -19.775263 0.549831 9.254357e-01
-8.200000 2.073565 -19.076798 0.547338 9.255284e-01
-7.900000 2.064978 -18.378302 0.544665 9.256313e-01
-7.600000 2.055787 -17.679768 0.541789 9.257459e-01
-7.300000 2.045926 -16.981190 0.538687 9.258743e-01
-7.000000 2.035320 -16.282558 0.535328 9.260191e-01
-6.700000 2.023878 -15.583862 0.531680 9.261836e-01
-6.400000 2.011499 -14.885091 0.527700 9.263716e-01
-6.100000 1.998061 -14.186230 0.523342 9.265884e-01
-5.800000 1.983421 -13.487262 0.518544 9.268403e-01
-5.500000 1.967410 -12.788167 0.513237 9.271359e-01
-5.200000 1.949826 -12.088922 0.507331 9.274858e-01
-4.900000 1.930424 -11.389500 0.500719 9.279041e-01
-4.600000 1.908906 -10.689873 0.493266 9.284092e-01
-4.300000 1.884907 -9.990006 0.484803 9.290254e-01
-4.000000 1.857973 -9.289863 0.475118 9.297847e-01
-3.700000 1.827534 -8.589409 0.463944 9.307296e-01
-3.400000 1.792865 -7.888607 0.450936 9.319173e-01
-3.100000 1.753032 -7.187432 0.435657 9.334246e-01
-2.800000 1.706811 -6.485881 0.417540 9.353561e-01
-2.500000 1.652577 -5.784019 0.395846 9.378571e-01
-2.200000 1.588160 -5.082111 0.369598 9.411364e-01
-1.900000 1.510718 -4.381083 0.337446 9.455200e-01
-1.600000 1.417013 -3.684235 0.297307 9.516215e-01
-1.300000 1.305685 -3.003076 0.245098 9.608975e-01
-1.000000 1.184881 -2.369761 0.173346 9.758788e-01
-0.700000 1.080610 -1.837037 0.085793 9.927733e-01
-0.400000 1.020390 -1.428546 0.025280 9.992917e-01
-0.100000 0.994665 -1.094132 0.008683 9.999120e-01
0.200000 0.980944 -0.784755 0.008610 9.999110e-01
0.500000 0.970637 -0.485319 0.011169 9.998471e-01
0.800000 0.961586 -0.192317 0.014180 9.997489e-01
1.100000 15.711851 1.571185 1.760971 9.857005e-01
1.400000 0.945234 0.378093 0.020565 9.994536e-01
1.700000 0.937623 0.656336 0.023788 9.992572e-01
2.000000 0.930310 0.930310 0.026984 9.990294e-01
2.300000 0.923273 1.200255 0.030130 9.987717e-01
2.600000 0.916504 1.466407 0.033204 9.984865e-01
2.900000 0.910005 1.729009 0.036188 9.981770e-01
3.200000 0.903781 1.988318 0.039062 9.978474e-01
3.500000 0.897839 2.244598 0.041807 9.975024e-01
3.800000 0.892186 2.498120 0.044409 9.971469e-01
4.100000 0.886823 2.749152 0.046858 9.967862e-01
4.400000 0.881751 2.997955 0.049148 9.964249e-01
4.700000 0.876966 3.244774 0.051277 9.960672e-01
5.000000 0.872460 3.489838 0.053248 9.957168e-01
5.300000 0.868222 3.733354 0.055064 9.953763e-01
5.600000 0.864241 3.975508 0.056734 9.950480e-01
5.900000 0.860503 4.216465 0.058266 9.947331e-01
6.200000 0.856994 4.456371 0.059669 9.944327e-01
6.500000 0.853700 4.695350 0.060955 9.941470e-01
6.800000 0.850606 4.933513 0.062131 9.938762e-01
7.100000 0.847697 5.170954 0.063208 9.936201e-01
7.400000 0.844962 5.407756 0.064196 9.933782e-01
7.700000 0.842387 5.643990 0.065101 9.931500e-01
8.000000 0.839959 5.879715 0.065932 9.929349e-01
8.300000 0.837669 6.114986 0.066696 9.927321e-01
8.600000 0.835506 6.349847 0.067399 9.925409e-01
8.900000 0.833461 6.584338 0.068048 9.923608e-01
9.200000 0.831524 6.818494 0.068646 9.921909e-01
9.500000 0.829688 7.052345 0.069200 9.920306e-01
9.800000 0.827945 7.285915 0.069712 9.918792e-01
10.100000 0.826289 7.519230 0.070188 9.917362e-01
10.400000 0.824714 7.752307 0.070629 9.916010e-01
10.700000 0.823213 7.985167 0.071040 9.914731e-01
11.000000 0.821782 8.217823 0.071423 9.913519e-01
11.300000 0.820417 8.450291 0.071781 9.912371e-01
11.600000 0.819112 8.682582 0.072115 9.911281e-01
11.900000 0.817863 8.914709 0.072428 9.910246e-01
12.200000 0.816668 9.146680 0.072721 9.909262e-01
12.500000 0.815522 9.378506 0.072996 9.908326e-01
12.800000 0.814423 9.610195 0.073254 9.907435e-01
13.100000 0.813368 9.841753 0.073497 9.906585e-01
13.400000 0.812354 10.073188 0.073726 9.905775e-01
13.700000 0.811379 10.304507 0.073942 9.905001e-01
14.000000 0.810440 10.535715 0.074146 9.904262e-01
14.300000 0.809535 10.766817 0.074339 9.903555e-01
14.600000 0.808663 10.997819 0.074522 9.902878e-01
14.900000 0.807822 11.228724 0.074695 9.902230e-01
15.200000 0.807010 11.459539 0.074859 9.901608e-01
15.500000 0.806225 11.690265 0.075015 9.901012e-01
15.800000 0.805467 11.920908 0.075163 9.900439e-01
16.100000 0.804733 12.151470 0.075304 9.899889e-01
16.400000 0.804023 12.381956 0.075438 9.899360e-01
16.700000 0.803336 12.612368 0.075566 9.898851e-01
17.000000 0.802669 12.842708 0.075688 9.898360e-01
17.300000 0.802023 13.072981 0.075804 9.897888e-01
17.600000 0.801397 13.303189 0.075915 9.897432e-01
17.900000 0.800789 13.533333 0.076022 9.896993e-01
18.200000 0.800199 13.763418 0.076124 9.896568e-01
18.500000 0.799625 13.993444 0.076221 9.896158e-01
18.800000 0.799068 14.223414 0.076315 9.895762e-01
19.100000 0.798526 14.453330 0.076405 9.895379e-01
19.400000 0.798000 14.683194 0.076491 9.895008e-01
19.700000 0.797487 14.913008 0.076574 9.894648e-01
20.000000 0.796988 15.142774 0.076654 9.894300e-01
20.300000 0.796502 15.372493 0.076731 9.893963e-01
20.600000 0.796029 15.602167 0.076805 9.893636e-01
20.900000 0.795568 15.831798 0.076876 9.893318e-01
21.200000 0.795118 16.061387 0.076944 9.893010e-01
21.500000 0.794680 16.290936 0.077011 9.892710e-01
21.800000 0.794252 16.520446 0.077075 9.892419e-01
22.100000 0.793835 16.749918 0.077137 9.892136e-01
22.400000 0.793428 16.979353 0.077197 9.891861e-01
22.700000 0.793030 17.208754 0.077255 9.891593e-01
23.000000 0.792642 17.438121 0.077311 9.891332e-01
23.300000 0.792263 17.667454 0.077365 9.891077e-01
23.600000 0.791892 17.896756 0.077418 9.890830e-01
23.900000 0.791530 18.126027 0.077469 9.890588e-01
24.200000 0.791175 18.355269 0.077518 9.890353e-01
24.500000 0.790829 18.584482 0.077566 9.890123e-01
24.800000 0.790490 18.813667 0.077613 9.889899e-01
