1.276446 0.211578 9.692466e-01 0.604444 0.303947 7.739834e-01
1.251353 0.197128 9.721393e-01 0.670813 0.265420 8.468858e-01
1.221037 0.175979 9.765743e-01 0.741928 0.215957 9.108756e-01
1.186289 0.148306 9.822706e-01 0.813074 0.159485 9.574577e-01
1.149610 0.116807 9.882181e-01 0.877257 0.104383 9.839126e-01
1.114554 0.085956 9.931781e-01 0.928172 0.059429 9.952879e-01
1.084025 0.059614 9.965196e-01 0.963416 0.028816 9.989679e-01
1.059112 0.039301 9.984124e-01 0.984731 0.011273 9.998487e-01
1.039326 0.024468 9.993603e-01 0.995728 0.002935 9.999900e-01
1.023503 0.013719 9.997926e-01 0.999768 0.000149 1.000000e+00
1.010486 0.005711 9.999631e-01 0.999174 0.000495 9.999997e-01
0.999388 0.000571 9.999996e-01 0.995330 0.002648 9.999918e-01
0.989613 0.005644 9.999624e-01 0.989004 0.005941 9.999583e-01
0.980785 0.009974 9.998806e-01 0.980637 0.010039 9.998790e-01
0.972675 0.013751 9.997693e-01 0.970515 0.014748 9.997334e-01
0.965146 0.017100 9.996376e-01 0.958859 0.019935 9.995011e-01
0.958117 0.020099 9.994921e-01 0.945867 0.025485 9.991623e-01
0.951538 0.022796 9.993376e-01 0.931733 0.031297 9.986987e-01
0.945377 0.025225 9.991785e-01 0.916649 0.037277 9.980938e-01
0.939612 0.027413 9.990180e-01 0.900804 0.043338 9.973341e-01
0.934224 0.029379 9.988592e-01 0.884378 0.049405 9.964089e-01
0.929196 0.031142 9.987045e-01 0.867545 0.055412 9.953107e-01
0.924513 0.032720 9.985556e-01 0.850461 0.061303 9.940354e-01
0.920159 0.034126 9.984141e-01 0.833270 0.067032 9.925821e-01
0.916117 0.035376 9.982809e-01 0.816099 0.072560 9.909533e-01
0.912370 0.036484 9.981568e-01 0.799056 0.077860 9.891543e-01
0.908900 0.037461 9.980421e-01 0.782234 0.082908 9.871931e-01
0.905690 0.038320 9.979369e-01 0.765710 0.087689 9.850802e-01
0.902723 0.039072 9.978412e-01 0.749545 0.092195 9.828279e-01
0.899982 0.039728 9.977547e-01 0.733788 0.096421 9.804497e-01
0.897450 0.040297 9.976770e-01 0.718474 0.100367 9.779604e-01
0.895111 0.040789 9.976077e-01 0.703628 0.104036 9.753750e-01
0.892951 0.041210 9.975463e-01 0.689267 0.107435 9.727087e-01
0.890955 0.041570 9.974922e-01 0.675398 0.110573 9.699762e-01
0.889109 0.041875 9.974449e-01 0.662023 0.113461 9.671915e-01
0.887402 0.042130 9.974038e-01 0.649139 0.116111 9.643679e-01
0.885822 0.042343 9.973682e-01 0.636738 0.118537 9.615172e-01
0.884358 0.042517 9.973378e-01 0.624808 0.120751 9.586501e-01
0.883000 0.042658 9.973120e-01 0.613337 0.122769 9.557759e-01
0.881740 0.042769 9.972903e-01 0.602309 0.124604 9.529025e-01
0.880568 0.042854 9.972723e-01 0.591706 0.126270 9.500362e-01
0.879477 0.042917 9.972576e-01 0.581513 0.127782 9.471821e-01
0.878461 0.042959 9.972458e-01 0.571709 0.129153 9.443438e-01
0.877513 0.042985 9.972365e-01 0.562279 0.130396 9.415236e-01
0.876628 0.042996 9.972296e-01 0.553202 0.131523 9.387227e-01
0.875799 0.042994 9.972246e-01 0.544463 0.132548 9.359411e-01
0.875023 0.042981 9.972214e-01 0.536044 0.133480 9.331780e-01
0.874295 0.042959 9.972196e-01 0.527927 0.134331 9.304315e-01
0.873611 0.042928 9.972192e-01 0.520098 0.135111 9.276992e-01
0.872968 0.042891 9.972200e-01 0.512541 0.135830 9.249779e-01
0.872362 0.042848 9.972217e-01 0.505241 0.136496 9.222638e-01
0.871791 0.042800 9.972242e-01 0.498184 0.137118 9.195529e-01
0.871251 0.042748 9.972275e-01 0.491358 0.137703 9.168406e-01
0.870741 0.042693 9.972314e-01 0.484750 0.138259 9.141224e-01
0.870257 0.042636 9.972358e-01 0.478348 0.138791 9.113933e-01
0.869799 0.042576 9.972406e-01 0.472142 0.139306 9.086485e-01
0.869365 0.042515 9.972457e-01 0.466121 0.139809 9.058830e-01
0.868951 0.042453 9.972511e-01 0.460275 0.140304 9.030922e-01
0.868558 0.042390 9.972567e-01 0.454596 0.140795 9.002712e-01
0.868184 0.042327 9.972625e-01 0.449075 0.141286 8.974156e-01
0.867827 0.042264 9.972685e-01 0.443704 0.141781 8.945211e-01
0.867486 0.042201 9.972745e-01 0.438476 0.142282 8.915838e-01
0.867161 0.042138 9.972805e-01 0.433384 0.142791 8.886000e-01
0.866850 0.042076 9.972866e-01 0.428421 0.143309 8.855662e-01
0.866552 0.042014 9.972926e-01 0.423581 0.143840 8.824796e-01
0.866267 0.041953 9.972987e-01 0.418859 0.144382 8.793374e-01
0.865993 0.041893 9.973047e-01 0.414249 0.144938 8.761374e-01
0.865731 0.041834 9.973106e-01 0.409747 0.145508 8.728778e-01
0.865478 0.041776 9.973165e-01 0.405347 0.146092 8.695570e-01
0.865236 0.041720 9.973223e-01 0.401046 0.146690 8.661740e-01
0.865003 0.041664 9.973279e-01 0.396839 0.147301 8.627281e-01
0.864779 0.041609 9.973335e-01 0.392722 0.147926 8.592190e-01
0.864563 0.041556 9.973390e-01 0.388692 0.148563 8.556466e-01
0.864354 0.041504 9.973443e-01 0.384746 0.149212 8.520115e-01
0.864153 0.041454 9.973496e-01 0.380880 0.149872 8.483143e-01
0.863960 0.041404 9.973547e-01 0.377092 0.150542 8.445562e-01
0.863773 0.041356 9.973597e-01 0.373377 0.151221 8.407385e-01
0.863592 0.041309 9.973646e-01 0.369735 0.151907 8.368628e-01
0.863417 0.041263 9.973694e-01 0.366162 0.152600 8.329311e-01
0.863248 0.041218 9.973740e-01 0.362656 0.153298 8.289455e-01
0.863085 0.041175 9.973785e-01 0.359215 0.154000 8.249084e-01
0.862926 0.041133 9.973829e-01 0.355836 0.154705 8.208224e-01
0.862773 0.041092 9.973872e-01 0.352517 0.155411 8.166902e-01
0.862625 0.041052 9.973914e-01 0.349258 0.156118 8.125147e-01
0.862481 0.041013 9.973954e-01 0.346055 0.156823 8.082990e-01
0.862341 0.040976 9.973993e-01 0.342907 0.157526 8.040461e-01
0.862206 0.040939 9.974031e-01 0.339813 0.158225 7.997592e-01
0.862074 0.040903 9.974069e-01 0.336771 0.158919 7.954416e-01
0.861947 0.040869 9.974105e-01 0.333779 0.159608 7.910967e-01
0.861823 0.040835 9.974140e-01 0.330835 0.160289 7.867277e-01
0.861702 0.040803 9.974173e-01 0.327940 0.160963 7.823380e-01
0.861585 0.040771 9.974206e-01 0.325090 0.161627 7.779309e-01
0.861471 0.040740 9.974238e-01 0.322286 0.162282 7.735097e-01
