-25.000000 1.342360 -34.901373 0.203120 9.742392e-01
-24.700000 1.341748 -34.482928 0.202895 9.742719e-01
-24.400000 1.341122 -34.064491 0.202664 9.743057e-01
-24.100000 1.340481 -33.646062 0.202426 9.743405e-01
-23.800000 1.339824 -33.227640 0.202182 9.743764e-01
-23.500000 1.339152 -32.809227 0.201930 9.744135e-01
-23.200000 1.338464 -32.390822 0.201672 9.744517e-01
-22.900000 1.337758 -31.972426 0.201406 9.744912e-01
-22.600000 1.337036 -31.554040 0.201132 9.745320e-01
-22.300000 1.336295 -31.135663 0.200850 9.745741e-01
-22.000000 1.335535 -30.717296 0.200559 9.746176e-01
-21.700000 1.334755 -30.298941 0.200260 9.746626e-01
-21.400000 1.333955 -29.880596 0.199951 9.747091e-01
-21.100000 1.333134 -29.462263 0.199633 9.747572e-01
-20.800000 1.332291 -29.043942 0.199305 9.748069e-01
-20.500000 1.331425 -28.625634 0.198967 9.748584e-01
-20.200000 1.330535 -28.207339 0.198617 9.749117e-01
-19.900000 1.329620 -27.789058 0.198257 9.749668e-01
-19.600000 1.328679 -27.370793 0.197885 9.750239e-01
-19.300000 1.327711 -26.952543 0.197500 9.750831e-01
-19.000000 1.326715 -26.534309 0.197103 9.751444e-01
-18.700000 1.325690 -26.116092 0.196692 9.752080e-01
-18.400000 1.324634 -25.697894 0.196267 9.752739e-01
-18.100000 1.323545 -25.279715 0.195828 9.753423e-01
-17.800000 1.322423 -24.861556 0.195373 9.754133e-01
-17.500000 1.321266 -24.443418 0.194902 9.754870e-01
-17.200000 1.320072 -24.025302 0.194413 9.755636e-01
-16.900000 1.318839 -23.607211 0.193908 9.756431e-01
-16.600000 1.317565 -23.189145 0.193383 9.757258e-01
-16.300000 1.316249 -22.771105 0.192839 9.758118e-01
-16.000000 1.314888 -22.353093 0.192274 9.759013e-01
-15.700000 1.313480 -21.935111 0.191687 9.759944e-01
-15.400000 1.312022 -21.517161 0.191078 9.760915e-01
-15.100000 1.310512 -21.099245 0.190444 9.761926e-01
-14.800000 1.308947 -20.681364 0.189785 9.762980e-01
-14.500000 1.307324 -20.263521 0.189099 9.764079e-01
-14.200000 1.305639 -19.845719 0.188384 9.765227e-01
-13.900000 1.303890 -19.427960 0.187639 9.766426e-01
-13.600000 1.302072 -19.010247 0.186862 9.767678e-01
-13.300000 1.300181 -18.592583 0.186052 9.768988e-01
-13.000000 1.298212 -18.174973 0.185205 9.770359e-01
-12.700000 1.296162 -17.757418 0.184320 9.771794e-01
-12.400000 1.294024 -17.339925 0.183395 9.773299e-01
-12.100000 1.291794 -16.922498 0.182425 9.774877e-01
-11.800000 1.289464 -16.505141 0.181410 9.776533e-01
-11.500000 1.287029 -16.087860 0.180345 9.778273e-01
-11.200000 1.284481 -15.670663 0.179227 9.780103e-01
-10.900000 1.281811 -15.253557 0.178052 9.782030e-01
-10.600000 1.279013 -14.836549 0.176815 9.784059e-01
-10.300000 1.276075 -14.419650 0.175513 9.786201e-01
-10.000000 1.272988 -14.002870 0.174140 9.788462e-01
-9.700000 1.269740 -13.586223 0.172690 9.790854e-01
-9.400000 1.266319 -13.169722 0.171157 9.793387e-01
-9.100000 1.262711 -12.753385 0.169533 9.796073e-01
-8.800000 1.258901 -12.337233 0.167810 9.798926e-01
-8.500000 1.254872 -11.921288 0.165979 9.801963e-01
-8.200000 1.250607 -11.505580 0.164030 9.805200e-01
-7.900000 1.246083 -11.090142 0.161951 9.808660e-01
-7.600000 1.241281 -10.675015 0.159726 9.812366e-01
-7.300000 1.236174 -10.260247 0.157341 9.816346e-01
-7.000000 1.230737 -9.845898 0.154776 9.820634e-01
-6.700000 1.224940 -9.432037 0.152009 9.825267e-01
-6.400000 1.218750 -9.018751 0.149012 9.830291e-01
-6.100000 1.212133 -8.606144 0.145755 9.835761e-01
-5.800000 1.205050 -8.194339 0.142199 9.841738e-01
-5.500000 1.197460 -7.783489 0.138298 9.848296e-01
-5.200000 1.189319 -7.373776 0.134000 9.855517e-01
-4.900000 1.180580 -6.965423 0.129240 9.863492e-01
-4.600000 1.171196 -6.558700 0.123944 9.872317e-01
-4.300000 1.161121 -6.153939 0.118026 9.882084e-01
-4.000000 1.150311 -5.751555 0.111392 9.892866e-01
-3.700000 1.138737 -5.352064 0.103945 9.904692e-01
-3.400000 1.126392 -4.956126 0.095594 9.917508e-01
-3.100000 1.113312 -4.564579 0.086281 9.931115e-01
-2.800000 1.099604 -4.178494 0.076026 9.945098e-01
-2.500000 1.085484 -3.799195 0.064989 9.958775e-01
-2.200000 1.071315 -3.428209 0.053541 9.971238e-01
-1.900000 1.057594 -3.067022 0.042272 9.981584e-01
-1.600000 1.044859 -2.716633 0.031866 9.989270e-01
-1.300000 1.033518 -2.377092 0.022865 9.994351e-01
-1.000000 1.023720 -2.047441 0.015478 9.997361e-01
-0.700000 1.015359 -1.726110 0.009588 9.998970e-01
-0.400000 1.008185 -1.411459 0.004904 9.999727e-01
-0.100000 1.001925 -1.102118 0.001112 9.999986e-01
0.200000 0.996347 -0.797077 0.002045 9.999951e-01
0.500000 0.991271 -0.495636 0.004753 9.999735e-01
0.800000 0.986564 -0.197313 0.007129 9.999397e-01
1.100000 16.416912 1.641691 2.040913 9.824649e-01
1.400000 0.978075 0.391230 0.011258 9.998470e-01
1.700000 0.974128 0.681890 0.013056 9.997926e-01
2.000000 0.970367 0.970367 0.014725 9.997342e-01
2.300000 0.966773 1.256805 0.016278 9.996727e-01
2.600000 0.963333 1.541332 0.017728 9.996091e-01
2.900000 0.960037 1.824071 0.019082 9.995440e-01
3.200000 0.956880 2.105137 0.020348 9.994781e-01
3.500000 0.953856 2.384641 0.021532 9.994119e-01
3.800000 0.950960 2.662689 0.022639 9.993459e-01
4.100000 0.948188 2.939382 0.023674 9.992806e-01
4.400000 0.945534 3.214816 0.024642 9.992163e-01
4.700000 0.942995 3.489081 0.025546 9.991532e-01
5.000000 0.940566 3.762265 0.026391 9.990916e-01
5.300000 0.938244 4.034447 0.027181 9.990317e-01
5.600000 0.936022 4.305703 0.027918 9.989737e-01
5.900000 0.933899 4.576104 0.028607 9.989176e-01
6.200000 0.931868 4.845713 0.029250 9.988635e-01
6.500000 0.929926 5.114593 0.029850 9.988115e-01
6.800000 0.928069 5.382798 0.030412 9.987615e-01
7.100000 0.926292 5.650379 0.030936 9.987136e-01
7.400000 0.924591 5.917385 0.031425 9.986677e-01
7.700000 0.922964 6.183859 0.031883 9.986238e-01
8.000000 0.921406 6.449839 0.032311 9.985819e-01
8.300000 0.919913 6.715364 0.032711 9.985419e-01
8.600000 0.918482 6.980465 0.033085 9.985038e-01
8.900000 0.917111 7.245174 0.033435 9.984674e-01
9.200000 0.915795 7.509518 0.033763 9.984328e-01
9.500000 0.914532 7.773522 0.034070 9.983998e-01
9.800000 0.913319 8.037211 0.034357 9.983684e-01
10.100000 0.912154 8.300606 0.034627 9.983385e-01
10.400000 0.911035 8.563726 0.034880 9.983101e-01
10.700000 0.909958 8.826588 0.035117 9.982830e-01
11.000000 0.908921 9.089210 0.035339 9.982573e-01
11.300000 0.907923 9.351607 0.035548 9.982328e-01
11.600000 0.906961 9.613792 0.035744 9.982095e-01
11.900000 0.906035 9.875778 0.035929 9.981873e-01
12.200000 0.905141 10.137576 0.036102 9.981662e-01
12.500000 0.904278 10.399198 0.036265 9.981461e-01
12.800000 0.903445 10.660654 0.036419 9.981269e-01
13.100000 0.902641 10.921952 0.036563 9.981087e-01
13.400000 0.901863 11.183101 0.036700 9.980913e-01
13.700000 0.901111 11.444109 0.036828 9.980748e-01
14.000000 0.900383 11.704983 0.036949 9.980590e-01
14.300000 0.899679 11.965730 0.037063 9.980439e-01
14.600000 0.898997 12.226356 0.037171 9.980296e-01
14.900000 0.898336 12.486867 0.037273 9.980159e-01
15.200000 0.897695 12.747268 0.037369 9.980028e-01
15.500000 0.897073 13.007564 0.037460 9.979903e-01
15.800000 0.896470 13.267761 0.037546 9.979784e-01
16.100000 0.895885 13.527862 0.037627 9.979670e-01
16.400000 0.895316 13.787872 0.037704 9.979561e-01
16.700000 0.894764 14.047795 0.037777 9.979457e-01
17.000000 0.894227 14.307634 0.037846 9.979357e-01
17.300000 0.893705 14.567392 0.037911 9.979262e-01
17.600000 0.893197 14.827073 0.037973 9.979171e-01
17.900000 0.892703 15.086680 0.038032 9.979083e-01
18.200000 0.892222 15.346216 0.038087 9.978999e-01
18.500000 0.891753 15.605683 0.038140 9.978919e-01
18.800000 0.891297 15.865084 0.038191 9.978842e-01
19.100000 0.890852 16.124421 0.038238 9.978768e-01
19.400000 0.890418 16.383697 0.038284 9.978697e-01
19.700000 0.889995 16.642914 0.038327 9.978629e-01
20.000000 0.889583 16.902073 0.038368 9.978563e-01
20.300000 0.889180 17.161178 0.038407 9.978500e-01
20.600000 0.888787 17.420229 0.038444 9.978440e-01
20.900000 0.888403 17.679229 0.038479 9.978382e-01
21.200000 0.888029 17.938178 0.038513 9.978326e-01
21.500000 0.887662 18.197080 0.038545 9.978272e-01
21.800000 0.887305 18.455935 0.038576 9.978220e-01
22.100000 0.886955 18.714744 0.038605 9.978169e-01
22.400000 0.886613 18.973510 0.038633 9.978121e-01
22.700000 0.886278 19.232233 0.038660 9.978075e-01
23.000000 0.885951 19.490915 0.038685 9.978030e-01
23.300000 0.885630 19.749557 0.038709 9.977986e-01
23.600000 0.885317 20.008160 0.038733 9.977944e-01
23.900000 0.885010 20.266725 0.038755 9.977904e-01
24.200000 0.884709 20.525254 0.038776 9.977864e-01
24.500000 0.884415 20.783747 0.038797 9.977826e-01
24.800000 0.884126 21.042205 0.038816 9.977790e-01
