-25.000000 2.932805 -76.252942 0.608387 9.526572e-01
-24.700000 2.931439 -75.337974 0.608106 9.526568e-01
-24.400000 2.930040 -74.423009 0.607818 9.526565e-01
-24.100000 2.928607 -73.508045 0.607523 9.526561e-01
-23.800000 2.927141 -72.593085 0.607221 9.526558e-01
-23.500000 2.925638 -71.678126 0.606912 9.526554e-01
-23.200000 2.924098 -70.763170 0.606595 9.526549e-01
-22.900000 2.922520 -69.848217 0.606271 9.526545e-01
-22.600000 2.920901 -68.933267 0.605938 9.526540e-01
-22.300000 2.919241 -68.018319 0.605597 9.526536e-01
-22.000000 2.917538 -67.103375 0.605247 9.526531e-01
-21.700000 2.915790 -66.188433 0.604888 9.526525e-01
-21.400000 2.913995 -65.273495 0.604520 9.526520e-01
-21.100000 2.912152 -64.358560 0.604141 9.526514e-01
-20.800000 2.910258 -63.443629 0.603753 9.526507e-01
-20.500000 2.908312 -62.528701 0.603353 9.526501e-01
-20.200000 2.906310 -61.613777 0.602942 9.526494e-01
-19.900000 2.904252 -60.698856 0.602520 9.526487e-01
-19.600000 2.902133 -59.783940 0.602086 9.526479e-01
-19.300000 2.899952 -58.869028 0.601638 9.526472e-01
-19.000000 2.897706 -57.954121 0.601178 9.526463e-01
-18.700000 2.895392 -57.039218 0.600703 9.526455e-01
-18.400000 2.893006 -56.124319 0.600215 9.526446e-01
-18.100000 2.890546 -55.209426 0.599710 9.526436e-01
-17.800000 2.888007 -54.294538 0.599190 9.526427e-01
-17.500000 2.885387 -53.379655 0.598653 9.526416e-01
-17.200000 2.882680 -52.464777 0.598099 9.526406e-01
-16.900000 2.879883 -51.549906 0.597526 9.526395e-01
-16.600000 2.876991 -50.635040 0.596933 9.526383e-01
-16.300000 2.873999 -49.720181 0.596320 9.526371e-01
-16.000000 2.870902 -48.805329 0.595686 9.526359e-01
-15.700000 2.867694 -47.890483 0.595029 9.526346e-01
-15.400000 2.864369 -46.975645 0.594347 9.526333e-01
-15.100000 2.860920 -46.060815 0.593641 9.526319e-01
-14.800000 2.857341 -45.145993 0.592907 9.526305e-01
-14.500000 2.853625 -44.231180 0.592145 9.526291e-01
-14.200000 2.849762 -43.316376 0.591353 9.526277e-01
-13.900000 2.845744 -42.401582 0.590529 9.526262e-01
-13.600000 2.841562 -41.486799 0.589671 9.526247e-01
-13.300000 2.837205 -40.572027 0.588776 9.526233e-01
-13.000000 2.832662 -39.657267 0.587843 9.526218e-01
-12.700000 2.827921 -38.742521 0.586869 9.526204e-01
-12.400000 2.822969 -37.827789 0.585850 9.526190e-01
-12.100000 2.817792 -36.913073 0.584784 9.526177e-01
-11.800000 2.812373 -35.998373 0.583667 9.526165e-01
-11.500000 2.806695 -35.083693 0.582496 9.526154e-01
-11.200000 2.800740 -34.169034 0.581266 9.526145e-01
-10.900000 2.794487 -33.254398 0.579972 9.526139e-01
-10.600000 2.787913 -32.339787 0.578610 9.526135e-01
-10.300000 2.780992 -31.425206 0.577174 9.526135e-01
-10.000000 2.773696 -30.510657 0.575657 9.526139e-01
-9.700000 2.765995 -29.596144 0.574052 9.526149e-01
-9.400000 2.757853 -28.681672 0.572352 9.526166e-01
-9.100000 2.749232 -27.767247 0.570547 9.526191e-01
-8.800000 2.740089 -26.852875 0.568627 9.526227e-01
-8.500000 2.730375 -25.938563 0.566580 9.526275e-01
-8.200000 2.720035 -25.024320 0.564395 9.526339e-01
-7.900000 2.709006 -24.110157 0.562055 9.526421e-01
-7.600000 2.697219 -23.196084 0.559545 9.526526e-01
-7.300000 2.684592 -22.282117 0.556843 9.526659e-01
-7.000000 2.671034 -21.368270 0.553928 9.526826e-01
-6.700000 2.656437 -20.454563 0.550773 9.527036e-01
-6.400000 2.640678 -19.541020 0.547347 9.527296e-01
-6.100000 2.623615 -18.627666 0.543615 9.527620e-01
-5.800000 2.605079 -17.714535 0.539533 9.528022e-01
-5.500000 2.584872 -16.801665 0.535051 9.528521e-01
-5.200000 2.562759 -15.889105 0.530107 9.529142e-01
-4.900000 2.538460 -14.976913 0.524627 9.529918e-01
-4.600000 2.511636 -14.065163 0.518520 9.530889e-01
-4.300000 2.481877 -13.153947 0.511675 9.532112e-01
-4.000000 2.448676 -12.243382 0.503950 9.533666e-01
-3.700000 2.411408 -11.333619 0.495167 9.535660e-01
-3.400000 2.369284 -10.424851 0.485092 9.538250e-01
-3.100000 2.321298 -9.517322 0.473418 9.541673e-01
-2.800000 2.266143 -8.611344 0.459725 9.546287e-01
-2.500000 2.202086 -7.707302 0.443429 9.552668e-01
-2.200000 2.126767 -6.805656 0.423679 9.561775e-01
-1.900000 2.036874 -5.906935 0.399187 9.575282e-01
-1.600000 1.927597 -5.011751 0.367916 9.596269e-01
-1.300000 1.791731 -4.120980 0.326517 9.630643e-01
-1.000000 1.618534 -3.237068 0.269510 9.689729e-01
-0.700000 1.395891 -2.373014 0.189434 9.791744e-01
-0.400000 1.146779 -1.605491 0.088622 9.931505e-01
-0.100000 0.998645 -1.098509 0.022609 9.994084e-01
0.200000 0.957227 -0.765781 0.005666 9.999595e-01
0.500000 0.943632 -0.471816 0.007171 9.999333e-01
0.800000 0.936232 -0.187246 0.012695 9.997877e-01
1.100000 15.107689 1.510769 2.103003 9.781125e-01
1.400000 0.926842 0.370737 0.018753 9.995274e-01
1.700000 0.923352 0.646346 0.020200 9.994476e-01
2.000000 0.920336 0.920336 0.021083 9.993943e-01
2.300000 0.917675 1.192977 0.021614 9.993598e-01
2.600000 0.915292 1.464467 0.021924 9.993378e-01
2.900000 0.913133 1.734953 0.022094 9.993244e-01
3.200000 0.911159 2.004551 0.022173 9.993166e-01
3.500000 0.909340 2.273350 0.022193 9.993126e-01
3.800000 0.907652 2.541425 0.022173 9.993113e-01
4.100000 0.906076 2.808835 0.022127 9.993117e-01
4.400000 0.904596 3.075628 0.022063 9.993135e-01
4.700000 0.903201 3.341845 0.021986 9.993161e-01
5.000000 0.901880 3.607519 0.021900 9.993195e-01
5.300000 0.900623 3.872679 0.021808 9.993233e-01
5.600000 0.899423 4.137347 0.021711 9.993275e-01
5.900000 0.898274 4.401545 0.021611 9.993320e-01
6.200000 0.897171 4.665289 0.021508 9.993367e-01
6.500000 0.896108 4.928593 0.021404 9.993416e-01
6.800000 0.895081 5.191469 0.021298 9.993466e-01
7.100000 0.894087 5.453930 0.021192 9.993516e-01
7.400000 0.893122 5.715982 0.021084 9.993568e-01
7.700000 0.892184 5.977636 0.020977 9.993620e-01
8.000000 0.891271 6.238897 0.020870 9.993672e-01
8.300000 0.890380 6.499772 0.020762 9.993724e-01
8.600000 0.889509 6.760268 0.020656 9.993777e-01
8.900000 0.888657 7.020388 0.020549 9.993829e-01
9.200000 0.887822 7.280140 0.020444 9.993880e-01
9.500000 0.887003 7.539527 0.020340 9.993931e-01
9.800000 0.886199 7.798555 0.020237 9.993981e-01
10.100000 0.885410 8.057228 0.020136 9.994031e-01
10.400000 0.884633 8.315551 0.020036 9.994079e-01
10.700000 0.883869 8.573530 0.019938 9.994127e-01
11.000000 0.883117 8.831170 0.019843 9.994173e-01
11.300000 0.882376 9.088477 0.019749 9.994218e-01
11.600000 0.881647 9.345456 0.019658 9.994262e-01
11.900000 0.880928 9.602114 0.019570 9.994304e-01
12.200000 0.880219 9.858456 0.019485 9.994344e-01
12.500000 0.879521 10.114491 0.019402 9.994383e-01
12.800000 0.878833 10.370224 0.019323 9.994420e-01
13.100000 0.878154 10.625663 0.019247 9.994456e-01
13.400000 0.877485 10.880815 0.019174 9.994489e-01
13.700000 0.876826 11.135689 0.019104 9.994521e-01
14.000000 0.876176 11.390292 0.019038 9.994551e-01
14.300000 0.875536 11.644633 0.018975 9.994579e-01
14.600000 0.874906 11.898718 0.018916 9.994605e-01
14.900000 0.874285 12.152557 0.018860 9.994629e-01
15.200000 0.873673 12.406158 0.018807 9.994651e-01
15.500000 0.873071 12.659530 0.018758 9.994672e-01
15.800000 0.872478 12.912679 0.018712 9.994691e-01
16.100000 0.871895 13.165616 0.018669 9.994708e-01
16.400000 0.871321 13.418346 0.018629 9.994724e-01
16.700000 0.870757 13.670880 0.018592 9.994738e-01
17.000000 0.870201 13.923224 0.018558 9.994751e-01
17.300000 0.869656 14.175386 0.018526 9.994762e-01
17.600000 0.869119 14.427374 0.018497 9.994772e-01
17.900000 0.868591 14.679194 0.018471 9.994781e-01
18.200000 0.868073 14.930854 0.018446 9.994788e-01
18.500000 0.867563 15.182361 0.018424 9.994794e-01
18.800000 0.867063 15.433721 0.018404 9.994800e-01
19.100000 0.866571 15.684941 0.018386 9.994804e-01
19.400000 0.866088 15.936027 0.018369 9.994808e-01
19.700000 0.865614 16.186984 0.018355 9.994810e-01
20.000000 0.865148 16.437818 0.018341 9.994812e-01
20.300000 0.864691 16.688535 0.018329 9.994814e-01
20.600000 0.864242 16.939140 0.018318 9.994814e-01
20.900000 0.863801 17.189638 0.018309 9.994814e-01
21.200000 0.863368 17.440033 0.018300 9.994814e-01
21.500000 0.862943 17.690330 0.018293 9.994813e-01
21.800000 0.862526 17.940534 0.018286 9.994812e-01
22.100000 0.862116 18.190648 0.018280 9.994811e-01
22.400000 0.861714 18.440676 0.018274 9.994809e-01
22.700000 0.861319 18.690623 0.018270 9.994807e-01
23.000000 0.860931 18.940491 0.018265 9.994805e-01
23.300000 0.860551 19.190284 0.018262 9.994802e-01
23.600000 0.860177 19.440005 0.018258 9.994800e-01
23.900000 0.859810 19.689657 0.018255 9.994797e-01
24.200000 0.859450 19.939244 0.018253 9.994794e-01
24.500000 0.859096 20.188767 0.018250 9.994791e-01
24.800000 0.858749 20.438230 0.018248 9.994788e-01
