1.794984 0.314696 9.657202e-01 0.429288 0.248873 7.203913e-01
1.615156 0.246150 9.738785e-01 0.634325 0.164026 9.283157e-01
1.397577 0.155026 9.859894e-01 0.819386 0.078829 9.894243e-01
1.222487 0.081296 9.949189e-01 0.917387 0.035102 9.983121e-01
1.109226 0.033261 9.989627e-01 0.946930 0.025546 9.991602e-01
1.028108 0.008454 9.999219e-01 0.943286 0.026299 9.991032e-01
0.952472 0.022086 9.993794e-01 0.916716 0.033246 9.984834e-01
0.867648 0.049256 9.962919e-01 0.861254 0.051509 9.958863e-01
0.770307 0.087061 9.854626e-01 0.768524 0.087677 9.851918e-01
0.669013 0.128894 9.588951e-01 0.641989 0.139999 9.479403e-01
0.578409 0.163752 9.152807e-01 0.501984 0.193814 8.531306e-01
