-25.000000 1.453111 -37.780874 0.202264 9.781147e-01
-24.700000 1.452461 -37.328248 0.202068 9.781369e-01
-24.400000 1.451797 -36.875637 0.201867 9.781599e-01
-24.100000 1.451117 -36.423042 0.201660 9.781838e-01
-23.800000 1.450422 -35.970463 0.201447 9.782085e-01
-23.500000 1.449710 -35.517901 0.201227 9.782341e-01
-23.200000 1.448982 -35.065356 0.201000 9.782607e-01
-22.900000 1.448236 -34.612830 0.200766 9.782883e-01
-22.600000 1.447471 -34.160322 0.200525 9.783169e-01
-22.300000 1.446688 -33.707834 0.200276 9.783467e-01
-22.000000 1.445886 -33.255367 0.200019 9.783775e-01
-21.700000 1.445063 -32.802921 0.199753 9.784096e-01
-21.400000 1.444219 -32.350498 0.199479 9.784429e-01
-21.100000 1.443353 -31.898098 0.199196 9.784776e-01
-20.800000 1.442464 -31.445721 0.198903 9.785136e-01
-20.500000 1.441552 -30.993370 0.198600 9.785511e-01
-20.200000 1.440615 -30.541045 0.198286 9.785901e-01
-19.900000 1.439653 -30.088747 0.197962 9.786307e-01
-19.600000 1.438664 -29.636478 0.197625 9.786730e-01
-19.300000 1.437647 -29.184238 0.197277 9.787171e-01
-19.000000 1.436601 -28.732029 0.196916 9.787631e-01
-18.700000 1.435525 -28.279852 0.196542 9.788110e-01
-18.400000 1.434418 -27.827709 0.196153 9.788610e-01
-18.100000 1.433277 -27.375600 0.195750 9.789131e-01
-17.800000 1.432103 -26.923528 0.195332 9.789676e-01
-17.500000 1.430892 -26.471494 0.194897 9.790245e-01
-17.200000 1.429643 -26.019500 0.194444 9.790839e-01
-16.900000 1.428355 -25.567547 0.193974 9.791461e-01
-16.600000 1.427025 -25.115637 0.193485 9.792111e-01
-16.300000 1.425652 -24.663772 0.192975 9.792791e-01
-16.000000 1.424233 -24.211955 0.192445 9.793504e-01
-15.700000 1.422766 -23.760187 0.191891 9.794250e-01
-15.400000 1.421248 -23.308470 0.191314 9.795032e-01
-15.100000 1.419677 -22.856807 0.190712 9.795853e-01
-14.800000 1.418051 -22.405201 0.190083 9.796714e-01
-14.500000 1.416365 -21.953653 0.189426 9.797618e-01
-14.200000 1.414616 -21.502168 0.188738 9.798568e-01
-13.900000 1.412802 -21.050747 0.188019 9.799566e-01
-13.600000 1.410917 -20.599393 0.187265 9.800617e-01
-13.300000 1.408959 -20.148111 0.186475 9.801723e-01
-13.000000 1.406922 -19.696904 0.185647 9.802888e-01
-12.700000 1.404801 -19.245775 0.184777 9.804116e-01
-12.400000 1.402592 -18.794728 0.183863 9.805412e-01
-12.100000 1.400288 -18.343768 0.182902 9.806780e-01
-11.800000 1.397883 -17.892900 0.181889 9.808227e-01
-11.500000 1.395370 -17.442127 0.180823 9.809756e-01
-11.200000 1.392742 -16.991456 0.179698 9.811376e-01
-10.900000 1.389991 -16.540893 0.178509 9.813092e-01
-10.600000 1.387107 -16.090444 0.177253 9.814912e-01
-10.300000 1.384081 -15.640115 0.175923 9.816845e-01
-10.000000 1.380901 -15.189915 0.174513 9.818901e-01
-9.700000 1.377556 -14.739852 0.173016 9.821088e-01
-9.400000 1.374032 -14.289936 0.171426 9.823419e-01
-9.100000 1.370315 -13.840178 0.169732 9.825905e-01
-8.800000 1.366387 -13.390590 0.167927 9.828562e-01
-8.500000 1.362230 -12.941188 0.165998 9.831404e-01
-8.200000 1.357825 -12.491989 0.163935 9.834449e-01
-7.900000 1.353147 -12.043012 0.161724 9.837715e-01
-7.600000 1.348173 -11.594284 0.159349 9.841225e-01
-7.300000 1.342872 -11.145834 0.156794 9.845001e-01
-7.000000 1.337213 -10.697701 0.154038 9.849070e-01
-6.700000 1.331160 -10.249931 0.151061 9.853460e-01
-6.400000 1.324674 -9.802586 0.147835 9.858205e-01
-6.100000 1.317710 -9.355744 0.144334 9.863338e-01
-5.800000 1.310221 -8.909503 0.140526 9.868896e-01
-5.500000 1.302153 -8.463995 0.136373 9.874919e-01
-5.200000 1.293450 -8.019390 0.131836 9.881446e-01
-4.900000 1.284052 -7.575907 0.126871 9.888516e-01
-4.600000 1.273899 -7.133835 0.121429 9.896160e-01
-4.300000 1.262933 -6.693543 0.115462 9.904397e-01
-4.000000 1.251101 -6.255503 0.108924 9.913223e-01
-3.700000 1.238363 -5.820305 0.101779 9.922595e-01
-3.400000 1.224700 -5.388679 0.094016 9.932403e-01
-3.100000 1.210121 -4.961496 0.085669 9.942455e-01
-2.800000 1.194674 -4.539763 0.076839 9.952454e-01
-2.500000 1.178445 -4.124559 0.067711 9.962019e-01
-2.200000 1.161538 -3.716923 0.058548 9.970744e-01
-1.900000 1.144028 -3.317682 0.049637 9.978307e-01
-1.600000 1.125886 -2.927303 0.041196 9.984562e-01
-1.300000 1.106901 -2.545873 0.033297 9.989561e-01
-1.000000 1.086639 -2.173279 0.025820 9.993484e-01
-0.700000 1.064434 -1.809539 0.018491 9.996516e-01
-0.400000 1.039419 -1.455186 0.010948 9.998719e-01
-0.100000 1.010609 -1.111670 0.002853 9.999908e-01
0.200000 0.977122 -0.781698 0.005917 9.999577e-01
0.500000 0.938618 -0.469309 0.014995 9.997053e-01
0.800000 0.895885 -0.179177 0.023298 9.992196e-01
1.100000 13.533170 1.353317 1.163392 9.915377e-01
1.400000 0.807663 0.323065 0.032716 9.981086e-01
1.700000 0.767715 0.537401 0.033992 9.977410e-01
2.000000 0.732951 0.732951 0.035341 9.973222e-01
2.300000 0.703678 0.914782 0.038035 9.966374e-01
2.600000 0.679453 1.087124 0.041867 9.956343e-01
2.900000 0.659506 1.253062 0.046032 9.944054e-01
3.200000 0.643033 1.414672 0.049932 9.930849e-01
3.500000 0.629320 1.573300 0.053303 9.917831e-01
3.800000 0.617789 1.729808 0.056098 9.905675e-01
4.100000 0.607984 1.884750 0.058362 9.894706e-01
4.400000 0.599555 2.038488 0.060173 9.885012e-01
4.700000 0.592234 2.191266 0.061612 9.876553e-01
5.000000 0.585814 2.343256 0.062750 9.869226e-01
5.300000 0.580134 2.494577 0.063647 9.862902e-01
5.600000 0.575070 2.645320 0.064351 9.857453e-01
5.900000 0.570522 2.795556 0.064900 9.852758e-01
6.200000 0.566412 2.945342 0.065326 9.848712e-01
6.500000 0.562677 3.094722 0.065651 9.845219e-01
6.800000 0.559265 3.243736 0.065897 9.842200e-01
7.100000 0.556134 3.392419 0.066077 9.839587e-01
7.400000 0.553250 3.540799 0.066205 9.837320e-01
7.700000 0.550583 3.688904 0.066290 9.835351e-01
8.000000 0.548108 3.836756 0.066340 9.833637e-01
8.300000 0.545805 3.984379 0.066362 9.832144e-01
8.600000 0.543657 4.131790 0.066361 9.830840e-01
8.900000 0.541647 4.279008 0.066342 9.829700e-01
9.200000 0.539762 4.426048 0.066308 9.828703e-01
9.500000 0.537991 4.572927 0.066262 9.827828e-01
9.800000 0.536325 4.719656 0.066207 9.827060e-01
10.100000 0.534753 4.866249 0.066144 9.826385e-01
10.400000 0.533268 5.012718 0.066075 9.825791e-01
10.700000 0.531863 5.159071 0.066001 9.825268e-01
11.000000 0.530532 5.305319 0.065924 9.824807e-01
11.300000 0.529269 5.451471 0.065845 9.824399e-01
11.600000 0.528069 5.597534 0.065764 9.824039e-01
11.900000 0.526928 5.743516 0.065683 9.823721e-01
12.200000 0.525841 5.889424 0.065601 9.823439e-01
12.500000 0.524806 6.035263 0.065519 9.823189e-01
12.800000 0.523817 6.181040 0.065437 9.822968e-01
13.100000 0.522873 6.326759 0.065356 9.822771e-01
13.400000 0.521970 6.472426 0.065276 9.822597e-01
13.700000 0.521106 6.618043 0.065197 9.822441e-01
14.000000 0.520278 6.763617 0.065119 9.822303e-01
14.300000 0.519485 6.909149 0.065042 9.822180e-01
14.600000 0.518724 7.054644 0.064968 9.822071e-01
14.900000 0.517993 7.200105 0.064894 9.821973e-01
15.200000 0.517291 7.345533 0.064822 9.821886e-01
15.500000 0.516616 7.490933 0.064752 9.821808e-01
15.800000 0.515967 7.636306 0.064684 9.821739e-01
16.100000 0.515341 7.781654 0.064617 9.821677e-01
16.400000 0.514739 7.926980 0.064551 9.821621e-01
16.700000 0.514158 8.072285 0.064488 9.821572e-01
17.000000 0.513598 8.217571 0.064425 9.821527e-01
17.300000 0.513058 8.362839 0.064365 9.821487e-01
17.600000 0.512536 8.508092 0.064306 9.821452e-01
17.900000 0.512031 8.653329 0.064249 9.821420e-01
18.200000 0.511544 8.798553 0.064193 9.821391e-01
18.500000 0.511072 8.943764 0.064138 9.821366e-01
18.800000 0.510616 9.088963 0.064085 9.821343e-01
19.100000 0.510174 9.234152 0.064033 9.821322e-01
19.400000 0.509746 9.379331 0.063983 9.821303e-01
19.700000 0.509332 9.524501 0.063934 9.821287e-01
20.000000 0.508930 9.669663 0.063886 9.821272e-01
20.300000 0.508540 9.814817 0.063840 9.821258e-01
20.600000 0.508161 9.959964 0.063795 9.821246e-01
20.900000 0.507794 10.105104 0.063751 9.821235e-01
21.200000 0.507438 10.250238 0.063708 9.821225e-01
21.500000 0.507091 10.395367 0.063666 9.821216e-01
21.800000 0.506754 10.540491 0.063625 9.821208e-01
22.100000 0.506427 10.685610 0.063585 9.821201e-01
22.400000 0.506109 10.830725 0.063546 9.821195e-01
22.700000 0.505799 10.975836 0.063508 9.821189e-01
23.000000 0.505497 11.120943 0.063471 9.821183e-01
23.300000 0.505204 11.266047 0.063435 9.821179e-01
23.600000 0.504918 11.411147 0.063400 9.821174e-01
23.900000 0.504640 11.556245 0.063366 9.821170e-01
24.200000 0.504368 11.701340 0.063333 9.821167e-01
24.500000 0.504104 11.846433 0.063300 9.821164e-01
24.800000 0.503846 11.991523 0.063268 9.821161e-01
