1.431872 0.212778 9.751324e-01 0.520313 0.311898 7.067272e-01
1.415447 0.203734 9.766334e-01 0.573610 0.281723 7.821233e-01
1.395502 0.191429 9.787312e-01 0.632358 0.245247 8.520052e-01
1.371939 0.175440 9.814651e-01 0.694710 0.202998 9.102447e-01
1.345166 0.156025 9.847009e-01 0.757559 0.157466 9.524753e-01
1.316178 0.134406 9.881003e-01 0.816944 0.113004 9.783811e-01
1.286312 0.112555 9.912353e-01 0.869204 0.074341 9.916231e-01
1.256639 0.092412 9.937934e-01 0.912243 0.044546 9.972539e-01
1.227332 0.075070 9.956981e-01 0.945947 0.024022 9.992558e-01
1.197328 0.060412 9.970686e-01 0.971409 0.011129 9.998484e-01
1.164237 0.047269 9.981000e-01 0.989491 0.003664 9.999842e-01
1.124376 0.033811 9.989568e-01 0.999232 0.000247 9.999999e-01
1.073160 0.018220 9.996672e-01 0.996330 0.001111 9.999986e-01
1.006730 0.001949 9.999957e-01 0.972674 0.007616 9.999292e-01
0.925385 0.018443 9.995415e-01 0.919485 0.019400 9.994862e-01
0.836376 0.031060 9.984099e-01 0.834875 0.031215 9.983882e-01
0.751449 0.036536 9.972775e-01 0.728963 0.038650 9.967639e-01
0.680230 0.042293 9.955556e-01 0.618990 0.052919 9.916298e-01
0.626315 0.054027 9.914800e-01 0.519678 0.083739 9.708874e-01
0.588256 0.067112 9.851916e-01 0.438208 0.119506 9.209028e-01
0.562394 0.076995 9.788130e-01 0.375100 0.149359 8.452356e-01
0.544993 0.082821 9.740229e-01 0.327417 0.169734 7.631523e-01
