-25.000000 1.286469 -33.448207 0.245459 9.596543e-01
-24.700000 1.285861 -33.046626 0.245285 9.596724e-01
-24.400000 1.285239 -32.645059 0.245106 9.596915e-01
-24.100000 1.284602 -32.243506 0.244921 9.597115e-01
-23.800000 1.283950 -31.841969 0.244731 9.597325e-01
-23.500000 1.283284 -31.440447 0.244534 9.597546e-01
-23.200000 1.282601 -31.038942 0.244330 9.597778e-01
-22.900000 1.281902 -30.637455 0.244120 9.598023e-01
-22.600000 1.281186 -30.235987 0.243902 9.598280e-01
-22.300000 1.280452 -29.834538 0.243676 9.598551e-01
-22.000000 1.279700 -29.433111 0.243443 9.598837e-01
-21.700000 1.278930 -29.031706 0.243201 9.599139e-01
-21.400000 1.278139 -28.630325 0.242950 9.599457e-01
-21.100000 1.277329 -28.228968 0.242690 9.599793e-01
-20.800000 1.276497 -27.827638 0.242420 9.600148e-01
-20.500000 1.275644 -27.426335 0.242139 9.600523e-01
-20.200000 1.274767 -27.025062 0.241848 9.600919e-01
-19.900000 1.273867 -26.623820 0.241545 9.601339e-01
-19.600000 1.272942 -26.222610 0.241229 9.601783e-01
-19.300000 1.271992 -25.821435 0.240901 9.602254e-01
-19.000000 1.271015 -25.420296 0.240559 9.602753e-01
-18.700000 1.270010 -25.019196 0.240202 9.603282e-01
-18.400000 1.268976 -24.618136 0.239829 9.603843e-01
-18.100000 1.267912 -24.217119 0.239441 9.604438e-01
-17.800000 1.266816 -23.816147 0.239035 9.605070e-01
-17.500000 1.265688 -23.415223 0.238610 9.605742e-01
-17.200000 1.264525 -23.014349 0.238166 9.606456e-01
-16.900000 1.263326 -22.613529 0.237701 9.607215e-01
-16.600000 1.262089 -22.212764 0.237214 9.608023e-01
-16.300000 1.260813 -21.812059 0.236704 9.608883e-01
-16.000000 1.259495 -21.411416 0.236168 9.609799e-01
-15.700000 1.258134 -21.010839 0.235606 9.610775e-01
-15.400000 1.256728 -20.610331 0.235015 9.611816e-01
-15.100000 1.255273 -20.209898 0.234393 9.612925e-01
-14.800000 1.253768 -19.809542 0.233740 9.614109e-01
-14.500000 1.252211 -19.409269 0.233052 9.615373e-01
-14.200000 1.250598 -19.009083 0.232326 9.616723e-01
-13.900000 1.248925 -18.608989 0.231561 9.618165e-01
-13.600000 1.247191 -18.208993 0.230754 9.619707e-01
-13.300000 1.245392 -17.809102 0.229901 9.621356e-01
-13.000000 1.243523 -17.409320 0.229000 9.623120e-01
-12.700000 1.241581 -17.009656 0.228046 9.625009e-01
-12.400000 1.239561 -16.610118 0.227036 9.627032e-01
-12.100000 1.237459 -16.210714 0.225966 9.629200e-01
-11.800000 1.235270 -15.811453 0.224831 9.631525e-01
-11.500000 1.232988 -15.412345 0.223626 9.634019e-01
-11.200000 1.230607 -15.013404 0.222345 9.636697e-01
-10.900000 1.228121 -14.614641 0.220983 9.639573e-01
-10.600000 1.225523 -14.216072 0.219532 9.642666e-01
-10.300000 1.222807 -13.817713 0.217985 9.645994e-01
-10.000000 1.219962 -13.419584 0.216335 9.649577e-01
-9.700000 1.216982 -13.021706 0.214571 9.653439e-01
-9.400000 1.213856 -12.624104 0.212683 9.657607e-01
-9.100000 1.210575 -12.226807 0.210660 9.662110e-01
-8.800000 1.207127 -11.829847 0.208488 9.666980e-01
-8.500000 1.203501 -11.433261 0.206152 9.672256e-01
-8.200000 1.199684 -11.037092 0.203636 9.677980e-01
-7.900000 1.195662 -10.641389 0.200918 9.684201e-01
-7.600000 1.191419 -10.246206 0.197978 9.690974e-01
-7.300000 1.186940 -9.851605 0.194787 9.698362e-01
-7.000000 1.182207 -9.457655 0.191315 9.706440e-01
-6.700000 1.177199 -9.064431 0.187527 9.715287e-01
-6.400000 1.171894 -8.672014 0.183379 9.724999e-01
-6.100000 1.166266 -8.280491 0.178822 9.735677e-01
-5.800000 1.160287 -7.889953 0.173797 9.747436e-01
-5.500000 1.153922 -7.500495 0.168239 9.760398e-01
-5.200000 1.147131 -7.112214 0.162066 9.774688e-01
-4.900000 1.139866 -6.725212 0.155188 9.790427e-01
-4.600000 1.132072 -6.339601 0.147502 9.807717e-01
-4.300000 1.123683 -5.955521 0.138894 9.826617e-01
-4.000000 1.114632 -5.573159 0.129243 9.847108e-01
-3.700000 1.104852 -5.192803 0.118438 9.869030e-01
-3.400000 1.094300 -4.814922 0.106404 9.891994e-01
-3.100000 1.082997 -4.440286 0.093162 9.915267e-01
-2.800000 1.071085 -4.070121 0.078921 9.937691e-01
-2.500000 1.058912 -3.706193 0.064194 9.957738e-01
-2.200000 1.047063 -3.350601 0.049841 9.973902e-01
-1.900000 1.036238 -3.005090 0.036897 9.985380e-01
-1.600000 1.026981 -2.670151 0.026157 9.992514e-01
-1.300000 1.019447 -2.344727 0.017845 9.996463e-01
-1.000000 1.013430 -2.026861 0.011654 9.998473e-01
-0.700000 1.008575 -1.714577 0.007059 9.999434e-01
-0.400000 1.004539 -1.406355 0.003564 9.999855e-01
-0.100000 1.001065 -1.101172 0.000803 9.999993e-01
0.200000 0.997979 -0.798383 0.001471 9.999975e-01
0.500000 0.995166 -0.497583 0.003411 9.999864e-01
0.800000 0.992554 -0.198511 0.005117 9.999693e-01
1.100000 16.600624 1.660062 2.126624 9.814004e-01
1.400000 0.987757 0.395103 0.008051 9.999233e-01
1.700000 0.985515 0.689860 0.009350 9.998961e-01
2.000000 0.983353 0.983353 0.010565 9.998667e-01
2.300000 0.981259 1.275636 0.011713 9.998355e-01
2.600000 0.979221 1.566754 0.012804 9.998026e-01
2.900000 0.977233 1.856742 0.013848 9.997681e-01
3.200000 0.975286 2.145630 0.014853 9.997322e-01
3.500000 0.973377 2.433441 0.015823 9.996949e-01
3.800000 0.971500 2.720199 0.016763 9.996563e-01
4.100000 0.969651 3.005919 0.017678 9.996163e-01
4.400000 0.967830 3.290621 0.018571 9.995750e-01
4.700000 0.966032 3.574317 0.019443 9.995324e-01
5.000000 0.964256 3.857025 0.020297 9.994886e-01
5.300000 0.962502 4.138758 0.021135 9.994435e-01
5.600000 0.960768 4.419533 0.021957 9.993972e-01
5.900000 0.959054 4.699366 0.022765 9.993497e-01
6.200000 0.957360 4.978275 0.023558 9.993012e-01
6.500000 0.955687 5.256277 0.024338 9.992516e-01
6.800000 0.954034 5.533395 0.025104 9.992010e-01
7.100000 0.952401 5.809649 0.025856 9.991496e-01
7.400000 0.950791 6.085063 0.026595 9.990973e-01
7.700000 0.949203 6.359663 0.027319 9.990443e-01
8.000000 0.947639 6.633474 0.028029 9.989907e-01
8.300000 0.946099 6.906524 0.028725 9.989366e-01
8.600000 0.944584 7.178841 0.029405 9.988821e-01
8.900000 0.943096 7.450455 0.030071 9.988273e-01
9.200000 0.941634 7.721396 0.030720 9.987723e-01
9.500000 0.940199 7.991694 0.031354 9.987173e-01
9.800000 0.938793 8.261379 0.031972 9.986623e-01
10.100000 0.937416 8.530482 0.032574 9.986075e-01
10.400000 0.936067 8.799033 0.033159 9.985530e-01
10.700000 0.934748 9.067060 0.033727 9.984988e-01
11.000000 0.933459 9.334594 0.034279 9.984450e-01
11.300000 0.932200 9.601662 0.034815 9.983918e-01
11.600000 0.930971 9.868291 0.035334 9.983392e-01
11.900000 0.929771 10.134507 0.035837 9.982872e-01
12.200000 0.928601 10.400335 0.036324 9.982360e-01
12.500000 0.927461 10.665800 0.036795 9.981856e-01
12.800000 0.926349 10.930923 0.037251 9.981360e-01
13.100000 0.925267 11.195727 0.037691 9.980873e-01
13.400000 0.924212 11.460232 0.038117 9.980395e-01
13.700000 0.923186 11.724457 0.038528 9.979927e-01
14.000000 0.922186 11.988421 0.038924 9.979468e-01
14.300000 0.921214 12.252140 0.039307 9.979019e-01
14.600000 0.920267 12.515630 0.039676 9.978580e-01
14.900000 0.919346 12.778906 0.040032 9.978151e-01
15.200000 0.918450 13.041983 0.040375 9.977732e-01
15.500000 0.917577 13.304873 0.040706 9.977324e-01
15.800000 0.916729 13.567589 0.041025 9.976925e-01
16.100000 0.915903 13.830142 0.041333 9.976536e-01
16.400000 0.915100 14.092542 0.041630 9.976157e-01
16.700000 0.914318 14.354799 0.041915 9.975788e-01
17.000000 0.913558 14.616923 0.042191 9.975429e-01
17.300000 0.912817 14.878922 0.042457 9.975079e-01
17.600000 0.912097 15.140804 0.042713 9.974739e-01
17.900000 0.911395 15.402576 0.042959 9.974407e-01
18.200000 0.910712 15.664245 0.043197 9.974085e-01
18.500000 0.910047 15.925817 0.043427 9.973772e-01
18.800000 0.909399 16.187299 0.043648 9.973467e-01
19.100000 0.908768 16.448696 0.043861 9.973171e-01
19.400000 0.908153 16.710013 0.044067 9.972883e-01
19.700000 0.907554 16.971254 0.044265 9.972603e-01
20.000000 0.906970 17.232425 0.044456 9.972331e-01
20.300000 0.906400 17.493529 0.044641 9.972066e-01
20.600000 0.905845 17.754570 0.044819 9.971809e-01
20.900000 0.905304 18.015551 0.044991 9.971559e-01
21.200000 0.904776 18.276477 0.045157 9.971316e-01
21.500000 0.904261 18.537350 0.045317 9.971080e-01
21.800000 0.903758 18.798173 0.045472 9.970851e-01
22.100000 0.903268 19.058948 0.045621 9.970627e-01
22.400000 0.902789 19.319679 0.045765 9.970411e-01
22.700000 0.902321 19.580367 0.045905 9.970200e-01
23.000000 0.901864 19.841015 0.046039 9.969995e-01
23.300000 0.901418 20.101624 0.046169 9.969796e-01
23.600000 0.900982 20.362198 0.046295 9.969602e-01
23.900000 0.900556 20.622736 0.046417 9.969414e-01
24.200000 0.900140 20.883242 0.046534 9.969231e-01
24.500000 0.899733 21.143717 0.046648 9.969053e-01
24.800000 0.899335 21.404162 0.046758 9.968880e-01
