-25.000000 1.946314 -50.604169 0.512306 9.259153e-01
-24.700000 1.945399 -49.996756 0.512023 9.259267e-01
-24.400000 1.944462 -49.389339 0.511732 9.259384e-01
-24.100000 1.943503 -48.781918 0.511434 9.259506e-01
-23.800000 1.942520 -48.174493 0.511128 9.259633e-01
-23.500000 1.941513 -47.567065 0.510814 9.259765e-01
-23.200000 1.940481 -46.959632 0.510492 9.259902e-01
-22.900000 1.939422 -46.352196 0.510160 9.260044e-01
-22.600000 1.938337 -45.744756 0.509819 9.260192e-01
-22.300000 1.937224 -45.137311 0.509469 9.260347e-01
-22.000000 1.936081 -44.529862 0.509109 9.260507e-01
-21.700000 1.934908 -43.922408 0.508739 9.260674e-01
-21.400000 1.933703 -43.314950 0.508357 9.260848e-01
-21.100000 1.932465 -42.707487 0.507964 9.261030e-01
-20.800000 1.931194 -42.100019 0.507560 9.261219e-01
-20.500000 1.929886 -41.492546 0.507143 9.261417e-01
-20.200000 1.928541 -40.885068 0.506713 9.261624e-01
-19.900000 1.927157 -40.277586 0.506270 9.261839e-01
-19.600000 1.925733 -39.670097 0.505812 9.262064e-01
-19.300000 1.924266 -39.062604 0.505340 9.262300e-01
-19.000000 1.922755 -38.455105 0.504852 9.262547e-01
-18.700000 1.921198 -37.847600 0.504347 9.262805e-01
-18.400000 1.919592 -37.240089 0.503826 9.263076e-01
-18.100000 1.917936 -36.632573 0.503287 9.263359e-01
-17.800000 1.916226 -36.025050 0.502728 9.263657e-01
-17.500000 1.914461 -35.417522 0.502150 9.263969e-01
-17.200000 1.912637 -34.809987 0.501551 9.264298e-01
-16.900000 1.910751 -34.202446 0.500930 9.264643e-01
-16.600000 1.908801 -33.594898 0.500285 9.265006e-01
-16.300000 1.906783 -32.987344 0.499616 9.265388e-01
-16.000000 1.904693 -32.379783 0.498920 9.265791e-01
-15.700000 1.902528 -31.772215 0.498197 9.266217e-01
-15.400000 1.900283 -31.164640 0.497445 9.266665e-01
-15.100000 1.897954 -30.557058 0.496662 9.267140e-01
-14.800000 1.895536 -29.949469 0.495846 9.267642e-01
-14.500000 1.893024 -29.341873 0.494995 9.268173e-01
-14.200000 1.890412 -28.734270 0.494107 9.268737e-01
-13.900000 1.887695 -28.126659 0.493179 9.269334e-01
-13.600000 1.884866 -27.519041 0.492209 9.269969e-01
-13.300000 1.881917 -26.911415 0.491194 9.270645e-01
-13.000000 1.878842 -26.303783 0.490130 9.271364e-01
-12.700000 1.875631 -25.696143 0.489015 9.272131e-01
-12.400000 1.872276 -25.088495 0.487844 9.272950e-01
-12.100000 1.868766 -24.480841 0.486613 9.273825e-01
-11.800000 1.865092 -23.873180 0.485318 9.274763e-01
-11.500000 1.861241 -23.265512 0.483954 9.275768e-01
-11.200000 1.857200 -22.657838 0.482515 9.276848e-01
-10.900000 1.852954 -22.050158 0.480995 9.278011e-01
-10.600000 1.848489 -21.442472 0.479387 9.279264e-01
-10.300000 1.843786 -20.834782 0.477683 9.280617e-01
-10.000000 1.838826 -20.227089 0.475875 9.282082e-01
-9.700000 1.833588 -19.619392 0.473954 9.283670e-01
-9.400000 1.828048 -19.011695 0.471908 9.285397e-01
-9.100000 1.822178 -18.403997 0.469725 9.287279e-01
-8.800000 1.815949 -17.796302 0.467392 9.289335e-01
-8.500000 1.809328 -17.188612 0.464893 9.291587e-01
-8.200000 1.802275 -16.580930 0.462210 9.294061e-01
-7.900000 1.794748 -15.973259 0.459323 9.296788e-01
-7.600000 1.786698 -15.365603 0.456207 9.299803e-01
-7.300000 1.778069 -14.757969 0.452837 9.303148e-01
-7.000000 1.768795 -14.150363 0.449179 9.306873e-01
-6.700000 1.758804 -13.542793 0.445199 9.311038e-01
-6.400000 1.748009 -12.935268 0.440851 9.315715e-01
-6.100000 1.736310 -12.327802 0.436086 9.320991e-01
-5.800000 1.723589 -11.720408 0.430842 9.326971e-01
-5.500000 1.709709 -11.113108 0.425048 9.333786e-01
-5.200000 1.694504 -10.505925 0.418617 9.341595e-01
-4.900000 1.677779 -9.898894 0.411442 9.350599e-01
-4.600000 1.659296 -9.292059 0.403396 9.361053e-01
-4.300000 1.638771 -8.685486 0.394317 9.373284e-01
-4.000000 1.615854 -8.079268 0.384003 9.387721e-01
-3.700000 1.590117 -7.473549 0.372192 9.404944e-01
-3.400000 1.561035 -6.868555 0.358542 9.425757e-01
-3.100000 1.527962 -6.264645 0.342582 9.451318e-01
-2.800000 1.490106 -5.662403 0.323649 9.483345e-01
-2.500000 1.446504 -5.062765 0.300782 9.524416e-01
-2.200000 1.396012 -4.467237 0.272583 9.578272e-01
-1.900000 1.337372 -3.878380 0.237128 9.649655e-01
-1.600000 1.269736 -3.301313 0.192171 9.742288e-01
-1.300000 1.194702 -2.747814 0.136530 9.851421e-01
-1.000000 1.120724 -2.241448 0.075861 9.947365e-01
-0.700000 1.063023 -1.807138 0.030628 9.990422e-01
-0.400000 1.025467 -1.435654 0.010653 9.998754e-01
-0.100000 0.996986 -1.096685 0.004283 9.999787e-01
0.200000 0.969461 -0.775568 0.010800 9.998567e-01
0.500000 0.939867 -0.469933 0.021364 9.994036e-01
0.800000 0.907636 -0.181527 0.034551 9.983294e-01
1.100000 14.001059 1.400106 0.939233 9.948299e-01
1.400000 0.840032 0.336013 0.065393 9.930504e-01
1.700000 0.808625 0.566037 0.079962 9.888333e-01
2.000000 0.780771 0.780771 0.092382 9.840894e-01
2.300000 0.756809 0.983851 0.102420 9.792876e-01
2.600000 0.736450 1.178320 0.110346 9.747282e-01
2.900000 0.719163 1.366410 0.116592 9.705408e-01
3.200000 0.704399 1.549678 0.121562 9.667499e-01
3.500000 0.691681 1.729202 0.125574 9.633320e-01
3.800000 0.680626 1.905752 0.128863 9.602490e-01
4.100000 0.670933 2.079892 0.131597 9.574621e-01
4.400000 0.662368 2.252053 0.133894 9.549367e-01
4.700000 0.654748 2.422569 0.135843 9.526435e-01
5.000000 0.647927 2.591709 0.137507 9.505575e-01
5.300000 0.641788 2.759688 0.138936 9.486571e-01
5.600000 0.636235 2.926682 0.140168 9.469237e-01
5.900000 0.631191 3.092836 0.141233 9.453409e-01
6.200000 0.626590 3.258268 0.142156 9.438940e-01
6.500000 0.622378 3.423077 0.142957 9.425698e-01
6.800000 0.618508 3.587346 0.143653 9.413566e-01
7.100000 0.614941 3.751143 0.144259 9.402437e-01
7.400000 0.611644 3.914524 0.144786 9.392217e-01
7.700000 0.608588 4.077540 0.145245 9.382818e-01
8.000000 0.605747 4.240230 0.145644 9.374163e-01
8.300000 0.603100 4.402630 0.145992 9.366182e-01
8.600000 0.600627 4.564769 0.146294 9.358812e-01
8.900000 0.598313 4.726673 0.146556 9.351997e-01
9.200000 0.596142 4.888366 0.146783 9.345686e-01
9.500000 0.594102 5.049865 0.146979 9.339833e-01
9.800000 0.592181 5.211189 0.147149 9.334396e-01
10.100000 0.590368 5.372351 0.147295 9.329338e-01
10.400000 0.588656 5.533367 0.147420 9.324626e-01
10.700000 0.587036 5.694247 0.147527 9.320229e-01
11.000000 0.585500 5.855001 0.147617 9.316121e-01
11.300000 0.584043 6.015641 0.147693 9.312277e-01
11.600000 0.582658 6.176174 0.147757 9.308674e-01
11.900000 0.581340 6.336608 0.147810 9.305293e-01
12.200000 0.580085 6.496950 0.147853 9.302116e-01
12.500000 0.578888 6.657207 0.147887 9.299125e-01
12.800000 0.577744 6.817384 0.147914 9.296307e-01
13.100000 0.576652 6.977488 0.147934 9.293648e-01
13.400000 0.575607 7.137523 0.147949 9.291135e-01
13.700000 0.574606 7.297494 0.147958 9.288758e-01
14.000000 0.573647 7.457406 0.147962 9.286507e-01
14.300000 0.572726 7.617261 0.147963 9.284371e-01
14.600000 0.571843 7.777065 0.147960 9.282344e-01
14.900000 0.570994 7.936819 0.147954 9.280416e-01
15.200000 0.570178 8.096528 0.147945 9.278583e-01
15.500000 0.569393 8.256195 0.147934 9.276836e-01
15.800000 0.568637 8.415822 0.147921 9.275170e-01
16.100000 0.567908 8.575412 0.147906 9.273580e-01
16.400000 0.567206 8.734967 0.147890 9.272061e-01
16.700000 0.566528 8.894489 0.147872 9.270609e-01
17.000000 0.565874 9.053981 0.147853 9.269219e-01
17.300000 0.565242 9.213445 0.147833 9.267887e-01
17.600000 0.564631 9.372882 0.147812 9.266611e-01
17.900000 0.564041 9.532294 0.147790 9.265386e-01
18.200000 0.563470 9.691683 0.147768 9.264210e-01
18.500000 0.562917 9.851050 0.147746 9.263080e-01
18.800000 0.562382 10.010397 0.147723 9.261993e-01
19.100000 0.561863 10.169724 0.147699 9.260948e-01
19.400000 0.561361 10.329034 0.147676 9.259942e-01
19.700000 0.560873 10.488327 0.147652 9.258972e-01
20.000000 0.560400 10.647605 0.147628 9.258037e-01
20.300000 0.559941 10.806868 0.147603 9.257136e-01
20.600000 0.559496 10.966118 0.147579 9.256266e-01
20.900000 0.559063 11.125354 0.147555 9.255426e-01
21.200000 0.558643 11.284580 0.147531 9.254615e-01
21.500000 0.558234 11.443794 0.147507 9.253831e-01
21.800000 0.557836 11.602997 0.147483 9.253072e-01
22.100000 0.557450 11.762192 0.147459 9.252339e-01
22.400000 0.557074 11.921377 0.147435 9.251629e-01
22.700000 0.556708 12.080554 0.147411 9.250941e-01
23.000000 0.556351 12.239723 0.147387 9.250276e-01
23.300000 0.556004 12.398885 0.147364 9.249630e-01
23.600000 0.555666 12.558041 0.147341 9.249005e-01
23.900000 0.555336 12.717190 0.147317 9.248399e-01
24.200000 0.555014 12.876333 0.147294 9.247810e-01
24.500000 0.554701 13.035471 0.147272 9.247239e-01
24.800000 0.554395 13.194605 0.147249 9.246685e-01
