-25.000000 1.897564 -49.336651 0.501933 9.252388e-01
-24.700000 1.896660 -48.744169 0.501680 9.252425e-01
-24.400000 1.895735 -48.151680 0.501421 9.252464e-01
-24.100000 1.894788 -47.559186 0.501156 9.252505e-01
-23.800000 1.893818 -46.966685 0.500884 9.252548e-01
-23.500000 1.892824 -46.374178 0.500605 9.252593e-01
-23.200000 1.891804 -45.781665 0.500318 9.252640e-01
-22.900000 1.890759 -45.189145 0.500024 9.252689e-01
-22.600000 1.889687 -44.596617 0.499721 9.252741e-01
-22.300000 1.888587 -44.004083 0.499411 9.252796e-01
-22.000000 1.887458 -43.411541 0.499091 9.252854e-01
-21.700000 1.886299 -42.818991 0.498763 9.252914e-01
-21.400000 1.885109 -42.226433 0.498425 9.252978e-01
-21.100000 1.883885 -41.633867 0.498078 9.253045e-01
-20.800000 1.882628 -41.041293 0.497720 9.253116e-01
-20.500000 1.881335 -40.448709 0.497351 9.253191e-01
-20.200000 1.880005 -39.856116 0.496971 9.253270e-01
-19.900000 1.878637 -39.263514 0.496579 9.253353e-01
-19.600000 1.877228 -38.670902 0.496175 9.253441e-01
-19.300000 1.875777 -38.078280 0.495758 9.253535e-01
-19.000000 1.874282 -37.485647 0.495328 9.253633e-01
-18.700000 1.872741 -36.893003 0.494883 9.253737e-01
-18.400000 1.871152 -36.300348 0.494424 9.253848e-01
-18.100000 1.869512 -35.707681 0.493948 9.253965e-01
-17.800000 1.867819 -35.115001 0.493457 9.254089e-01
-17.500000 1.866071 -34.522309 0.492948 9.254221e-01
-17.200000 1.864264 -33.929604 0.492420 9.254361e-01
-16.900000 1.862396 -33.336886 0.491874 9.254510e-01
-16.600000 1.860463 -32.744153 0.491307 9.254669e-01
-16.300000 1.858463 -32.151405 0.490719 9.254837e-01
-16.000000 1.856391 -31.558642 0.490108 9.255016e-01
-15.700000 1.854243 -30.965864 0.489473 9.255207e-01
-15.400000 1.852016 -30.373069 0.488813 9.255411e-01
-15.100000 1.849705 -29.780257 0.488126 9.255628e-01
-14.800000 1.847306 -29.187428 0.487411 9.255860e-01
-14.500000 1.844812 -28.594580 0.486666 9.256107e-01
-14.200000 1.842218 -28.001714 0.485888 9.256372e-01
-13.900000 1.839519 -27.408828 0.485076 9.256655e-01
-13.600000 1.836707 -26.815922 0.484228 9.256958e-01
-13.300000 1.833776 -26.222995 0.483342 9.257282e-01
-13.000000 1.830718 -25.630046 0.482413 9.257630e-01
-12.700000 1.827524 -25.037075 0.481441 9.258003e-01
-12.400000 1.824185 -24.444081 0.480422 9.258403e-01
-12.100000 1.820692 -23.851064 0.479352 9.258833e-01
-11.800000 1.817033 -23.258021 0.478227 9.259295e-01
-11.500000 1.813196 -22.664954 0.477044 9.259793e-01
-11.200000 1.809169 -22.071860 0.475799 9.260328e-01
-10.900000 1.804936 -21.478739 0.474485 9.260906e-01
-10.600000 1.800482 -20.885591 0.473099 9.261529e-01
-10.300000 1.795789 -20.292414 0.471633 9.262202e-01
-10.000000 1.790837 -19.699208 0.470082 9.262930e-01
-9.700000 1.785605 -19.105973 0.468438 9.263718e-01
-9.400000 1.780068 -18.512707 0.466693 9.264573e-01
-9.100000 1.774199 -17.919410 0.464837 9.265501e-01
-8.800000 1.767968 -17.326083 0.462861 9.266511e-01
-8.500000 1.761339 -16.732724 0.460752 9.267612e-01
-8.200000 1.754275 -16.139334 0.458498 9.268814e-01
-7.900000 1.746732 -15.545913 0.456083 9.270131e-01
-7.600000 1.738658 -14.952463 0.453489 9.271577e-01
-7.300000 1.729998 -14.358985 0.450698 9.273171e-01
-7.000000 1.720685 -13.765482 0.447684 9.274937e-01
-6.700000 1.710644 -13.171959 0.444421 9.276902e-01
-6.400000 1.699787 -12.578422 0.440875 9.279103e-01
-6.100000 1.688011 -11.984881 0.437008 9.281587e-01
-5.800000 1.675198 -11.391349 0.432769 9.284420e-01
-5.500000 1.661207 -10.797845 0.428098 9.287686e-01
-5.200000 1.645871 -10.204398 0.422921 9.291505e-01
-4.900000 1.628990 -9.611043 0.417139 9.296043e-01
-4.600000 1.610327 -9.017832 0.410627 9.301533e-01
-4.300000 1.589591 -8.424834 0.403223 9.308305e-01
-4.000000 1.566427 -7.832135 0.394712 9.316825e-01
-3.700000 1.540393 -7.239849 0.384814 9.327738e-01
-3.400000 1.510935 -6.648113 0.373166 9.341929e-01
-3.100000 1.477345 -6.057113 0.359300 9.360591e-01
-2.800000 1.438719 -5.467132 0.342618 9.385330e-01
-2.500000 1.393928 -4.878749 0.322335 9.418385e-01
-2.200000 1.341693 -4.293417 0.297349 9.463228e-01
-1.900000 1.281037 -3.715009 0.265873 9.526122e-01
-1.600000 1.212636 -3.152853 0.224740 9.618470e-01
-1.300000 1.140894 -2.624057 0.169745 9.750732e-01
-1.000000 1.075130 -2.150259 0.102065 9.896994e-01
-0.700000 1.027825 -1.747302 0.040858 9.981784e-01
-0.400000 1.003428 -1.404799 0.011143 9.998576e-01
-0.100000 0.992359 -1.091594 0.004948 9.999713e-01
0.200000 0.986009 -0.788807 0.004848 9.999721e-01
0.500000 0.981238 -0.490619 0.005881 9.999585e-01
0.800000 0.977145 -0.195429 0.007266 9.999362e-01
1.100000 16.203968 1.620397 2.020420 9.823625e-01
1.400000 0.970104 0.388042 0.009959 9.998783e-01
1.700000 0.967011 0.676908 0.011132 9.998470e-01
2.000000 0.964154 0.964154 0.012182 9.998157e-01
2.300000 0.961505 1.249956 0.013119 9.997850e-01
2.600000 0.959040 1.534465 0.013956 9.997555e-01
2.900000 0.956740 1.817805 0.014704 9.997273e-01
3.200000 0.954584 2.100084 0.015376 9.997005e-01
3.500000 0.952557 2.381392 0.015981 9.996750e-01
3.800000 0.950644 2.661804 0.016531 9.996509e-01
4.100000 0.948834 2.941384 0.017032 9.996280e-01
4.400000 0.947114 3.220189 0.017493 9.996062e-01
4.700000 0.945477 3.498264 0.017919 9.995853e-01
5.000000 0.943913 3.775650 0.018317 9.995653e-01
5.300000 0.942415 4.052384 0.018691 9.995459e-01
5.600000 0.940977 4.328495 0.019046 9.995271e-01
5.900000 0.939594 4.604012 0.019383 9.995088e-01
6.200000 0.938262 4.878960 0.019708 9.994908e-01
6.500000 0.936975 5.153362 0.020021 9.994730e-01
6.800000 0.935730 5.427237 0.020325 9.994554e-01
7.100000 0.934525 5.700605 0.020622 9.994380e-01
7.400000 0.933357 5.973485 0.020913 9.994206e-01
7.700000 0.932223 6.245892 0.021199 9.994032e-01
8.000000 0.931121 6.517845 0.021481 9.993858e-01
8.300000 0.930049 6.789358 0.021759 9.993683e-01
8.600000 0.929006 7.060446 0.022035 9.993507e-01
8.900000 0.927990 7.331125 0.022309 9.993331e-01
9.200000 0.927001 7.601408 0.022580 9.993153e-01
9.500000 0.926037 7.871311 0.022849 9.992974e-01
9.800000 0.925096 8.140848 0.023116 9.992794e-01
10.100000 0.924179 8.410031 0.023381 9.992614e-01
10.400000 0.923285 8.678875 0.023644 9.992432e-01
10.700000 0.922412 8.947393 0.023905 9.992250e-01
11.000000 0.921560 9.215598 0.024163 9.992067e-01
11.300000 0.920729 9.483504 0.024419 9.991883e-01
11.600000 0.919917 9.751122 0.024672 9.991700e-01
11.900000 0.919125 10.018466 0.024923 9.991516e-01
12.200000 0.918352 10.285547 0.025170 9.991333e-01
12.500000 0.917598 10.552376 0.025413 9.991150e-01
12.800000 0.916862 10.818967 0.025653 9.990967e-01
13.100000 0.916143 11.085329 0.025890 9.990786e-01
13.400000 0.915441 11.351473 0.026123 9.990605e-01
13.700000 0.914757 11.617410 0.026351 9.990426e-01
14.000000 0.914088 11.883150 0.026576 9.990248e-01
14.300000 0.913436 12.148703 0.026796 9.990071e-01
14.600000 0.912800 12.414077 0.027013 9.989897e-01
14.900000 0.912178 12.679281 0.027224 9.989724e-01
15.200000 0.911572 12.944324 0.027432 9.989553e-01
15.500000 0.910980 13.209214 0.027634 9.989384e-01
15.800000 0.910403 13.473959 0.027833 9.989218e-01
16.100000 0.909839 13.738566 0.028026 9.989054e-01
16.400000 0.909288 14.003042 0.028216 9.988892e-01
16.700000 0.908751 14.267394 0.028400 9.988733e-01
17.000000 0.908227 14.531627 0.028581 9.988577e-01
17.300000 0.907715 14.795749 0.028757 9.988423e-01
17.600000 0.907215 15.059764 0.028928 9.988272e-01
17.900000 0.906727 15.323678 0.029095 9.988123e-01
18.200000 0.906250 15.587496 0.029258 9.987978e-01
18.500000 0.905784 15.851223 0.029416 9.987835e-01
18.800000 0.905329 16.114863 0.029571 9.987694e-01
19.100000 0.904885 16.378421 0.029721 9.987557e-01
19.400000 0.904451 16.641901 0.029867 9.987422e-01
19.700000 0.904027 16.905306 0.030010 9.987290e-01
20.000000 0.903613 17.168641 0.030148 9.987161e-01
20.300000 0.903208 17.431908 0.030283 9.987034e-01
20.600000 0.902812 17.695111 0.030415 9.986911e-01
20.900000 0.902425 17.958252 0.030542 9.986789e-01
21.200000 0.902046 18.221336 0.030666 9.986671e-01
21.500000 0.901676 18.484364 0.030787 9.986555e-01
21.800000 0.901314 18.747339 0.030904 9.986441e-01
22.100000 0.900960 19.010264 0.031019 9.986330e-01
22.400000 0.900614 19.273140 0.031130 9.986222e-01
22.700000 0.900275 19.535970 0.031238 9.986115e-01
23.000000 0.899943 19.798757 0.031343 9.986012e-01
23.300000 0.899619 20.061501 0.031445 9.985910e-01
23.600000 0.899301 20.324205 0.031545 9.985811e-01
23.900000 0.898990 20.586871 0.031641 9.985714e-01
24.200000 0.898685 20.849500 0.031735 9.985620e-01
24.500000 0.898387 21.112093 0.031827 9.985527e-01
24.800000 0.898095 21.374653 0.031916 9.985437e-01
