-25.000000 1.196761 -31.115793 0.100937 9.918519e-01
-24.700000 1.196231 -30.743130 0.100841 9.918601e-01
-24.400000 1.195688 -30.370486 0.100741 9.918688e-01
-24.100000 1.195134 -29.997862 0.100637 9.918779e-01
-23.800000 1.194567 -29.625259 0.100530 9.918874e-01
-23.500000 1.193987 -29.252679 0.100419 9.918974e-01
-23.200000 1.193394 -28.880123 0.100303 9.919080e-01
-22.900000 1.192786 -28.507592 0.100183 9.919190e-01
-22.600000 1.192165 -28.135088 0.100059 9.919306e-01
-22.300000 1.191528 -27.762613 0.099929 9.919428e-01
-22.000000 1.190877 -27.390167 0.099794 9.919556e-01
-21.700000 1.190209 -27.017753 0.099654 9.919691e-01
-21.400000 1.189526 -26.645372 0.099508 9.919833e-01
-21.100000 1.188825 -26.273026 0.099356 9.919982e-01
-20.800000 1.188106 -25.900718 0.099197 9.920140e-01
-20.500000 1.187370 -25.528450 0.099032 9.920306e-01
-20.200000 1.186614 -25.156223 0.098859 9.920481e-01
-19.900000 1.185839 -24.784040 0.098679 9.920665e-01
-19.600000 1.185044 -24.411903 0.098491 9.920860e-01
-19.300000 1.184227 -24.039816 0.098294 9.921066e-01
-19.000000 1.183389 -23.667781 0.098088 9.921283e-01
-18.700000 1.182528 -23.295800 0.097873 9.921512e-01
-18.400000 1.181643 -22.923878 0.097647 9.921754e-01
-18.100000 1.180734 -22.552016 0.097411 9.922010e-01
-17.800000 1.179799 -22.180220 0.097163 9.922281e-01
-17.500000 1.178837 -21.808491 0.096904 9.922568e-01
-17.200000 1.177848 -21.436835 0.096631 9.922872e-01
-16.900000 1.176830 -21.065255 0.096344 9.923193e-01
-16.600000 1.175782 -20.693756 0.096044 9.923533e-01
-16.300000 1.174702 -20.322342 0.095727 9.923894e-01
-16.000000 1.173589 -19.951017 0.095394 9.924276e-01
-15.700000 1.172442 -19.579788 0.095044 9.924681e-01
-15.400000 1.171260 -19.208659 0.094675 9.925110e-01
-15.100000 1.170040 -18.837636 0.094286 9.925565e-01
-14.800000 1.168780 -18.466726 0.093876 9.926048e-01
-14.500000 1.167480 -18.095934 0.093444 9.926561e-01
-14.200000 1.166136 -17.725269 0.092987 9.927105e-01
-13.900000 1.164747 -17.354737 0.092506 9.927682e-01
-13.600000 1.163311 -16.984346 0.091996 9.928295e-01
-13.300000 1.161826 -16.614105 0.091458 9.928946e-01
-13.000000 1.160287 -16.244023 0.090889 9.929636e-01
-12.700000 1.158694 -15.874111 0.090287 9.930370e-01
-12.400000 1.157043 -15.504380 0.089649 9.931148e-01
-12.100000 1.155331 -15.134840 0.088974 9.931974e-01
-11.800000 1.153555 -14.765507 0.088259 9.932851e-01
-11.500000 1.151711 -14.396393 0.087501 9.933781e-01
-11.200000 1.149796 -14.027515 0.086698 9.934769e-01
-10.900000 1.147806 -13.658890 0.085846 9.935815e-01
-10.600000 1.145736 -13.290537 0.084942 9.936925e-01
-10.300000 1.143582 -12.922480 0.083984 9.938101e-01
-10.000000 1.141340 -12.554741 0.082966 9.939347e-01
-9.700000 1.139005 -12.187349 0.081886 9.940665e-01
-9.400000 1.136571 -11.820335 0.080741 9.942058e-01
-9.100000 1.134033 -11.453733 0.079524 9.943531e-01
-8.800000 1.131386 -11.087583 0.078233 9.945084e-01
-8.500000 1.128624 -10.721931 0.076864 9.946722e-01
-8.200000 1.125742 -10.356828 0.075411 9.948445e-01
-7.900000 1.122734 -9.992332 0.073870 9.950256e-01
-7.600000 1.119594 -9.628510 0.072237 9.952155e-01
-7.300000 1.116318 -9.265438 0.070507 9.954142e-01
-7.000000 1.112900 -8.903200 0.068676 9.956216e-01
-6.700000 1.109337 -8.541892 0.066739 9.958376e-01
-6.400000 1.105625 -8.181622 0.064693 9.960617e-01
-6.100000 1.101762 -7.822507 0.062534 9.962935e-01
-5.800000 1.097747 -7.464677 0.060259 9.965322e-01
-5.500000 1.093581 -7.108274 0.057865 9.967771e-01
-5.200000 1.089266 -6.753448 0.055350 9.970270e-01
-4.900000 1.084806 -6.400357 0.052714 9.972805e-01
-4.600000 1.080208 -6.049166 0.049957 9.975360e-01
-4.300000 1.075479 -5.700041 0.047082 9.977916e-01
-4.000000 1.070630 -5.353149 0.044095 9.980449e-01
-3.700000 1.065671 -5.008655 0.041002 9.982934e-01
-3.400000 1.060617 -4.666713 0.037815 9.985341e-01
-3.100000 1.055481 -4.327470 0.034549 9.987642e-01
-2.800000 1.050278 -3.991056 0.031222 9.989805e-01
-2.500000 1.045024 -3.657582 0.027854 9.991802e-01
-2.200000 1.039731 -3.327139 0.024467 9.993609e-01
-1.900000 1.034411 -2.999793 0.021078 9.995207e-01
-1.600000 1.029071 -2.675585 0.017705 9.996583e-01
-1.300000 1.023713 -2.354539 0.014358 9.997729e-01
-1.000000 1.018330 -2.036660 0.011038 9.998643e-01
-0.700000 1.012911 -1.721949 0.007738 9.999326e-01
-0.400000 1.007436 -1.410411 0.004440 9.999776e-01
-0.100000 1.001877 -1.102065 0.001119 9.999986e-01
0.200000 0.996200 -0.796960 0.002264 9.999940e-01
0.500000 0.990366 -0.495183 0.005750 9.999611e-01
0.800000 0.984333 -0.196867 0.009387 9.998950e-01
1.100000 16.322291 1.632229 1.956087 9.836847e-01
1.400000 0.971522 0.388609 0.017301 9.996339e-01
1.700000 0.964694 0.675286 0.021649 9.994187e-01
2.000000 0.957580 0.957580 0.026275 9.991313e-01
2.300000 0.950211 1.235274 0.031159 9.987598e-01
2.600000 0.942646 1.508233 0.036248 9.982952e-01
2.900000 0.934969 1.776441 0.041463 9.977339e-01
3.200000 0.927281 2.040017 0.046704 9.970789e-01
3.500000 0.919685 2.299213 0.051867 9.963404e-01
3.800000 0.912277 2.554376 0.056859 9.955340e-01
4.100000 0.905134 2.805916 0.061605 9.946787e-01
4.400000 0.898311 3.054257 0.066058 9.937940e-01
4.700000 0.891841 3.299812 0.070191 9.928975e-01
5.000000 0.885740 3.542958 0.073998 9.920042e-01
5.300000 0.880007 3.784030 0.077487 9.911257e-01
5.600000 0.874634 4.023316 0.080675 9.902703e-01
5.900000 0.869605 4.261063 0.083583 9.894437e-01
6.200000 0.864899 4.497477 0.086237 9.886494e-01
6.500000 0.860497 4.732735 0.088659 9.878891e-01
6.800000 0.856376 4.966983 0.090872 9.871635e-01
7.100000 0.852516 5.200347 0.092899 9.864723e-01
7.400000 0.848896 5.432932 0.094757 9.858147e-01
7.700000 0.845497 5.664829 0.096466 9.851897e-01
8.000000 0.842302 5.896115 0.098038 9.845958e-01
8.300000 0.839296 6.126858 0.099490 9.840316e-01
8.600000 0.836462 6.357114 0.100832 9.834957e-01
8.900000 0.833789 6.586936 0.102074 9.829866e-01
9.200000 0.831264 6.816367 0.103227 9.825028e-01
9.500000 0.828876 7.045447 0.104299 9.820430e-01
9.800000 0.826615 7.274209 0.105296 9.816058e-01
10.100000 0.824471 7.502685 0.106226 9.811900e-01
10.400000 0.822436 7.730901 0.107094 9.807945e-01
10.700000 0.820503 7.958883 0.107905 9.804181e-01
11.000000 0.818665 8.186651 0.108663 9.800598e-01
11.300000 0.816915 8.414225 0.109374 9.797185e-01
11.600000 0.815247 8.641622 0.110040 9.793934e-01
11.900000 0.813657 8.868858 0.110666 9.790836e-01
12.200000 0.812138 9.095947 0.111253 9.787883e-01
12.500000 0.810687 9.322902 0.111805 9.785066e-01
12.800000 0.809300 9.549734 0.112325 9.782380e-01
13.100000 0.807971 9.776454 0.112814 9.779816e-01
13.400000 0.806699 10.003070 0.113274 9.777368e-01
13.700000 0.805480 10.229592 0.113709 9.775032e-01
14.000000 0.804310 10.456027 0.114119 9.772799e-01
14.300000 0.803187 10.682382 0.114505 9.770667e-01
14.600000 0.802108 10.908663 0.114871 9.768628e-01
14.900000 0.801070 11.134876 0.115216 9.766679e-01
15.200000 0.800072 11.361027 0.115542 9.764815e-01
15.500000 0.799112 11.587119 0.115850 9.763032e-01
15.800000 0.798186 11.813159 0.116142 9.761326e-01
16.100000 0.797295 12.039149 0.116419 9.759692e-01
16.400000 0.796435 12.265093 0.116680 9.758128e-01
16.700000 0.795605 12.490994 0.116928 9.756630e-01
17.000000 0.794804 12.716857 0.117163 9.755194e-01
17.300000 0.794030 12.942682 0.117386 9.753819e-01
17.600000 0.793282 13.168474 0.117597 9.752499e-01
17.900000 0.792558 13.394234 0.117797 9.751234e-01
18.200000 0.791858 13.619964 0.117987 9.750021e-01
18.500000 0.791181 13.845666 0.118167 9.748856e-01
18.800000 0.790525 14.071343 0.118339 9.747739e-01
19.100000 0.789889 14.296996 0.118501 9.746666e-01
19.400000 0.789273 14.522627 0.118656 9.745635e-01
19.700000 0.788676 14.748236 0.118803 9.744645e-01
20.000000 0.788096 14.973826 0.118942 9.743693e-01
20.300000 0.787534 15.199397 0.119075 9.742778e-01
20.600000 0.786987 15.424950 0.119201 9.741899e-01
20.900000 0.786457 15.650488 0.119321 9.741053e-01
21.200000 0.785941 15.876010 0.119435 9.740239e-01
21.500000 0.785440 16.101517 0.119543 9.739455e-01
21.800000 0.784952 16.327011 0.119646 9.738701e-01
22.100000 0.784478 16.552492 0.119744 9.737975e-01
22.400000 0.784017 16.777960 0.119838 9.737276e-01
22.700000 0.783568 17.003418 0.119927 9.736602e-01
23.000000 0.783130 17.228864 0.120012 9.735953e-01
23.300000 0.782704 17.454300 0.120092 9.735327e-01
23.600000 0.782289 17.679727 0.120169 9.734723e-01
23.900000 0.781884 17.905144 0.120242 9.734141e-01
24.200000 0.781489 18.130552 0.120312 9.733579e-01
24.500000 0.781104 18.355952 0.120378 9.733037e-01
24.800000 0.780729 18.581344 0.120442 9.732514e-01
