-25.000000 1.928091 -50.130379 0.568290 9.088225e-01
-24.700000 1.927277 -49.531011 0.568028 9.088289e-01
-24.400000 1.926443 -48.931645 0.567759 9.088355e-01
-24.100000 1.925589 -48.332280 0.567484 9.088425e-01
-23.800000 1.924714 -47.732916 0.567201 9.088497e-01
-23.500000 1.923819 -47.133555 0.566911 9.088574e-01
-23.200000 1.922901 -46.534194 0.566613 9.088653e-01
-22.900000 1.921960 -45.934835 0.566307 9.088737e-01
-22.600000 1.920995 -45.335478 0.565993 9.088824e-01
-22.300000 1.920005 -44.736122 0.565670 9.088916e-01
-22.000000 1.918990 -44.136768 0.565338 9.089012e-01
-21.700000 1.917948 -43.537415 0.564997 9.089113e-01
-21.400000 1.916878 -42.938064 0.564646 9.089219e-01
-21.100000 1.915779 -42.338715 0.564284 9.089330e-01
-20.800000 1.914650 -41.739367 0.563911 9.089447e-01
-20.500000 1.913489 -41.140022 0.563528 9.089570e-01
-20.200000 1.912296 -40.540677 0.563132 9.089700e-01
-19.900000 1.911069 -39.941335 0.562724 9.089836e-01
-19.600000 1.909806 -39.341995 0.562304 9.089980e-01
-19.300000 1.908505 -38.742656 0.561869 9.090132e-01
-19.000000 1.907166 -38.143320 0.561421 9.090292e-01
-18.700000 1.905786 -37.543985 0.560957 9.090461e-01
-18.400000 1.904364 -36.944652 0.560478 9.090640e-01
-18.100000 1.902896 -36.345322 0.559982 9.090829e-01
-17.800000 1.901383 -35.745993 0.559469 9.091029e-01
-17.500000 1.899820 -35.146667 0.558937 9.091241e-01
-17.200000 1.898206 -34.547343 0.558386 9.091465e-01
-16.900000 1.896537 -33.948021 0.557815 9.091704e-01
-16.600000 1.894813 -33.348701 0.557222 9.091957e-01
-16.300000 1.893028 -32.749384 0.556607 9.092227e-01
-16.000000 1.891181 -32.150069 0.555967 9.092514e-01
-15.700000 1.889267 -31.550756 0.555301 9.092819e-01
-15.400000 1.887283 -30.951447 0.554609 9.093145e-01
-15.100000 1.885226 -30.352139 0.553887 9.093494e-01
-14.800000 1.883091 -29.752835 0.553135 9.093866e-01
-14.500000 1.880873 -29.153533 0.552350 9.094264e-01
-14.200000 1.878568 -28.554234 0.551530 9.094691e-01
-13.900000 1.876170 -27.954938 0.550673 9.095149e-01
-13.600000 1.873674 -27.355644 0.549776 9.095641e-01
-13.300000 1.871074 -26.756354 0.548836 9.096170e-01
-13.000000 1.868362 -26.157067 0.547851 9.096739e-01
-12.700000 1.865532 -25.557783 0.546816 9.097354e-01
-12.400000 1.862575 -24.958502 0.545729 9.098018e-01
-12.100000 1.859483 -24.359224 0.544585 9.098736e-01
-11.800000 1.856246 -23.759950 0.543379 9.099514e-01
-11.500000 1.852854 -23.160680 0.542106 9.100359e-01
-11.200000 1.849296 -22.561413 0.540762 9.101277e-01
-10.900000 1.845559 -21.962150 0.539339 9.102277e-01
-10.600000 1.841628 -21.362891 0.537831 9.103368e-01
-10.300000 1.837490 -20.763636 0.536230 9.104561e-01
-10.000000 1.833126 -20.164386 0.534528 9.105868e-01
-9.700000 1.828518 -19.565141 0.532714 9.107302e-01
-9.400000 1.823644 -18.965901 0.530779 9.108880e-01
-9.100000 1.818482 -18.366668 0.528709 9.110620e-01
-8.800000 1.813004 -17.767442 0.526490 9.112543e-01
-8.500000 1.807182 -17.168224 0.524108 9.114675e-01
-8.200000 1.800980 -16.569017 0.521542 9.117043e-01
-7.900000 1.794362 -15.969821 0.518773 9.119682e-01
-7.600000 1.787284 -15.370641 0.515777 9.122633e-01
-7.300000 1.779696 -14.771479 0.512525 9.125942e-01
-7.000000 1.771542 -14.172340 0.508985 9.129665e-01
-6.700000 1.762757 -13.573229 0.505120 9.133870e-01
-6.400000 1.753264 -12.974156 0.500884 9.138639e-01
-6.100000 1.742976 -12.375129 0.496225 9.144069e-01
-5.800000 1.731789 -11.776163 0.491081 9.150282e-01
-5.500000 1.719581 -11.177275 0.485376 9.157424e-01
-5.200000 1.706208 -10.578487 0.479020 9.165680e-01
-4.900000 1.691497 -9.979833 0.471903 9.175278e-01
-4.600000 1.675242 -9.381354 0.463891 9.186511e-01
-4.300000 1.657190 -8.783110 0.454816 9.199749e-01
-4.000000 1.637037 -8.185183 0.444469 9.215471e-01
-3.700000 1.614403 -7.587693 0.432589 9.234305e-01
-3.400000 1.588823 -6.990819 0.418840 9.257077e-01
-3.100000 1.559716 -6.394835 0.402794 9.284886e-01
-2.800000 1.526363 -5.800179 0.383899 9.319196e-01
-2.500000 1.487885 -5.207597 0.361453 9.361947e-01
-2.200000 1.443256 -4.618419 0.334572 9.415658e-01
-1.900000 1.391425 -4.035134 0.302173 9.483485e-01
-1.600000 1.331684 -3.462379 0.262946 9.569147e-01
-1.300000 1.264371 -2.908054 0.215351 9.675840e-01
-1.000000 1.191751 -2.383502 0.158566 9.799653e-01
-0.700000 1.119476 -1.903110 0.096944 9.914140e-01
-0.400000 1.057260 -1.480164 0.043397 9.980581e-01
-0.100000 1.010928 -1.112020 0.007003 9.999446e-01
0.200000 0.977458 -0.781966 0.015768 9.996996e-01
0.500000 0.952207 -0.476104 0.030335 9.988293e-01
0.800000 0.932304 -0.186461 0.040082 9.978700e-01
1.100000 14.862531 1.486253 1.126063 9.934144e-01
1.400000 0.902802 0.361121 0.051498 9.962564e-01
1.700000 0.891270 0.623889 0.054809 9.956517e-01
2.000000 0.881200 0.881200 0.057235 9.951517e-01
2.300000 0.872248 1.133922 0.059078 9.947301e-01
2.600000 0.864178 1.382685 0.060542 9.943639e-01
2.900000 0.856827 1.627971 0.061760 9.940357e-01
3.200000 0.850077 1.870170 0.062820 9.937328e-01
3.500000 0.843844 2.109610 0.063776 9.934467e-01
3.800000 0.838063 2.346576 0.064663 9.931718e-01
4.100000 0.832684 2.581320 0.065500 9.929049e-01
4.400000 0.827666 2.814066 0.066300 9.926442e-01
4.700000 0.822977 3.045016 0.067067 9.923889e-01
5.000000 0.818588 3.274352 0.067804 9.921389e-01
5.300000 0.814474 3.502238 0.068513 9.918945e-01
5.600000 0.810613 3.728822 0.069193 9.916559e-01
5.900000 0.806987 3.954234 0.069843 9.914237e-01
6.200000 0.803576 4.178596 0.070464 9.911982e-01
6.500000 0.800366 4.402012 0.071056 9.909798e-01
6.800000 0.797341 4.624580 0.071618 9.907688e-01
7.100000 0.794489 4.846384 0.072152 9.905654e-01
7.400000 0.791797 5.067501 0.072656 9.903696e-01
7.700000 0.789253 5.287998 0.073134 9.901816e-01
8.000000 0.786848 5.507937 0.073584 9.900012e-01
8.300000 0.784571 5.727372 0.074009 9.898283e-01
8.600000 0.782414 5.946350 0.074410 9.896629e-01
8.900000 0.780369 6.164915 0.074787 9.895047e-01
9.200000 0.778427 6.383105 0.075142 9.893536e-01
9.500000 0.776583 6.600955 0.075475 9.892093e-01
9.800000 0.774829 6.818494 0.075789 9.890716e-01
10.100000 0.773159 7.035749 0.076084 9.889402e-01
10.400000 0.771569 7.252746 0.076362 9.888149e-01
10.700000 0.770052 7.469504 0.076622 9.886954e-01
11.000000 0.768604 7.686045 0.076867 9.885814e-01
11.300000 0.767222 7.902384 0.077097 9.884727e-01
11.600000 0.765900 8.118538 0.077314 9.883691e-01
11.900000 0.764635 8.334520 0.077517 9.882703e-01
12.200000 0.763423 8.550343 0.077708 9.881760e-01
12.500000 0.762262 8.766018 0.077888 9.880862e-01
12.800000 0.761149 8.981556 0.078057 9.880004e-01
13.100000 0.760080 9.196965 0.078216 9.879186e-01
13.400000 0.759053 9.412254 0.078365 9.878405e-01
13.700000 0.758065 9.627431 0.078506 9.877659e-01
14.000000 0.757116 9.842502 0.078638 9.876947e-01
14.300000 0.756201 10.057474 0.078763 9.876268e-01
14.600000 0.755320 10.272352 0.078880 9.875618e-01
14.900000 0.754471 10.487141 0.078990 9.874997e-01
15.200000 0.753651 10.701847 0.079094 9.874404e-01
15.500000 0.752860 10.916474 0.079191 9.873836e-01
15.800000 0.752096 11.131026 0.079283 9.873294e-01
16.100000 0.751358 11.345507 0.079369 9.872775e-01
16.400000 0.750644 11.559920 0.079451 9.872278e-01
16.700000 0.749953 11.774269 0.079527 9.871802e-01
17.000000 0.749285 11.988557 0.079599 9.871346e-01
17.300000 0.748637 12.202785 0.079667 9.870910e-01
17.600000 0.748010 12.416958 0.079730 9.870492e-01
17.900000 0.747401 12.631078 0.079790 9.870091e-01
18.200000 0.746811 12.845146 0.079847 9.869707e-01
18.500000 0.746238 13.059165 0.079900 9.869339e-01
18.800000 0.745682 13.273137 0.079949 9.868986e-01
19.100000 0.745142 13.487065 0.079996 9.868647e-01
19.400000 0.744617 13.700949 0.080040 9.868321e-01
19.700000 0.744106 13.914791 0.080081 9.868009e-01
20.000000 0.743610 14.128594 0.080120 9.867709e-01
20.300000 0.743127 14.342359 0.080156 9.867421e-01
20.600000 0.742657 14.556086 0.080190 9.867145e-01
20.900000 0.742200 14.769779 0.080222 9.866879e-01
21.200000 0.741754 14.983437 0.080252 9.866623e-01
21.500000 0.741320 15.197062 0.080279 9.866378e-01
21.800000 0.740897 15.410656 0.080305 9.866141e-01
22.100000 0.740484 15.624219 0.080330 9.865914e-01
22.400000 0.740082 15.837753 0.080352 9.865696e-01
22.700000 0.739689 16.051259 0.080373 9.865485e-01
23.000000 0.739306 16.264737 0.080393 9.865283e-01
23.300000 0.738932 16.478189 0.080411 9.865088e-01
23.600000 0.738567 16.691615 0.080428 9.864901e-01
23.900000 0.738210 16.905017 0.080444 9.864720e-01
24.200000 0.737862 17.118395 0.080458 9.864546e-01
24.500000 0.737521 17.331750 0.080471 9.864378e-01
24.800000 0.737188 17.545083 0.080484 9.864217e-01
