-25.000000 1.536057 -39.937478 0.257627 9.685365e-01
-24.700000 1.535358 -39.458711 0.257489 9.685413e-01
-24.400000 1.534643 -38.979945 0.257348 9.685463e-01
-24.100000 1.533912 -38.501181 0.257202 9.685517e-01
-23.800000 1.533162 -38.022419 0.257052 9.685575e-01
-23.500000 1.532394 -37.543659 0.256898 9.685636e-01
-23.200000 1.531608 -37.064902 0.256739 9.685700e-01
-22.900000 1.530801 -36.586147 0.256575 9.685769e-01
-22.600000 1.529974 -36.107394 0.256406 9.685842e-01
-22.300000 1.529126 -35.628645 0.256231 9.685919e-01
-22.000000 1.528256 -35.149898 0.256051 9.686000e-01
-21.700000 1.527364 -34.671155 0.255865 9.686087e-01
-21.400000 1.526447 -34.192415 0.255673 9.686178e-01
-21.100000 1.525506 -33.713680 0.255475 9.686275e-01
-20.800000 1.524539 -33.234948 0.255269 9.686378e-01
-20.500000 1.523545 -32.756221 0.255057 9.686487e-01
-20.200000 1.522524 -32.277498 0.254838 9.686602e-01
-19.900000 1.521473 -31.798781 0.254611 9.686723e-01
-19.600000 1.520392 -31.320069 0.254376 9.686852e-01
-19.300000 1.519279 -30.841363 0.254133 9.686988e-01
-19.000000 1.518133 -30.362663 0.253881 9.687133e-01
-18.700000 1.516953 -29.883970 0.253620 9.687286e-01
-18.400000 1.515736 -29.405284 0.253349 9.687447e-01
-18.100000 1.514482 -28.926606 0.253067 9.687618e-01
-17.800000 1.513188 -28.447936 0.252775 9.687800e-01
-17.500000 1.511853 -27.969275 0.252472 9.687992e-01
-17.200000 1.510474 -27.490623 0.252157 9.688195e-01
-16.900000 1.509049 -27.011981 0.251829 9.688410e-01
-16.600000 1.507577 -26.533350 0.251489 9.688638e-01
-16.300000 1.506054 -26.054731 0.251134 9.688880e-01
-16.000000 1.504478 -25.576124 0.250764 9.689137e-01
-15.700000 1.502846 -25.097530 0.250379 9.689410e-01
-15.400000 1.501156 -24.618951 0.249977 9.689699e-01
-15.100000 1.499403 -24.140387 0.249558 9.690006e-01
-14.800000 1.497585 -23.661839 0.249120 9.690332e-01
-14.500000 1.495697 -23.183309 0.248662 9.690679e-01
-14.200000 1.493737 -22.704798 0.248183 9.691049e-01
-13.900000 1.491699 -22.226308 0.247681 9.691442e-01
-13.600000 1.489578 -21.747840 0.247155 9.691862e-01
-13.300000 1.487370 -21.269396 0.246604 9.692309e-01
-13.000000 1.485070 -20.790978 0.246025 9.692788e-01
-12.700000 1.482671 -20.312588 0.245417 9.693299e-01
-12.400000 1.480166 -19.834229 0.244777 9.693846e-01
-12.100000 1.477550 -19.355903 0.244103 9.694432e-01
-11.800000 1.474814 -18.877613 0.243391 9.695062e-01
-11.500000 1.471949 -18.399363 0.242641 9.695739e-01
-11.200000 1.468947 -17.921157 0.241847 9.696467e-01
-10.900000 1.465798 -17.442998 0.241006 9.697253e-01
-10.600000 1.462491 -16.964893 0.240114 9.698102e-01
-10.300000 1.459013 -16.486846 0.239167 9.699021e-01
-10.000000 1.455351 -16.008863 0.238159 9.700018e-01
-9.700000 1.451491 -15.530952 0.237084 9.701102e-01
-9.400000 1.447416 -15.053122 0.235936 9.702284e-01
-9.100000 1.443107 -14.575381 0.234707 9.703576e-01
-8.800000 1.438545 -14.097741 0.233389 9.704992e-01
-8.500000 1.433707 -13.620215 0.231971 9.706549e-01
-8.200000 1.428567 -13.142818 0.230442 9.708266e-01
-7.900000 1.423097 -12.665567 0.228788 9.710166e-01
-7.600000 1.417266 -12.188483 0.226995 9.712276e-01
-7.300000 1.411035 -11.711591 0.225044 9.714628e-01
-7.000000 1.404365 -11.234920 0.222914 9.717262e-01
-6.700000 1.397209 -10.758506 0.220581 9.720222e-01
-6.400000 1.389512 -10.282390 0.218014 9.723564e-01
-6.100000 1.381215 -9.806625 0.215179 9.727355e-01
-5.800000 1.372246 -9.331275 0.212034 9.731677e-01
-5.500000 1.362526 -8.856420 0.208528 9.736627e-01
-5.200000 1.351961 -8.382161 0.204599 9.742328e-01
-4.900000 1.340445 -7.908626 0.200175 9.748926e-01
-4.600000 1.327854 -7.435983 0.195161 9.756606e-01
-4.300000 1.314047 -6.964451 0.189447 9.765591e-01
-4.000000 1.298865 -6.494324 0.182889 9.776158e-01
-3.700000 1.282127 -6.025998 0.175313 9.788644e-01
-3.400000 1.263641 -5.560020 0.166499 9.803448e-01
-3.100000 1.243207 -5.097147 0.156173 9.821019e-01
-2.800000 1.220644 -4.638447 0.144013 9.841793e-01
-2.500000 1.195839 -4.185436 0.129672 9.866029e-01
-2.200000 1.168843 -3.740297 0.112876 9.893448e-01
-1.900000 1.140053 -3.306154 0.093669 9.922643e-01
-1.600000 1.110479 -2.887246 0.072830 9.950572e-01
-1.300000 1.081882 -2.488329 0.052177 9.973211e-01
-1.000000 1.056297 -2.112593 0.034037 9.988024e-01
-0.700000 1.034953 -1.759420 0.019835 9.995760e-01
-0.400000 1.017784 -1.424897 0.009459 9.999003e-01
-0.100000 1.003996 -1.104395 0.001999 9.999954e-01
0.200000 0.992747 -0.794198 0.003429 9.999862e-01
0.500000 0.983398 -0.491699 0.007433 9.999340e-01
0.800000 0.975480 -0.195096 0.010386 9.998691e-01
1.100000 16.091011 1.609101 1.911613 9.839625e-01
1.400000 0.962994 0.385198 0.014227 9.997480e-01
1.700000 0.957865 0.670505 0.015347 9.997036e-01
2.000000 0.953322 0.953322 0.016108 9.996704e-01
2.300000 0.949249 1.234024 0.016587 9.996475e-01
2.600000 0.945559 1.512894 0.016846 9.996336e-01
2.900000 0.942180 1.790142 0.016935 9.996270e-01
3.200000 0.939060 2.065932 0.016891 9.996265e-01
3.500000 0.936156 2.340391 0.016746 9.996306e-01
3.800000 0.933435 2.613619 0.016526 9.996382e-01
4.100000 0.930871 2.885699 0.016250 9.996482e-01
4.400000 0.928442 3.156701 0.015935 9.996599e-01
4.700000 0.926131 3.426686 0.015596 9.996726e-01
5.000000 0.923927 3.695706 0.015244 9.996857e-01
5.300000 0.921817 3.963811 0.014890 9.996988e-01
5.600000 0.919793 4.231047 0.014541 9.997115e-01
5.900000 0.917848 4.497456 0.014204 9.997235e-01
6.200000 0.915977 4.763078 0.013885 9.997347e-01
6.500000 0.914173 5.027954 0.013588 9.997449e-01
6.800000 0.912435 5.292121 0.013316 9.997541e-01
7.100000 0.910757 5.555616 0.013072 9.997622e-01
7.400000 0.909137 5.818474 0.012856 9.997691e-01
7.700000 0.907572 6.080731 0.012670 9.997750e-01
8.000000 0.906060 6.342418 0.012512 9.997798e-01
8.300000 0.904598 6.603568 0.012382 9.997837e-01
8.600000 0.903186 6.864212 0.012279 9.997866e-01
8.900000 0.901820 7.124378 0.012201 9.997886e-01
9.200000 0.900499 7.384095 0.012146 9.997899e-01
9.500000 0.899222 7.643389 0.012112 9.997905e-01
9.800000 0.897987 7.902286 0.012097 9.997905e-01
10.100000 0.896792 8.160810 0.012099 9.997898e-01
10.400000 0.895636 8.418983 0.012116 9.997887e-01
10.700000 0.894518 8.676826 0.012145 9.997872e-01
11.000000 0.893436 8.934360 0.012186 9.997852e-01
11.300000 0.892389 9.191603 0.012235 9.997830e-01
11.600000 0.891375 9.448574 0.012293 9.997804e-01
11.900000 0.890393 9.705289 0.012357 9.997776e-01
12.200000 0.889443 9.961762 0.012426 9.997746e-01
12.500000 0.888523 10.218010 0.012500 9.997715e-01
12.800000 0.887631 10.474046 0.012576 9.997682e-01
13.100000 0.886767 10.729881 0.012656 9.997648e-01
13.400000 0.885930 10.985529 0.012736 9.997614e-01
13.700000 0.885118 11.240999 0.012818 9.997579e-01
14.000000 0.884331 11.496303 0.012901 9.997543e-01
14.300000 0.883568 11.751450 0.012983 9.997507e-01
14.600000 0.882827 12.006449 0.013066 9.997471e-01
14.900000 0.882109 12.261309 0.013147 9.997435e-01
15.200000 0.881411 12.516036 0.013229 9.997399e-01
15.500000 0.880734 12.770639 0.013309 9.997364e-01
15.800000 0.880076 13.025124 0.013387 9.997328e-01
16.100000 0.879437 13.279498 0.013465 9.997293e-01
16.400000 0.878816 13.533766 0.013541 9.997259e-01
16.700000 0.878212 13.787934 0.013616 9.997225e-01
17.000000 0.877625 14.042007 0.013689 9.997191e-01
17.300000 0.877055 14.295991 0.013760 9.997158e-01
17.600000 0.876499 14.549889 0.013830 9.997126e-01
17.900000 0.875959 14.803705 0.013898 9.997094e-01
18.200000 0.875433 15.057445 0.013965 9.997062e-01
18.500000 0.874921 15.311111 0.014030 9.997031e-01
18.800000 0.874422 15.564707 0.014093 9.997001e-01
19.100000 0.873936 15.818237 0.014155 9.996971e-01
19.400000 0.873462 16.071702 0.014215 9.996942e-01
19.700000 0.873000 16.325108 0.014273 9.996914e-01
20.000000 0.872550 16.578455 0.014330 9.996886e-01
20.300000 0.872111 16.831747 0.014386 9.996859e-01
20.600000 0.871683 17.084985 0.014440 9.996832e-01
20.900000 0.871265 17.338174 0.014492 9.996806e-01
21.200000 0.870857 17.591313 0.014544 9.996780e-01
21.500000 0.870459 17.844407 0.014593 9.996755e-01
21.800000 0.870070 18.097455 0.014642 9.996731e-01
22.100000 0.869690 18.350461 0.014689 9.996707e-01
22.400000 0.869319 18.603426 0.014735 9.996683e-01
22.700000 0.868956 18.856351 0.014780 9.996660e-01
23.000000 0.868602 19.109239 0.014824 9.996638e-01
23.300000 0.868255 19.362090 0.014866 9.996616e-01
23.600000 0.867916 19.614907 0.014908 9.996594e-01
23.900000 0.867585 19.867689 0.014948 9.996573e-01
24.200000 0.867260 20.120440 0.014988 9.996552e-01
24.500000 0.866943 20.373159 0.015026 9.996532e-01
24.800000 0.866632 20.625848 0.015063 9.996512e-01
