1.450243 0.383750 9.251883e-01 0.618295 0.336560 7.450548e-01
1.263577 0.217170 9.670122e-01 0.833038 0.144483 9.664266e-01
1.125374 0.096024 9.916622e-01 0.952473 0.039224 9.980453e-01
1.057139 0.039387 9.983995e-01 0.991367 0.006581 9.999491e-01
1.026192 0.016190 9.997126e-01 0.999667 0.000231 9.999999e-01
1.009735 0.005401 9.999670e-01 0.999052 0.000598 9.999996e-01
0.998808 0.000932 9.999990e-01 0.995313 0.002740 9.999912e-01
0.990353 0.005337 9.999665e-01 0.989861 0.005579 9.999633e-01
0.983287 0.008763 9.999083e-01 0.983176 0.008816 9.999072e-01
0.977153 0.011577 9.998379e-01 0.975529 0.012321 9.998158e-01
0.971710 0.013977 9.997611e-01 0.967106 0.016031 9.996828e-01
0.966800 0.016084 9.996805e-01 0.958035 0.019925 9.995007e-01
0.962313 0.017982 9.995969e-01 0.948398 0.024002 9.992609e-01
0.958167 0.019727 9.995107e-01 0.938248 0.028278 9.989521e-01
0.954299 0.021358 9.994219e-01 0.927617 0.032772 9.985607e-01
0.950663 0.022903 9.993302e-01 0.916531 0.037501 9.980704e-01
0.947222 0.024380 9.992355e-01 0.905009 0.042477 9.974624e-01
0.943951 0.025801 9.991379e-01 0.893074 0.047707 9.967154e-01
0.940830 0.027174 9.990376e-01 0.880749 0.053187 9.958062e-01
0.937844 0.028501 9.989346e-01 0.868062 0.058906 9.947102e-01
0.934982 0.029785 9.988294e-01 0.855046 0.064846 9.934016e-01
0.932238 0.031025 9.987226e-01 0.841738 0.070983 9.918544e-01
0.929605 0.032221 9.986145e-01 0.828179 0.077287 9.900427e-01
0.927078 0.033372 9.985058e-01 0.814413 0.083726 9.879417e-01
0.924656 0.034476 9.983972e-01 0.800486 0.090266 9.855280e-01
0.922335 0.035531 9.982891e-01 0.786447 0.096871 9.827801e-01
0.920113 0.036537 9.981823e-01 0.772342 0.103507 9.796796e-01
0.917989 0.037494 9.980772e-01 0.758219 0.110141 9.762108e-01
0.915960 0.038399 9.979745e-01 0.744122 0.116741 9.723619e-01
0.914025 0.039255 9.978745e-01 0.730095 0.123276 9.681249e-01
0.912182 0.040060 9.977776e-01 0.716178 0.129719 9.634961e-01
0.910427 0.040815 9.976843e-01 0.702406 0.136045 9.584764e-01
0.908759 0.041523 9.975948e-01 0.688815 0.142232 9.530711e-01
0.907175 0.042182 9.975093e-01 0.675431 0.148259 9.472903e-01
0.905672 0.042796 9.974280e-01 0.662281 0.154110 9.411484e-01
0.904247 0.043366 9.973509e-01 0.649386 0.159768 9.346640e-01
0.902897 0.043893 9.972782e-01 0.636764 0.165221 9.278595e-01
0.901618 0.044379 9.972099e-01 0.624427 0.170458 9.207607e-01
0.900408 0.044826 9.971459e-01 0.612386 0.175470 9.133962e-01
0.899263 0.045237 9.970862e-01 0.600649 0.180251 9.057966e-01
0.898179 0.045612 9.970306e-01 0.589220 0.184795 8.979940e-01
0.897154 0.045954 9.969792e-01 0.578100 0.189101 8.900213e-01
0.896184 0.046265 9.969316e-01 0.567288 0.193167 8.819114e-01
0.895267 0.046547 9.968879e-01 0.556781 0.196992 8.736968e-01
0.894398 0.046802 9.968478e-01 0.546576 0.200579 8.654089e-01
0.893575 0.047031 9.968111e-01 0.536665 0.203930 8.570774e-01
0.892796 0.047236 9.967777e-01 0.527043 0.207050 8.487304e-01
0.892058 0.047419 9.967474e-01 0.517700 0.209942 8.403933e-01
0.891357 0.047582 9.967200e-01 0.508628 0.212614 8.320895e-01
0.890692 0.047726 9.966953e-01 0.499818 0.215071 8.238394e-01
0.890060 0.047852 9.966731e-01 0.491259 0.217321 8.156613e-01
0.889460 0.047962 9.966533e-01 0.482942 0.219371 8.075703e-01
0.888888 0.048058 9.966357e-01 0.474856 0.221228 7.995794e-01
0.888344 0.048140 9.966201e-01 0.466992 0.222902 7.916990e-01
0.887825 0.048209 9.966064e-01 0.459340 0.224399 7.839373e-01
0.887330 0.048268 9.965945e-01 0.451889 0.225729 7.763004e-01
0.886857 0.048316 9.965841e-01 0.444631 0.226900 7.687923e-01
0.886405 0.048355 9.965751e-01 0.437556 0.227920 7.614157e-01
0.885972 0.048385 9.965675e-01 0.430656 0.228796 7.541714e-01
0.885558 0.048407 9.965611e-01 0.423921 0.229538 7.470589e-01
0.885160 0.048423 9.965558e-01 0.417344 0.230153 7.400768e-01
0.884779 0.048432 9.965516e-01 0.410918 0.230648 7.332225e-01
0.884413 0.048436 9.965482e-01 0.404634 0.231030 7.264926e-01
0.884060 0.048434 9.965457e-01 0.398487 0.231308 7.198832e-01
0.883721 0.048428 9.965439e-01 0.392469 0.231486 7.133897e-01
0.883395 0.048418 9.965428e-01 0.386575 0.231573 7.070071e-01
0.883080 0.048405 9.965422e-01 0.380799 0.231574 7.007302e-01
