-25.000000 1.680920 -43.703907 0.475222 9.154956e-01
-24.700000 1.680125 -43.179208 0.474962 9.155069e-01
-24.400000 1.679311 -42.654505 0.474696 9.155187e-01
-24.100000 1.678478 -42.129798 0.474423 9.155310e-01
-23.800000 1.677624 -41.605086 0.474142 9.155439e-01
-23.500000 1.676750 -41.080370 0.473854 9.155573e-01
-23.200000 1.675853 -40.555650 0.473557 9.155713e-01
-22.900000 1.674934 -40.030926 0.473253 9.155860e-01
-22.600000 1.673991 -39.506197 0.472940 9.156013e-01
-22.300000 1.673024 -38.981465 0.472617 9.156174e-01
-22.000000 1.672032 -38.456727 0.472285 9.156342e-01
-21.700000 1.671013 -37.931986 0.471944 9.156518e-01
-21.400000 1.669966 -37.407240 0.471592 9.156703e-01
-21.100000 1.668891 -36.882490 0.471229 9.156897e-01
-20.800000 1.667786 -36.357736 0.470855 9.157100e-01
-20.500000 1.666650 -35.832978 0.470469 9.157314e-01
-20.200000 1.665482 -35.308217 0.470071 9.157539e-01
-19.900000 1.664280 -34.783451 0.469659 9.157776e-01
-19.600000 1.663043 -34.258682 0.469234 9.158026e-01
-19.300000 1.661769 -33.733909 0.468795 9.158289e-01
-19.000000 1.660457 -33.209133 0.468340 9.158566e-01
-18.700000 1.659104 -32.684355 0.467870 9.158859e-01
-18.400000 1.657710 -32.159573 0.467383 9.159169e-01
-18.100000 1.656272 -31.634790 0.466878 9.159496e-01
-17.800000 1.654787 -31.110004 0.466355 9.159843e-01
-17.500000 1.653255 -30.585217 0.465812 9.160210e-01
-17.200000 1.651672 -30.060430 0.465248 9.160599e-01
-16.900000 1.650036 -29.535641 0.464662 9.161013e-01
-16.600000 1.648344 -29.010853 0.464053 9.161452e-01
-16.300000 1.646593 -28.486067 0.463419 9.161920e-01
-16.000000 1.644781 -27.961282 0.462759 9.162417e-01
-15.700000 1.642904 -27.436499 0.462071 9.162948e-01
-15.400000 1.640959 -26.911721 0.461353 9.163514e-01
-15.100000 1.638941 -26.386947 0.460604 9.164119e-01
-14.800000 1.636847 -25.862180 0.459822 9.164765e-01
-14.500000 1.634672 -25.337420 0.459003 9.165458e-01
-14.200000 1.632412 -24.812669 0.458146 9.166201e-01
-13.900000 1.630062 -24.287929 0.457248 9.166998e-01
-13.600000 1.627617 -23.763202 0.456305 9.167855e-01
-13.300000 1.625069 -23.238491 0.455316 9.168777e-01
-13.000000 1.622414 -22.713796 0.454275 9.169772e-01
-12.700000 1.619644 -22.189122 0.453180 9.170845e-01
-12.400000 1.616752 -21.664472 0.452025 9.172005e-01
-12.100000 1.613729 -21.139849 0.450807 9.173261e-01
-11.800000 1.610567 -20.615256 0.449519 9.174623e-01
-11.500000 1.607256 -20.090699 0.448157 9.176103e-01
-11.200000 1.603785 -19.566182 0.446713 9.177713e-01
-10.900000 1.600144 -19.041711 0.445180 9.179469e-01
-10.600000 1.596318 -18.517292 0.443550 9.181386e-01
-10.300000 1.592295 -17.992933 0.441814 9.183485e-01
-10.000000 1.588058 -17.468642 0.439961 9.185788e-01
-9.700000 1.583592 -16.944430 0.437981 9.188321e-01
-9.400000 1.578876 -16.420306 0.435859 9.191113e-01
-9.100000 1.573890 -15.896284 0.433580 9.194198e-01
-8.800000 1.568610 -15.372379 0.431127 9.197619e-01
-8.500000 1.563011 -14.848608 0.428481 9.201422e-01
-8.200000 1.557064 -14.324990 0.425617 9.205663e-01
-7.900000 1.550736 -13.801548 0.422510 9.210410e-01
-7.600000 1.543989 -13.278309 0.419128 9.215741e-01
-7.300000 1.536783 -12.755302 0.415435 9.221751e-01
-7.000000 1.529070 -12.232564 0.411388 9.228554e-01
-6.700000 1.520796 -11.710132 0.406936 9.236284e-01
-6.400000 1.511899 -11.188053 0.402020 9.245105e-01
-6.100000 1.502306 -10.666375 0.396569 9.255212e-01
-5.800000 1.491934 -10.145154 0.390500 9.266841e-01
-5.500000 1.480685 -9.624451 0.383710 9.280275e-01
-5.200000 1.468440 -9.104330 0.376080 9.295855e-01
-4.900000 1.455061 -8.584861 0.367466 9.313989e-01
-4.600000 1.440378 -8.066115 0.357691 9.335171e-01
-4.300000 1.424182 -7.548165 0.346544 9.359993e-01
-4.000000 1.406217 -7.031085 0.333763 9.389166e-01
-3.700000 1.386159 -6.514949 0.319026 9.423546e-01
-3.400000 1.363600 -5.999839 0.301930 9.464150e-01
-3.100000 1.338014 -5.485857 0.281964 9.512169e-01
-2.800000 1.308729 -4.973170 0.258482 9.568927e-01
-2.500000 1.274902 -4.462158 0.230683 9.635680e-01
-2.200000 1.235572 -3.953831 0.197653 9.712956e-01
-1.900000 1.190030 -3.451088 0.158723 9.798695e-01
-1.600000 1.139186 -2.961883 0.114736 9.884209e-01
-1.300000 1.088527 -2.503611 0.070835 9.951335e-01
-1.000000 1.048308 -2.096615 0.036581 9.985958e-01
-0.700000 1.023668 -1.740235 0.016601 9.996964e-01
-0.400000 1.010159 -1.414223 0.006589 9.999509e-01
-0.100000 1.002078 -1.102286 0.001264 9.999982e-01
0.200000 0.996381 -0.797105 0.002095 9.999949e-01
0.500000 0.991819 -0.495909 0.004561 9.999756e-01
0.800000 0.987894 -0.197579 0.006550 9.999492e-01
1.100000 16.464182 1.646418 2.066864 9.821255e-01
1.400000 0.981215 0.392486 0.009718 9.998867e-01
1.700000 0.978286 0.684800 0.011041 9.998529e-01
2.000000 0.975565 0.975565 0.012244 9.998181e-01
2.300000 0.973017 1.264923 0.013352 9.997826e-01
2.600000 0.970617 1.552987 0.014386 9.997464e-01
2.900000 0.968342 1.839851 0.015358 9.997096e-01
3.200000 0.966177 2.125590 0.016282 9.996722e-01
3.500000 0.964107 2.410268 0.017164 9.996341e-01
3.800000 0.962121 2.693940 0.018012 9.995954e-01
4.100000 0.960211 2.976653 0.018829 9.995561e-01
4.400000 0.958368 3.258451 0.019621 9.995162e-01
4.700000 0.956587 3.539372 0.020390 9.994756e-01
5.000000 0.954863 3.819452 0.021136 9.994345e-01
5.300000 0.953192 4.098726 0.021863 9.993928e-01
5.600000 0.951571 4.377226 0.022571 9.993507e-01
5.900000 0.949997 4.654983 0.023260 9.993082e-01
6.200000 0.948467 4.932029 0.023931 9.992654e-01
6.500000 0.946981 5.208394 0.024584 9.992223e-01
6.800000 0.945536 5.484107 0.025219 9.991791e-01
7.100000 0.944131 5.759197 0.025837 9.991359e-01
7.400000 0.942764 6.033693 0.026437 9.990927e-01
7.700000 0.941436 6.307622 0.027020 9.990496e-01
8.000000 0.940144 6.581011 0.027586 9.990067e-01
8.300000 0.938889 6.853887 0.028135 9.989641e-01
8.600000 0.937668 7.126275 0.028666 9.989218e-01
8.900000 0.936481 7.398200 0.029181 9.988799e-01
9.200000 0.935328 7.669686 0.029679 9.988386e-01
9.500000 0.934207 7.940755 0.030161 9.987977e-01
9.800000 0.933117 8.211431 0.030627 9.987574e-01
10.100000 0.932059 8.481733 0.031077 9.987178e-01
10.400000 0.931030 8.751682 0.031512 9.986788e-01
10.700000 0.930031 9.021297 0.031931 9.986405e-01
11.000000 0.929060 9.290595 0.032336 9.986030e-01
11.300000 0.928116 9.559595 0.032727 9.985662e-01
11.600000 0.927199 9.828311 0.033103 9.985301e-01
11.900000 0.926308 10.096760 0.033466 9.984949e-01
12.200000 0.925442 10.364955 0.033816 9.984604e-01
12.500000 0.924601 10.632909 0.034154 9.984267e-01
12.800000 0.923783 10.900636 0.034479 9.983938e-01
13.100000 0.922987 11.168148 0.034792 9.983617e-01
13.400000 0.922214 11.435454 0.035094 9.983304e-01
13.700000 0.921462 11.702566 0.035385 9.982999e-01
14.000000 0.920730 11.969493 0.035665 9.982702e-01
14.300000 0.920018 12.236245 0.035935 9.982412e-01
14.600000 0.919326 12.502829 0.036195 9.982131e-01
14.900000 0.918651 12.769254 0.036446 9.981856e-01
15.200000 0.917995 13.035526 0.036687 9.981589e-01
15.500000 0.917355 13.301654 0.036920 9.981329e-01
15.800000 0.916733 13.567643 0.037144 9.981077e-01
16.100000 0.916126 13.833499 0.037360 9.980831e-01
16.400000 0.915534 14.099228 0.037569 9.980592e-01
16.700000 0.914958 14.364835 0.037770 9.980359e-01
17.000000 0.914395 14.630326 0.037964 9.980133e-01
17.300000 0.913847 14.895704 0.038151 9.979913e-01
17.600000 0.913312 15.160975 0.038331 9.979700e-01
17.900000 0.912789 15.426142 0.038505 9.979492e-01
18.200000 0.912280 15.691209 0.038673 9.979290e-01
18.500000 0.911782 15.956180 0.038835 9.979094e-01
18.800000 0.911295 16.221058 0.038991 9.978903e-01
19.100000 0.910820 16.485846 0.039143 9.978717e-01
19.400000 0.910356 16.750549 0.039289 9.978536e-01
19.700000 0.909902 17.015167 0.039430 9.978361e-01
20.000000 0.909458 17.279705 0.039566 9.978190e-01
20.300000 0.909024 17.544165 0.039698 9.978024e-01
20.600000 0.908599 17.808549 0.039825 9.977862e-01
20.900000 0.908184 18.072859 0.039948 9.977705e-01
21.200000 0.907777 18.337099 0.040068 9.977552e-01
21.500000 0.907379 18.601269 0.040183 9.977403e-01
21.800000 0.906989 18.865373 0.040295 9.977258e-01
22.100000 0.906607 19.129412 0.040403 9.977117e-01
22.400000 0.906233 19.393388 0.040507 9.976980e-01
22.700000 0.905866 19.657302 0.040609 9.976846e-01
23.000000 0.905507 19.921157 0.040707 9.976716e-01
23.300000 0.905155 20.184954 0.040802 9.976589e-01
23.600000 0.904810 20.448695 0.040894 9.976465e-01
23.900000 0.904471 20.712382 0.040984 9.976345e-01
24.200000 0.904139 20.976014 0.041070 9.976227e-01
24.500000 0.903813 21.239596 0.041154 9.976113e-01
24.800000 0.903493 21.503126 0.041236 9.976001e-01
