1.490721 0.480950 8.926919e-01 0.785127 0.219795 9.170046e-01
1.207963 0.159729 9.802073e-01 0.944633 0.040413 9.978908e-01
1.080872 0.028213 9.992138e-01 0.979341 0.013117 9.997929e-01
1.022095 0.005800 9.999628e-01 0.977165 0.013479 9.997803e-01
0.979289 0.011096 9.998518e-01 0.962333 0.017332 9.996256e-01
0.938971 0.026633 9.990717e-01 0.936125 0.027847 9.989791e-01
0.897633 0.047308 9.968025e-01 0.896812 0.047612 9.967556e-01
0.854521 0.071692 9.919369e-01 0.842880 0.078197 9.901581e-01
0.810384 0.098137 9.833461e-01 0.774461 0.119275 9.733384e-01
0.767075 0.124346 9.705469e-01 0.694389 0.167782 9.368354e-01
0.726868 0.147902 9.543669e-01 0.608049 0.218373 8.703581e-01
0.691605 0.167113 9.368326e-01 0.521793 0.265379 7.699902e-01
