-25.000000 2.159756 -56.153658 0.489913 9.439102e-01
-24.700000 2.158744 -55.479731 0.489681 9.439107e-01
-24.400000 2.157709 -54.805801 0.489444 9.439113e-01
-24.100000 2.156648 -54.131868 0.489200 9.439119e-01
-23.800000 2.155562 -53.457933 0.488951 9.439125e-01
-23.500000 2.154449 -52.783995 0.488695 9.439132e-01
-23.200000 2.153308 -52.110055 0.488433 9.439139e-01
-22.900000 2.152139 -51.436112 0.488165 9.439146e-01
-22.600000 2.150939 -50.762165 0.487889 9.439154e-01
-22.300000 2.149709 -50.088216 0.487606 9.439163e-01
-22.000000 2.148446 -49.414264 0.487316 9.439171e-01
-21.700000 2.147150 -48.740308 0.487018 9.439180e-01
-21.400000 2.145819 -48.066349 0.486711 9.439190e-01
-21.100000 2.144452 -47.392386 0.486396 9.439200e-01
-20.800000 2.143047 -46.718420 0.486073 9.439211e-01
-20.500000 2.141602 -46.044450 0.485740 9.439223e-01
-20.200000 2.140117 -45.370476 0.485397 9.439235e-01
-19.900000 2.138588 -44.696498 0.485045 9.439248e-01
-19.600000 2.137015 -44.022516 0.484682 9.439261e-01
-19.300000 2.135396 -43.348529 0.484308 9.439275e-01
-19.000000 2.133727 -42.674538 0.483923 9.439290e-01
-18.700000 2.132007 -42.000543 0.483525 9.439306e-01
-18.400000 2.130234 -41.326542 0.483115 9.439323e-01
-18.100000 2.128405 -40.652537 0.482692 9.439341e-01
-17.800000 2.126517 -39.978526 0.482256 9.439360e-01
-17.500000 2.124568 -39.304510 0.481804 9.439381e-01
-17.200000 2.122554 -38.630488 0.481338 9.439402e-01
-16.900000 2.120473 -37.956460 0.480856 9.439425e-01
-16.600000 2.118320 -37.282426 0.480356 9.439449e-01
-16.300000 2.116092 -36.608386 0.479839 9.439475e-01
-16.000000 2.113785 -35.934340 0.479304 9.439502e-01
-15.700000 2.111394 -35.260286 0.478749 9.439531e-01
-15.400000 2.108916 -34.586226 0.478173 9.439562e-01
-15.100000 2.106345 -33.912158 0.477575 9.439595e-01
-14.800000 2.103676 -33.238082 0.476954 9.439630e-01
-14.500000 2.100903 -32.563998 0.476308 9.439668e-01
-14.200000 2.098020 -31.889905 0.475637 9.439708e-01
-13.900000 2.095020 -31.215804 0.474937 9.439751e-01
-13.600000 2.091897 -30.541694 0.474209 9.439797e-01
-13.300000 2.088641 -29.867573 0.473448 9.439847e-01
-13.000000 2.085246 -29.193442 0.472655 9.439900e-01
-12.700000 2.081701 -28.519300 0.471826 9.439957e-01
-12.400000 2.077996 -27.845147 0.470958 9.440019e-01
-12.100000 2.074121 -27.170981 0.470050 9.440086e-01
-11.800000 2.070063 -26.496802 0.469099 9.440159e-01
-11.500000 2.065809 -25.822609 0.468100 9.440237e-01
-11.200000 2.061344 -25.148401 0.467050 9.440323e-01
-10.900000 2.056654 -24.474177 0.465946 9.440416e-01
-10.600000 2.051719 -23.799936 0.464783 9.440519e-01
-10.300000 2.046520 -23.125675 0.463556 9.440631e-01
-10.000000 2.041036 -22.451394 0.462260 9.440756e-01
-9.700000 2.035242 -21.777091 0.460887 9.440893e-01
-9.400000 2.029112 -21.102763 0.459433 9.441046e-01
-9.100000 2.022615 -20.428408 0.457888 9.441216e-01
-8.800000 2.015717 -19.754023 0.456243 9.441408e-01
-8.500000 2.008379 -19.079604 0.454489 9.441624e-01
-8.200000 2.000560 -18.405148 0.452614 9.441869e-01
-7.900000 1.992208 -17.730650 0.450605 9.442149e-01
-7.600000 1.983268 -17.056105 0.448446 9.442470e-01
-7.300000 1.973676 -16.381507 0.446119 9.442842e-01
-7.000000 1.963356 -15.706848 0.443604 9.443276e-01
-6.700000 1.952223 -15.032121 0.440875 9.443784e-01
-6.400000 1.940178 -14.357314 0.437904 9.444385e-01
-6.100000 1.927101 -13.682419 0.434656 9.445101e-01
-5.800000 1.912856 -13.007420 0.431089 9.445961e-01
-5.500000 1.897278 -12.332305 0.427153 9.447001e-01
-5.200000 1.880170 -11.657055 0.422788 9.448269e-01
-4.900000 1.861297 -10.981654 0.417917 9.449829e-01
-4.600000 1.840372 -10.306082 0.412450 9.451764e-01
-4.300000 1.817041 -9.630318 0.406269 9.454185e-01
-4.000000 1.790869 -8.954344 0.399229 9.457243e-01
-3.700000 1.761307 -8.278145 0.391142 9.461152e-01
-3.400000 1.727663 -7.601717 0.381761 9.466214e-01
-3.100000 1.689044 -6.925082 0.370757 9.472887e-01
-2.800000 1.644296 -6.248326 0.357670 9.481889e-01
-2.500000 1.591912 -5.571692 0.341834 9.494426e-01
-2.200000 1.529958 -4.895865 0.322236 9.512678e-01
-1.900000 1.456139 -4.222803 0.297217 9.540952e-01
-1.600000 1.368524 -3.558162 0.263782 9.588600e-01
-1.300000 1.268191 -2.916838 0.216346 9.674840e-01
-1.000000 1.164136 -2.328271 0.148594 9.815319e-01
-0.700000 1.075666 -1.828632 0.070272 9.950955e-01
-0.400000 1.019870 -1.427818 0.020472 9.995349e-01
-0.100000 0.988571 -1.087428 0.011917 9.998322e-01
0.200000 0.965932 -0.772746 0.016769 9.996521e-01
0.500000 0.945377 -0.472688 0.023973 9.992579e-01
0.800000 0.924744 -0.184949 0.032748 9.985538e-01
1.100000 14.620424 1.462042 1.137680 9.930559e-01
1.400000 0.883622 0.353449 0.055484 9.954674e-01
1.700000 0.861701 0.603191 0.068029 9.928537e-01
2.000000 0.839760 0.839760 0.081002 9.893694e-01
2.300000 0.818267 1.063747 0.093773 9.850599e-01
2.600000 0.797737 1.276379 0.105784 9.800972e-01
2.900000 0.778577 1.479297 0.116644 9.747341e-01
3.200000 0.761029 1.674264 0.126166 9.692365e-01
3.500000 0.745173 1.862932 0.134329 9.638298e-01
3.800000 0.730970 2.046716 0.141221 9.586767e-01
4.100000 0.718310 2.226762 0.146980 9.538777e-01
4.400000 0.707049 2.403965 0.151763 9.494823e-01
4.700000 0.697029 2.579008 0.155718 9.455040e-01
5.000000 0.688102 2.752407 0.158982 9.419324e-01
5.300000 0.680128 2.924550 0.161671 9.387429e-01
5.600000 0.672984 3.095728 0.163887 9.359038e-01
5.900000 0.666564 3.266161 0.165710 9.333807e-01
6.200000 0.660772 3.436015 0.167212 9.311394e-01
6.500000 0.655530 3.605417 0.168448 9.291474e-01
6.800000 0.650770 3.774463 0.169465 9.273749e-01
7.100000 0.646431 3.943229 0.170302 9.257949e-01
7.400000 0.642465 4.111773 0.170989 9.243836e-01
7.700000 0.638827 4.280141 0.171553 9.231200e-01
8.000000 0.635481 4.448368 0.172015 9.219856e-01
8.300000 0.632395 4.616482 0.172391 9.209645e-01
8.600000 0.629540 4.784507 0.172697 9.200429e-01
8.900000 0.626894 4.952460 0.172945 9.192085e-01
9.200000 0.624433 5.120354 0.173143 9.184511e-01
9.500000 0.622141 5.288202 0.173300 9.177616e-01
9.800000 0.620001 5.456013 0.173423 9.171321e-01
10.100000 0.617999 5.623794 0.173518 9.165559e-01
10.400000 0.616122 5.791550 0.173588 9.160271e-01
10.700000 0.614360 5.959288 0.173639 9.155404e-01
11.000000 0.612701 6.127009 0.173672 9.150914e-01
11.300000 0.611138 6.294718 0.173691 9.146762e-01
11.600000 0.609662 6.462417 0.173699 9.142914e-01
11.900000 0.608267 6.630108 0.173696 9.139338e-01
12.200000 0.606946 6.797793 0.173686 9.136010e-01
12.500000 0.605693 6.965472 0.173668 9.132905e-01
12.800000 0.604504 7.133147 0.173644 9.130003e-01
13.100000 0.603373 7.300819 0.173616 9.127285e-01
13.400000 0.602297 7.468488 0.173583 9.124735e-01
13.700000 0.601272 7.636154 0.173548 9.122339e-01
14.000000 0.600294 7.803819 0.173509 9.120084e-01
14.300000 0.599360 7.971482 0.173469 9.117958e-01
14.600000 0.598466 8.139143 0.173426 9.115951e-01
14.900000 0.597612 8.306803 0.173382 9.114053e-01
15.200000 0.596793 8.474462 0.173337 9.112256e-01
15.500000 0.596008 8.642119 0.173292 9.110553e-01
15.800000 0.595255 8.809776 0.173245 9.108936e-01
16.100000 0.594532 8.977431 0.173199 9.107400e-01
16.400000 0.593837 9.145086 0.173151 9.105938e-01
16.700000 0.593168 9.312739 0.173104 9.104547e-01
17.000000 0.592524 9.480391 0.173057 9.103220e-01
17.300000 0.591904 9.648042 0.173010 9.101954e-01
17.600000 0.591307 9.815691 0.172963 9.100745e-01
17.900000 0.590730 9.983340 0.172916 9.099590e-01
18.200000 0.590174 10.150987 0.172870 9.098484e-01
18.500000 0.589636 10.318633 0.172824 9.097425e-01
18.800000 0.589117 10.486278 0.172779 9.096410e-01
19.100000 0.588614 10.653921 0.172733 9.095437e-01
19.400000 0.588128 10.821563 0.172689 9.094503e-01
19.700000 0.587658 10.989204 0.172644 9.093607e-01
20.000000 0.587202 11.156843 0.172601 9.092745e-01
20.300000 0.586761 11.324481 0.172558 9.091916e-01
20.600000 0.586332 11.492117 0.172515 9.091118e-01
20.900000 0.585917 11.659752 0.172473 9.090351e-01
21.200000 0.585514 11.827385 0.172431 9.089611e-01
21.500000 0.585123 11.995017 0.172390 9.088898e-01
21.800000 0.584743 12.162647 0.172350 9.088211e-01
22.100000 0.584373 12.330275 0.172310 9.087548e-01
22.400000 0.584014 12.497902 0.172270 9.086907e-01
22.700000 0.583665 12.665528 0.172231 9.086289e-01
23.000000 0.583325 12.833152 0.172193 9.085691e-01
23.300000 0.582994 13.000774 0.172155 9.085114e-01
23.600000 0.582672 13.168395 0.172118 9.084555e-01
23.900000 0.582359 13.336014 0.172081 9.084015e-01
24.200000 0.582053 13.503632 0.172045 9.083492e-01
24.500000 0.581755 13.671248 0.172009 9.082986e-01
24.800000 0.581465 13.838863 0.171974 9.082495e-01
