-25.000000 1.881591 -48.921361 0.424946 9.443730e-01
-24.700000 1.880711 -48.334265 0.424746 9.443735e-01
-24.400000 1.879810 -47.747167 0.424540 9.443739e-01
-24.100000 1.878887 -47.160067 0.424330 9.443745e-01
-23.800000 1.877942 -46.572965 0.424114 9.443751e-01
-23.500000 1.876974 -45.985862 0.423893 9.443757e-01
-23.200000 1.875982 -45.398757 0.423666 9.443764e-01
-22.900000 1.874964 -44.811650 0.423433 9.443772e-01
-22.600000 1.873921 -44.224541 0.423194 9.443780e-01
-22.300000 1.872851 -43.637430 0.422949 9.443789e-01
-22.000000 1.871753 -43.050317 0.422697 9.443799e-01
-21.700000 1.870626 -42.463201 0.422438 9.443810e-01
-21.400000 1.869468 -41.876083 0.422172 9.443822e-01
-21.100000 1.868279 -41.288963 0.421898 9.443834e-01
-20.800000 1.867057 -40.701840 0.421616 9.443849e-01
-20.500000 1.865801 -40.114714 0.421326 9.443864e-01
-20.200000 1.864509 -39.527586 0.421028 9.443881e-01
-19.900000 1.863180 -38.940455 0.420720 9.443900e-01
-19.600000 1.861812 -38.353321 0.420403 9.443920e-01
-19.300000 1.860403 -37.766184 0.420076 9.443943e-01
-19.000000 1.858952 -37.179044 0.419739 9.443967e-01
-18.700000 1.857457 -36.591902 0.419390 9.443994e-01
-18.400000 1.855915 -36.004756 0.419030 9.444024e-01
-18.100000 1.854325 -35.417606 0.418658 9.444056e-01
-17.800000 1.852684 -34.830454 0.418273 9.444092e-01
-17.500000 1.850989 -34.243298 0.417875 9.444132e-01
-17.200000 1.849238 -33.656139 0.417462 9.444176e-01
-16.900000 1.847429 -33.068977 0.417035 9.444224e-01
-16.600000 1.845557 -32.481811 0.416591 9.444277e-01
-16.300000 1.843621 -31.894643 0.416131 9.444335e-01
-16.000000 1.841616 -31.307471 0.415653 9.444400e-01
-15.700000 1.839539 -30.720296 0.415156 9.444471e-01
-15.400000 1.837385 -30.133118 0.414639 9.444550e-01
-15.100000 1.835151 -29.545938 0.414100 9.444638e-01
-14.800000 1.832833 -28.958755 0.413539 9.444735e-01
-14.500000 1.830424 -28.371571 0.412953 9.444842e-01
-14.200000 1.827920 -27.784384 0.412341 9.444961e-01
-13.900000 1.825315 -27.197196 0.411701 9.445094e-01
-13.600000 1.822603 -26.610008 0.411032 9.445241e-01
-13.300000 1.819778 -26.022819 0.410331 9.445404e-01
-13.000000 1.816831 -25.435631 0.409595 9.445587e-01
-12.700000 1.813755 -24.848445 0.408822 9.445790e-01
-12.400000 1.810542 -24.261262 0.408010 9.446016e-01
-12.100000 1.807182 -23.674083 0.407154 9.446270e-01
-11.800000 1.803665 -23.086910 0.406252 9.446552e-01
-11.500000 1.799979 -22.499744 0.405299 9.446869e-01
-11.200000 1.796114 -21.912587 0.404291 9.447224e-01
-10.900000 1.792054 -21.325442 0.403223 9.447622e-01
-10.600000 1.787786 -20.738312 0.402091 9.448069e-01
-10.300000 1.783292 -20.151200 0.400887 9.448572e-01
-10.000000 1.778555 -19.564109 0.399604 9.449138e-01
-9.700000 1.773556 -18.977045 0.398236 9.449777e-01
-9.400000 1.768270 -18.390012 0.396774 9.450499e-01
-9.100000 1.762675 -17.803016 0.395207 9.451316e-01
-8.800000 1.756741 -17.216065 0.393525 9.452243e-01
-8.500000 1.750439 -16.629167 0.391714 9.453295e-01
-8.200000 1.743732 -16.042332 0.389761 9.454493e-01
-7.900000 1.736581 -15.455570 0.387648 9.455860e-01
-7.600000 1.728942 -14.868897 0.385356 9.457423e-01
-7.300000 1.720762 -14.282328 0.382862 9.459216e-01
-7.000000 1.711985 -13.695882 0.380141 9.461279e-01
-6.700000 1.702543 -13.109582 0.377161 9.463658e-01
-6.400000 1.692359 -12.523456 0.373887 9.466413e-01
-6.100000 1.681343 -11.937539 0.370274 9.469616e-01
-5.800000 1.669393 -11.351869 0.366271 9.473356e-01
-5.500000 1.656385 -10.766500 0.361816 9.477744e-01
-5.200000 1.642176 -10.181492 0.356833 9.482921e-01
-4.900000 1.626598 -9.596928 0.351227 9.489066e-01
-4.600000 1.609448 -9.012910 0.344883 9.496415e-01
-4.300000 1.590486 -8.429578 0.337650 9.505276e-01
-4.000000 1.569424 -7.847118 0.329338 9.516066e-01
-3.700000 1.545913 -7.265791 0.319696 9.529356e-01
-3.400000 1.519538 -6.685966 0.308385 9.545947e-01
-3.100000 1.489798 -6.108171 0.294939 9.566980e-01
-2.800000 1.456095 -5.533160 0.278710 9.594069e-01
-2.500000 1.417713 -4.961995 0.258800 9.629425e-01
-2.200000 1.373807 -4.396182 0.234014 9.675779e-01
-1.900000 1.323452 -3.838011 0.202934 9.735648e-01
-1.600000 1.265984 -3.291560 0.164411 9.808949e-01
-1.300000 1.202253 -2.765182 0.119221 9.887712e-01
-1.000000 1.137156 -2.274313 0.073340 9.952194e-01
-0.700000 1.079303 -1.834816 0.036765 9.986618e-01
-0.400000 1.032562 -1.445587 0.012697 9.998254e-01
-0.100000 0.993153 -1.092469 0.006651 9.999482e-01
0.200000 0.955974 -0.764779 0.020445 9.994721e-01
0.500000 0.917856 -0.458928 0.035561 9.982695e-01
0.800000 0.877829 -0.175566 0.052292 9.959187e-01
1.100000 13.212389 1.321239 0.504631 9.983182e-01
1.400000 0.797762 0.319105 0.087434 9.863180e-01
1.700000 0.762102 0.533472 0.102691 9.794623e-01
2.000000 0.731297 0.731297 0.115226 9.721286e-01
2.300000 0.705372 0.916983 0.125096 9.649506e-01
2.600000 0.683738 1.093980 0.132745 9.582864e-01
2.900000 0.665632 1.264701 0.138679 9.522652e-01
3.200000 0.650348 1.430765 0.143330 9.468867e-01
3.500000 0.637306 1.593264 0.147025 9.420959e-01
3.800000 0.626055 1.752953 0.150004 9.378234e-01
4.100000 0.616251 1.910377 0.152435 9.340024e-01
4.400000 0.607631 2.065947 0.154441 9.305745e-01
4.700000 0.599995 2.219980 0.156109 9.274903e-01
5.000000 0.593183 2.372731 0.157506 9.247081e-01
5.300000 0.587071 2.524406 0.158682 9.221930e-01
5.600000 0.581559 2.675173 0.159674 9.199148e-01
5.900000 0.576566 2.825174 0.160513 9.178477e-01
6.200000 0.572024 2.974525 0.161224 9.159693e-01
6.500000 0.567877 3.123324 0.161827 9.142597e-01
6.800000 0.564078 3.271652 0.162336 9.127016e-01
7.100000 0.560586 3.419578 0.162767 9.112794e-01
7.400000 0.557369 3.567160 0.163131 9.099795e-01
7.700000 0.554395 3.714446 0.163436 9.087896e-01
8.000000 0.551640 3.861479 0.163691 9.076988e-01
8.300000 0.549081 4.008293 0.163904 9.066975e-01
8.600000 0.546700 4.154917 0.164080 9.057770e-01
8.900000 0.544478 4.301378 0.164223 9.049294e-01
9.200000 0.542402 4.447696 0.164339 9.041479e-01
9.500000 0.540458 4.593890 0.164431 9.034263e-01
9.800000 0.538634 4.739976 0.164502 9.027590e-01
10.100000 0.536920 4.885968 0.164555 9.021410e-01
10.400000 0.535306 5.031877 0.164592 9.015679e-01
10.700000 0.533785 5.177713 0.164616 9.010357e-01
11.000000 0.532349 5.323487 0.164628 9.005407e-01
11.300000 0.530991 5.469204 0.164631 9.000797e-01
11.600000 0.529705 5.614872 0.164624 8.996499e-01
11.900000 0.528486 5.760496 0.164610 8.992485e-01
12.200000 0.527329 5.906082 0.164590 8.988732e-01
12.500000 0.526229 6.051634 0.164564 8.985218e-01
12.800000 0.525183 6.197156 0.164533 8.981925e-01
13.100000 0.524186 6.342651 0.164498 8.978835e-01
13.400000 0.523236 6.488123 0.164460 8.975931e-01
13.700000 0.522329 6.633574 0.164419 8.973200e-01
14.000000 0.521462 6.779007 0.164375 8.970627e-01
14.300000 0.520633 6.924423 0.164329 8.968203e-01
14.600000 0.519840 7.069825 0.164281 8.965914e-01
14.900000 0.519080 7.215213 0.164232 8.963752e-01
15.200000 0.518351 7.360590 0.164182 8.961707e-01
15.500000 0.517652 7.505957 0.164131 8.959772e-01
15.800000 0.516981 7.651315 0.164080 8.957938e-01
16.100000 0.516335 7.796665 0.164028 8.956198e-01
16.400000 0.515715 7.942008 0.163975 8.954547e-01
16.700000 0.515117 8.087345 0.163922 8.952978e-01
17.000000 0.514542 8.232676 0.163870 8.951486e-01
17.300000 0.513988 8.378002 0.163817 8.950066e-01
17.600000 0.513453 8.523323 0.163764 8.948714e-01
17.900000 0.512937 8.668641 0.163712 8.947425e-01
18.200000 0.512439 8.813956 0.163659 8.946195e-01
18.500000 0.511958 8.959267 0.163608 8.945021e-01
18.800000 0.511493 9.104576 0.163556 8.943899e-01
19.100000 0.511043 9.249883 0.163505 8.942827e-01
19.400000 0.510608 9.395188 0.163454 8.941801e-01
19.700000 0.510187 9.540491 0.163404 8.940819e-01
20.000000 0.509779 9.685792 0.163355 8.939879e-01
20.300000 0.509383 9.831093 0.163305 8.938977e-01
20.600000 0.509000 9.976392 0.163257 8.938112e-01
20.900000 0.508628 10.121690 0.163209 8.937283e-01
21.200000 0.508267 10.266987 0.163161 8.936486e-01
21.500000 0.507916 10.412284 0.163115 8.935721e-01
21.800000 0.507576 10.557580 0.163068 8.934985e-01
22.100000 0.507245 10.702876 0.163023 8.934278e-01
22.400000 0.506924 10.848171 0.162978 8.933598e-01
22.700000 0.506611 10.993467 0.162933 8.932942e-01
23.000000 0.506307 11.138761 0.162889 8.932312e-01
23.300000 0.506011 11.284056 0.162846 8.931704e-01
23.600000 0.505723 11.429351 0.162803 8.931118e-01
23.900000 0.505443 11.574645 0.162761 8.930553e-01
24.200000 0.505170 11.719940 0.162719 8.930008e-01
24.500000 0.504904 11.865234 0.162678 8.929482e-01
24.800000 0.504644 12.010529 0.162638 8.928974e-01
