2.734107 0.678854 9.335373e-01 0.000000 0.000000 3.000000e+04
2.734107 0.678854 9.335373e-01 0.000000 0.000000 3.000000e+04
2.734107 0.678854 9.335373e-01 0.000000 0.000000 3.000000e+04
2.734107 0.678854 9.335373e-01 0.000000 0.000000 3.000000e+04
2.734107 0.678854 9.335373e-01 0.000000 0.000000 3.000000e+04
2.734107 0.678854 9.335373e-01 0.000000 0.000000 3.000000e+04
2.734107 0.678854 9.335373e-01 0.000000 0.000000 3.000000e+04
2.734107 0.678854 9.335373e-01 0.000000 0.000000 3.000000e+04
2.734107 0.678854 9.335373e-01 0.000000 0.000000 3.000000e+04
2.734107 0.678854 9.335373e-01 0.000000 0.000000 3.000000e+04
2.734107 0.678854 9.335373e-01 0.000000 0.000000 3.000000e+04
2.734107 0.678854 9.335373e-01 0.000000 0.000000 3.000000e+04
2.734107 0.678854 9.335373e-01 0.000000 0.000000 3.000000e+04
2.734107 0.678854 9.335373e-01 0.000000 0.000000 3.000000e+04
2.734107 0.678854 9.335373e-01 0.000000 0.000000 3.000000e+04
2.734107 0.678854 9.335373e-01 0.000000 0.000001 3.000000e+04
2.734107 0.678854 9.335373e-01 0.000001 0.000001 3.000000e+04
2.734107 0.678854 9.335373e-01 0.000001 0.000001 3.000000e+04
2.734107 0.678854 9.335373e-01 0.000001 0.000001 3.000000e+04
2.734107 0.678854 9.335373e-01 0.000001 0.000001 3.000000e+04
2.734107 0.678854 9.335372e-01 0.000001 0.000002 3.000000e+04
2.734107 0.678854 9.335372e-01 0.000001 0.000002 3.000000e+04
2.734107 0.678854 9.335372e-01 0.000002 0.000003 3.000000e+04
2.734107 0.678854 9.335372e-01 0.000002 0.000003 3.000000e+04
2.307200 0.820496 8.725611e-01 0.417590 0.230231 7.401718e-01
1.554086 0.640677 8.359321e-01 0.825652 0.128662 9.727217e-01
1.073022 0.179418 9.687221e-01 0.960813 0.009992 9.998751e-01
0.976080 0.027126 9.991089e-01 0.960094 0.008549 9.999084e-01
0.956720 0.010159 9.998698e-01 0.953933 0.008879 9.999000e-01
0.949931 0.008639 9.999045e-01 0.949647 0.008536 9.999067e-01
0.946103 0.008494 9.999069e-01 0.946048 0.008513 9.999065e-01
0.943213 0.010292 9.998625e-01 0.942449 0.010998 9.998428e-01
0.940680 0.012520 9.997955e-01 0.938528 0.014834 9.997116e-01
0.938313 0.014490 9.997247e-01 0.934152 0.018842 9.995304e-01
0.936047 0.016078 9.996594e-01 0.929282 0.022569 9.993193e-01
0.933860 0.017319 9.996030e-01 0.923927 0.025889 9.990941e-01
0.931746 0.018279 9.995557e-01 0.918115 0.028799 9.988650e-01
0.929703 0.019024 9.995167e-01 0.911886 0.031344 9.986374e-01
0.927731 0.019603 9.994847e-01 0.905281 0.033581 9.984135e-01
0.925829 0.020056 9.994583e-01 0.898340 0.035564 9.981934e-01
0.923996 0.020413 9.994367e-01 0.891101 0.037340 9.979764e-01
0.922231 0.020695 9.994188e-01 0.883601 0.038946 9.977615e-01
0.920532 0.020918 9.994040e-01 0.875874 0.040411 9.975477e-01
0.918898 0.021093 9.993918e-01 0.867950 0.041754 9.973345e-01
0.917326 0.021230 9.993818e-01 0.859858 0.042991 9.971215e-01
0.915816 0.021334 9.993737e-01 0.851625 0.044130 9.969087e-01
0.914363 0.021411 9.993672e-01 0.843276 0.045178 9.966962e-01
0.912967 0.021464 9.993621e-01 0.834832 0.046141 9.964847e-01
0.911626 0.021498 9.993582e-01 0.826314 0.047019 9.962747e-01
0.910336 0.021513 9.993555e-01 0.817741 0.047816 9.960670e-01
0.909097 0.021513 9.993537e-01 0.809131 0.048532 9.958624e-01
0.907906 0.021500 9.993528e-01 0.800498 0.049170 9.956618e-01
0.906762 0.021474 9.993527e-01 0.791857 0.049729 9.954661e-01
0.905661 0.021438 9.993533e-01 0.783220 0.050211 9.952761e-01
0.904603 0.021392 9.993546e-01 0.774598 0.050618 9.950926e-01
0.903586 0.021338 9.993564e-01 0.766002 0.050952 9.949163e-01
0.902607 0.021277 9.993587e-01 0.757440 0.051216 9.947477e-01
0.901666 0.021209 9.993614e-01 0.748920 0.051411 9.945873e-01
0.900760 0.021136 9.993646e-01 0.740449 0.051542 9.944353e-01
0.899887 0.021057 9.993681e-01 0.732033 0.051612 9.942920e-01
0.899048 0.020975 9.993718e-01 0.723676 0.051626 9.941572e-01
0.898238 0.020889 9.993758e-01 0.715384 0.051586 9.940308e-01
0.897459 0.020800 9.993801e-01 0.707159 0.051500 9.939124e-01
0.896707 0.020708 9.993845e-01 0.699005 0.051371 9.938014e-01
0.895982 0.020615 9.993890e-01 0.690925 0.051205 9.936971e-01
0.895283 0.020521 9.993937e-01 0.682920 0.051008 9.935987e-01
0.894609 0.020425 9.993984e-01 0.674993 0.050786 9.935051e-01
0.893957 0.020329 9.994032e-01 0.667145 0.050544 9.934150e-01
0.893328 0.020232 9.994080e-01 0.659376 0.050289 9.933274e-01
0.892720 0.020136 9.994128e-01 0.651688 0.050027 9.932406e-01
0.892133 0.020039 9.994177e-01 0.644081 0.049764 9.931531e-01
0.891565 0.019944 9.994225e-01 0.636556 0.049506 9.930634e-01
0.891016 0.019849 9.994272e-01 0.629113 0.049259 9.929698e-01
0.890484 0.019755 9.994320e-01 0.621752 0.049028 9.928704e-01
0.889970 0.019662 9.994367e-01 0.614473 0.048818 9.927634e-01
0.889472 0.019570 9.994413e-01 0.607276 0.048636 9.926470e-01
0.888989 0.019480 9.994458e-01 0.600160 0.048485 9.925193e-01
0.888522 0.019391 9.994503e-01 0.593126 0.048369 9.923783e-01
0.888069 0.019304 9.994546e-01 0.586174 0.048294 9.922222e-01
0.887630 0.019219 9.994589e-01 0.579302 0.048260 9.920488e-01
0.887204 0.019135 9.994631e-01 0.572511 0.048273 9.918564e-01
0.886791 0.019053 9.994672e-01 0.565799 0.048333 9.916430e-01
0.886390 0.018973 9.994711e-01 0.559168 0.048444 9.914066e-01
0.886001 0.018895 9.994750e-01 0.552616 0.048605 9.911454e-01
0.885624 0.018819 9.994788e-01 0.546142 0.048817 9.908574e-01
0.885257 0.018745 9.994825e-01 0.539747 0.049082 9.905408e-01
0.884901 0.018673 9.994860e-01 0.533430 0.049398 9.901938e-01
0.884556 0.018602 9.994895e-01 0.527190 0.049764 9.898145e-01
0.884220 0.018534 9.994929e-01 0.521026 0.050181 9.894012e-01
0.883893 0.018468 9.994961e-01 0.514940 0.050646 9.889521e-01
0.883576 0.018403 9.994993e-01 0.508929 0.051158 9.884655e-01
0.883268 0.018340 9.995023e-01 0.502993 0.051715 9.879396e-01
0.882968 0.018279 9.995053e-01 0.497133 0.052314 9.873730e-01
0.882676 0.018220 9.995082e-01 0.491346 0.052954 9.867639e-01
0.882393 0.018163 9.995109e-01 0.485634 0.053632 9.861107e-01
0.882117 0.018108 9.995136e-01 0.479995 0.054346 9.854119e-01
0.881849 0.018054 9.995162e-01 0.474429 0.055093 9.846660e-01
0.881588 0.018002 9.995187e-01 0.468935 0.055870 9.838714e-01
0.881334 0.017951 9.995211e-01 0.463512 0.056676 9.830268e-01
0.881087 0.017903 9.995234e-01 0.458161 0.057508 9.821306e-01
0.880846 0.017855 9.995257e-01 0.452881 0.058363 9.811816e-01
0.880612 0.017810 9.995279e-01 0.447670 0.059240 9.801784e-01
0.880384 0.017766 9.995300e-01 0.442529 0.060136 9.791196e-01
0.880162 0.017723 9.995320e-01 0.437457 0.061048 9.780041e-01
0.879946 0.017682 9.995339e-01 0.432454 0.061976 9.768304e-01
0.879735 0.017642 9.995358e-01 0.427518 0.062918 9.755976e-01
0.879530 0.017604 9.995376e-01 0.422649 0.063870 9.743043e-01
0.879331 0.017566 9.995393e-01 0.417846 0.064833 9.729496e-01
0.879136 0.017531 9.995410e-01 0.413110 0.065804 9.715323e-01
0.878947 0.017496 9.995426e-01 0.408439 0.066781 9.700515e-01
