1.565815 0.458374 9.099466e-01 0.708928 0.260869 8.647716e-01
1.380357 0.287656 9.522429e-01 0.865784 0.116239 9.796080e-01
1.213685 0.130773 9.867698e-01 0.959008 0.028612 9.989731e-01
1.111408 0.051250 9.975504e-01 0.985945 0.009336 9.998965e-01
1.045212 0.015128 9.997581e-01 0.983122 0.010429 9.998701e-01
0.988568 0.009648 9.998900e-01 0.963335 0.018169 9.995894e-01
0.928625 0.030596 9.987480e-01 0.924187 0.032068 9.986115e-01
0.858809 0.053807 9.954872e-01 0.857568 0.054218 9.954051e-01
0.777820 0.080544 9.877682e-01 0.756093 0.087952 9.846138e-01
0.691740 0.108847 9.722010e-01 0.622674 0.132766 9.501167e-01
0.612027 0.133141 9.481800e-01 0.475510 0.179319 8.589360e-01
