-25.000000 1.858842 -48.329885 0.432215 9.412325e-01
-24.700000 1.857997 -47.750534 0.432016 9.412334e-01
-24.400000 1.857133 -47.171181 0.431811 9.412343e-01
-24.100000 1.856248 -46.591826 0.431602 9.412352e-01
-23.800000 1.855341 -46.012467 0.431387 9.412363e-01
-23.500000 1.854413 -45.433107 0.431167 9.412373e-01
-23.200000 1.853460 -44.853743 0.430941 9.412385e-01
-22.900000 1.852484 -44.274378 0.430709 9.412396e-01
-22.600000 1.851483 -43.695009 0.430472 9.412409e-01
-22.300000 1.850457 -43.115637 0.430228 9.412422e-01
-22.000000 1.849403 -42.536263 0.429978 9.412436e-01
-21.700000 1.848321 -41.956886 0.429721 9.412450e-01
-21.400000 1.847210 -41.377507 0.429456 9.412466e-01
-21.100000 1.846069 -40.798124 0.429185 9.412482e-01
-20.800000 1.844896 -40.218739 0.428906 9.412499e-01
-20.500000 1.843691 -39.639350 0.428618 9.412516e-01
-20.200000 1.842451 -39.059959 0.428323 9.412535e-01
-19.900000 1.841175 -38.480564 0.428019 9.412555e-01
-19.600000 1.839862 -37.901167 0.427706 9.412575e-01
-19.300000 1.838511 -37.321766 0.427383 9.412597e-01
-19.000000 1.837118 -36.742363 0.427050 9.412620e-01
-18.700000 1.835683 -36.162956 0.426708 9.412644e-01
-18.400000 1.834203 -35.583546 0.426354 9.412670e-01
-18.100000 1.832677 -35.004133 0.425989 9.412696e-01
-17.800000 1.831102 -34.424717 0.425612 9.412725e-01
-17.500000 1.829476 -33.845297 0.425222 9.412755e-01
-17.200000 1.827795 -33.265875 0.424819 9.412786e-01
-16.900000 1.826059 -32.686449 0.424403 9.412820e-01
-16.600000 1.824262 -32.107020 0.423972 9.412855e-01
-16.300000 1.822404 -31.527587 0.423526 9.412893e-01
-16.000000 1.820480 -30.948152 0.423063 9.412932e-01
-15.700000 1.818486 -30.368713 0.422584 9.412975e-01
-15.400000 1.816419 -29.789271 0.422086 9.413019e-01
-15.100000 1.814275 -29.209826 0.421570 9.413067e-01
-14.800000 1.812049 -28.630378 0.421033 9.413118e-01
-14.500000 1.809737 -28.050927 0.420475 9.413173e-01
-14.200000 1.807334 -27.471473 0.419895 9.413231e-01
-13.900000 1.804833 -26.892017 0.419290 9.413293e-01
-13.600000 1.802230 -26.312558 0.418660 9.413360e-01
-13.300000 1.799517 -25.733098 0.418002 9.413433e-01
-13.000000 1.796688 -25.153635 0.417316 9.413510e-01
-12.700000 1.793735 -24.574171 0.416598 9.413595e-01
-12.400000 1.790650 -23.994706 0.415847 9.413686e-01
-12.100000 1.787423 -23.415241 0.415060 9.413785e-01
-11.800000 1.784045 -22.835776 0.414235 9.413894e-01
-11.500000 1.780505 -22.256312 0.413369 9.414013e-01
-11.200000 1.776791 -21.676851 0.412458 9.414143e-01
-10.900000 1.772890 -21.097393 0.411498 9.414287e-01
-10.600000 1.768788 -20.517940 0.410487 9.414447e-01
-10.300000 1.764469 -19.938494 0.409419 9.414624e-01
-10.000000 1.759914 -19.359058 0.408289 9.414822e-01
-9.700000 1.755106 -18.779633 0.407091 9.415044e-01
-9.400000 1.750022 -18.200224 0.405819 9.415294e-01
-9.100000 1.744637 -17.620835 0.404467 9.415578e-01
-8.800000 1.738925 -17.041469 0.403024 9.415901e-01
-8.500000 1.732856 -16.462134 0.401482 9.416271e-01
-8.200000 1.726395 -15.882837 0.399830 9.416697e-01
-7.900000 1.719504 -15.303586 0.398055 9.417192e-01
-7.600000 1.712139 -14.724393 0.396142 9.417768e-01
-7.300000 1.704249 -14.145271 0.394073 9.418446e-01
-7.000000 1.695780 -13.566236 0.391827 9.419247e-01
-6.700000 1.686664 -12.987310 0.389381 9.420202e-01
-6.400000 1.676827 -12.408518 0.386703 9.421348e-01
-6.100000 1.666182 -11.829890 0.383759 9.422736e-01
-5.800000 1.654627 -11.251466 0.380504 9.424432e-01
-5.500000 1.642046 -10.673296 0.376883 9.426521e-01
-5.200000 1.628297 -10.095442 0.372828 9.429120e-01
-4.900000 1.613217 -9.517982 0.368253 9.432386e-01
-4.600000 1.596611 -8.941019 0.363048 9.436535e-01
-4.300000 1.578243 -8.364685 0.357069 9.441865e-01
-4.000000 1.557831 -7.789157 0.350130 9.448790e-01
-3.700000 1.535037 -7.214675 0.341979 9.457898e-01
-3.400000 1.509449 -6.641575 0.332283 9.470024e-01
-3.100000 1.480572 -6.070344 0.320584 9.486371e-01
-2.800000 1.447818 -5.501709 0.306251 9.508672e-01
-2.500000 1.410510 -4.936785 0.288402 9.539433e-01
-2.200000 1.367906 -4.377299 0.265802 9.582178e-01
-1.900000 1.319268 -3.825878 0.236774 9.641356e-01
-1.600000 1.264029 -3.286477 0.199391 9.720669e-01
-1.300000 1.202390 -2.765496 0.152573 9.817448e-01
-1.000000 1.137372 -2.274743 0.099187 9.912938e-01
-0.700000 1.077667 -1.832034 0.050213 9.974991e-01
-0.400000 1.031773 -1.444482 0.017679 9.996611e-01
-0.100000 0.997351 -1.097086 0.005770 9.999614e-01
0.200000 0.967600 -0.774080 0.016228 9.996753e-01
0.500000 0.938101 -0.469051 0.027073 9.990391e-01
0.800000 0.906432 -0.181286 0.038019 9.979724e-01
1.100000 13.954583 1.395458 0.913250 9.950782e-01
1.400000 0.832138 0.332855 0.062461 9.935356e-01
1.700000 0.790404 0.553283 0.075943 9.894513e-01
2.000000 0.748544 0.748544 0.089110 9.838975e-01
2.300000 0.709309 0.922101 0.100713 9.772477e-01
2.600000 0.674517 1.079227 0.110039 9.701815e-01
2.900000 0.644766 1.225055 0.117059 9.633303e-01
3.200000 0.619807 1.363574 0.122123 9.570900e-01
3.500000 0.599008 1.497520 0.125670 9.516282e-01
3.800000 0.581660 1.628649 0.128096 9.469616e-01
4.100000 0.567114 1.758052 0.129710 9.430283e-01
4.400000 0.554824 1.886402 0.130744 9.397352e-01
4.700000 0.544353 2.014108 0.131364 9.369840e-01
5.000000 0.535355 2.141421 0.131692 9.346837e-01
5.300000 0.527558 2.268499 0.131812 9.327552e-01
5.600000 0.520747 2.395437 0.131785 9.311322e-01
5.900000 0.514754 2.522294 0.131657 9.297599e-01
6.200000 0.509444 2.649110 0.131459 9.285937e-01
6.500000 0.504710 2.775907 0.131213 9.275974e-01
6.800000 0.500465 2.902699 0.130937 9.267415e-01
7.100000 0.496639 3.029495 0.130642 9.260023e-01
7.400000 0.493172 3.156301 0.130336 9.253604e-01
7.700000 0.490018 3.283120 0.130027 9.248000e-01
8.000000 0.487136 3.409954 0.129719 9.243084e-01
8.300000 0.484493 3.536802 0.129415 9.238748e-01
8.600000 0.482061 3.663667 0.129116 9.234907e-01
8.900000 0.479816 3.790546 0.128826 9.231488e-01
9.200000 0.477737 3.917441 0.128543 9.228432e-01
9.500000 0.475806 4.044351 0.128270 9.225689e-01
9.800000 0.474008 4.171275 0.128007 9.223217e-01
10.100000 0.472331 4.298212 0.127753 9.220982e-01
10.400000 0.470762 4.425162 0.127508 9.218953e-01
10.700000 0.469291 4.552126 0.127272 9.217106e-01
11.000000 0.467910 4.679101 0.127046 9.215419e-01
11.300000 0.466610 4.806088 0.126829 9.213874e-01
11.600000 0.465385 4.933086 0.126620 9.212455e-01
11.900000 0.464229 5.060095 0.126419 9.211148e-01
12.200000 0.463135 5.187114 0.126225 9.209942e-01
12.500000 0.462099 5.314143 0.126039 9.208827e-01
12.800000 0.461117 5.441181 0.125861 9.207794e-01
13.100000 0.460184 5.568229 0.125689 9.206834e-01
13.400000 0.459297 5.695285 0.125523 9.205941e-01
13.700000 0.458453 5.822350 0.125364 9.205109e-01
14.000000 0.457648 5.949424 0.125210 9.204333e-01
14.300000 0.456880 6.076505 0.125062 9.203607e-01
14.600000 0.456147 6.203594 0.124919 9.202928e-01
14.900000 0.455445 6.330690 0.124781 9.202291e-01
15.200000 0.454774 6.457793 0.124648 9.201694e-01
15.500000 0.454131 6.584904 0.124519 9.201133e-01
15.800000 0.453515 6.712021 0.124395 9.200606e-01
16.100000 0.452923 6.839144 0.124274 9.200109e-01
16.400000 0.452355 6.966274 0.124158 9.199642e-01
16.700000 0.451810 7.093409 0.124045 9.199201e-01
17.000000 0.451284 7.220551 0.123936 9.198785e-01
17.300000 0.450779 7.347698 0.123830 9.198392e-01
17.600000 0.450292 7.474851 0.123728 9.198021e-01
17.900000 0.449823 7.602009 0.123628 9.197671e-01
18.200000 0.449370 7.729172 0.123531 9.197339e-01
18.500000 0.448934 7.856340 0.123438 9.197025e-01
18.800000 0.448512 7.983513 0.123346 9.196727e-01
19.100000 0.448104 8.110691 0.123258 9.196445e-01
19.400000 0.447710 8.237873 0.123172 9.196178e-01
19.700000 0.447329 8.365060 0.123088 9.195924e-01
20.000000 0.446961 8.492251 0.123007 9.195684e-01
20.300000 0.446603 8.619446 0.122927 9.195456e-01
20.600000 0.446257 8.746645 0.122850 9.195239e-01
20.900000 0.445922 8.873848 0.122775 9.195033e-01
21.200000 0.445597 9.001055 0.122701 9.194837e-01
21.500000 0.445281 9.128265 0.122630 9.194651e-01
21.800000 0.444975 9.255479 0.122560 9.194475e-01
22.100000 0.444678 9.382697 0.122492 9.194306e-01
22.400000 0.444389 9.509918 0.122426 9.194146e-01
22.700000 0.444108 9.637142 0.122361 9.193994e-01
23.000000 0.443835 9.764369 0.122298 9.193849e-01
23.300000 0.443569 9.891599 0.122236 9.193711e-01
23.600000 0.443311 10.018832 0.122176 9.193580e-01
23.900000 0.443060 10.146069 0.122117 9.193455e-01
24.200000 0.442815 10.273307 0.122059 9.193335e-01
24.500000 0.442577 10.400549 0.122003 9.193222e-01
24.800000 0.442344 10.527793 0.121948 9.193114e-01
