-25.000000 1.996995 -51.921873 0.581078 9.109314e-01
-24.700000 1.996062 -51.298803 0.580788 9.109364e-01
-24.400000 1.995108 -50.675732 0.580491 9.109418e-01
-24.100000 1.994130 -50.052661 0.580186 9.109475e-01
-23.800000 1.993129 -49.429589 0.579873 9.109535e-01
-23.500000 1.992103 -48.806516 0.579552 9.109600e-01
-23.200000 1.991051 -48.183442 0.579222 9.109669e-01
-22.900000 1.989973 -47.560366 0.578882 9.109742e-01
-22.600000 1.988868 -46.937290 0.578533 9.109819e-01
-22.300000 1.987734 -46.314212 0.578173 9.109902e-01
-22.000000 1.986571 -45.691133 0.577803 9.109991e-01
-21.700000 1.985377 -45.068052 0.577422 9.110085e-01
-21.400000 1.984150 -44.444970 0.577030 9.110186e-01
-21.100000 1.982891 -43.821886 0.576625 9.110293e-01
-20.800000 1.981596 -43.198799 0.576208 9.110408e-01
-20.500000 1.980266 -42.575710 0.575778 9.110531e-01
-20.200000 1.978897 -41.952619 0.575333 9.110662e-01
-19.900000 1.977489 -41.329525 0.574874 9.110802e-01
-19.600000 1.976040 -40.706428 0.574400 9.110952e-01
-19.300000 1.974548 -40.083328 0.573909 9.111112e-01
-19.000000 1.973011 -39.460224 0.573402 9.111284e-01
-18.700000 1.971427 -38.837117 0.572876 9.111469e-01
-18.400000 1.969794 -38.214005 0.572332 9.111666e-01
-18.100000 1.968109 -37.590889 0.571767 9.111878e-01
-17.800000 1.966371 -36.967769 0.571182 9.112106e-01
-17.500000 1.964575 -36.344643 0.570574 9.112350e-01
-17.200000 1.962720 -35.721512 0.569943 9.112613e-01
-16.900000 1.960803 -35.098374 0.569287 9.112895e-01
-16.600000 1.958820 -34.475231 0.568604 9.113199e-01
-16.300000 1.956768 -33.852081 0.567893 9.113526e-01
-16.000000 1.954643 -33.228923 0.567153 9.113878e-01
-15.700000 1.952441 -32.605758 0.566381 9.114258e-01
-15.400000 1.950158 -31.982585 0.565575 9.114668e-01
-15.100000 1.947789 -31.359403 0.564733 9.115111e-01
-14.800000 1.945330 -30.736212 0.563853 9.115589e-01
-14.500000 1.942775 -30.113011 0.562932 9.116105e-01
-14.200000 1.940118 -29.489799 0.561967 9.116664e-01
-13.900000 1.937354 -28.866578 0.560956 9.117270e-01
-13.600000 1.934476 -28.243344 0.559894 9.117925e-01
-13.300000 1.931475 -27.620100 0.558778 9.118636e-01
-13.000000 1.928346 -26.996843 0.557605 9.119408e-01
-12.700000 1.925078 -26.373573 0.556370 9.120246e-01
-12.400000 1.921663 -25.750291 0.555067 9.121157e-01
-12.100000 1.918091 -25.126995 0.553693 9.122149e-01
-11.800000 1.914350 -24.503686 0.552240 9.123229e-01
-11.500000 1.910429 -23.880364 0.550703 9.124407e-01
-11.200000 1.906314 -23.257029 0.549075 9.125693e-01
-10.900000 1.901990 -22.633681 0.547347 9.127098e-01
-10.600000 1.897441 -22.010320 0.545511 9.128635e-01
-10.300000 1.892650 -21.386949 0.543557 9.130320e-01
-10.000000 1.887597 -20.763567 0.541474 9.132169e-01
-9.700000 1.882260 -20.140177 0.539250 9.134201e-01
-9.400000 1.876614 -19.516782 0.536872 9.136438e-01
-9.100000 1.870632 -18.893383 0.534324 9.138905e-01
-8.800000 1.864284 -18.269984 0.531588 9.141631e-01
-8.500000 1.857536 -17.646591 0.528644 9.144650e-01
-8.200000 1.850349 -17.023209 0.525470 9.148001e-01
-7.900000 1.842679 -16.399846 0.522039 9.151731e-01
-7.600000 1.834478 -15.776509 0.518320 9.155894e-01
-7.300000 1.825688 -15.153210 0.514280 9.160554e-01
-7.000000 1.816245 -14.529962 0.509877 9.165788e-01
-6.700000 1.806075 -13.906781 0.505064 9.171687e-01
-6.400000 1.795093 -13.283685 0.499785 9.178360e-01
-6.100000 1.783197 -12.660698 0.493973 9.185940e-01
-5.800000 1.770272 -12.037848 0.487553 9.194584e-01
-5.500000 1.756180 -11.415170 0.480431 9.204486e-01
-5.200000 1.740759 -10.792704 0.472498 9.215877e-01
-4.900000 1.723814 -10.170503 0.463623 9.229042e-01
-4.600000 1.705113 -9.548634 0.453650 9.244324e-01
-4.300000 1.684375 -8.927185 0.442391 9.262146e-01
-4.000000 1.661254 -8.306272 0.429617 9.283024e-01
-3.700000 1.635332 -7.686061 0.415055 9.307594e-01
-3.400000 1.606088 -7.066789 0.398369 9.336642e-01
-3.100000 1.572881 -6.448814 0.379151 9.371146e-01
-2.800000 1.534919 -5.832693 0.356895 9.412332e-01
-2.500000 1.491234 -5.219319 0.330973 9.461744e-01
-2.200000 1.440682 -4.610183 0.300588 9.521338e-01
-1.900000 1.382023 -4.007868 0.264718 9.593522e-01
-1.600000 1.314252 -3.417055 0.222106 9.680702e-01
-1.300000 1.237672 -2.846645 0.171716 9.782537e-01
-1.000000 1.156794 -2.313588 0.114999 9.887158e-01
-0.700000 1.084261 -1.843244 0.060988 9.963595e-01
-0.400000 1.034367 -1.448114 0.023647 9.993968e-01
-0.100000 1.006271 -1.106898 0.004066 9.999811e-01
0.200000 0.990216 -0.792173 0.006053 9.999568e-01
0.500000 0.979763 -0.489881 0.012096 9.998240e-01
0.800000 0.972060 -0.194412 0.016236 9.996779e-01
1.100000 16.022264 1.602226 1.792283 9.857551e-01
1.400000 0.960893 0.384357 0.021934 9.993986e-01
1.700000 0.956432 0.669502 0.024020 9.992722e-01
2.000000 0.952478 0.952478 0.025808 9.991529e-01
2.300000 0.948913 1.233587 0.027370 9.990402e-01
2.600000 0.945659 1.513054 0.028756 9.989333e-01
2.900000 0.942661 1.791055 0.030003 9.988315e-01
3.200000 0.939878 2.067731 0.031134 9.987344e-01
3.500000 0.937279 2.343198 0.032170 9.986414e-01
3.800000 0.934841 2.617553 0.033125 9.985521e-01
4.100000 0.932543 2.890882 0.034010 9.984663e-01
4.400000 0.930369 3.163255 0.034834 9.983837e-01
4.700000 0.928307 3.434735 0.035605 9.983040e-01
5.000000 0.926345 3.705378 0.036329 9.982270e-01
5.300000 0.924473 3.975232 0.037011 9.981525e-01
5.600000 0.922683 4.244340 0.037655 9.980803e-01
5.900000 0.920968 4.512741 0.038265 9.980104e-01
6.200000 0.919321 4.780469 0.038844 9.979425e-01
6.500000 0.917737 5.047556 0.039395 9.978765e-01
6.800000 0.916212 5.314030 0.039921 9.978124e-01
7.100000 0.914740 5.579917 0.040423 9.977499e-01
7.400000 0.913319 5.845240 0.040903 9.976890e-01
7.700000 0.911944 6.110022 0.041364 9.976297e-01
8.000000 0.910612 6.374284 0.041807 9.975718e-01
8.300000 0.909321 6.638044 0.042232 9.975152e-01
8.600000 0.908069 6.901321 0.042642 9.974598e-01
8.900000 0.906852 7.164133 0.043038 9.974057e-01
9.200000 0.905670 7.426495 0.043420 9.973527e-01
9.500000 0.904521 7.688424 0.043789 9.973007e-01
9.800000 0.903402 7.949936 0.044147 9.972498e-01
10.100000 0.902313 8.211045 0.044493 9.971999e-01
10.400000 0.901252 8.471767 0.044829 9.971509e-01
10.700000 0.900218 8.732115 0.045154 9.971029e-01
11.000000 0.899210 8.992104 0.045471 9.970557e-01
11.300000 0.898228 9.251748 0.045778 9.970094e-01
11.600000 0.897270 9.511060 0.046076 9.969639e-01
11.900000 0.896335 9.770054 0.046367 9.969193e-01
12.200000 0.895423 10.028742 0.046649 9.968754e-01
12.500000 0.894534 10.287138 0.046923 9.968324e-01
12.800000 0.893666 10.545253 0.047191 9.967901e-01
13.100000 0.892818 10.803101 0.047450 9.967486e-01
13.400000 0.891991 11.060694 0.047703 9.967079e-01
13.700000 0.891184 11.318042 0.047949 9.966680e-01
14.000000 0.890397 11.575157 0.048189 9.966288e-01
14.300000 0.889628 11.832050 0.048421 9.965904e-01
14.600000 0.888877 12.088732 0.048648 9.965528e-01
14.900000 0.888145 12.345212 0.048868 9.965159e-01
15.200000 0.887430 12.601501 0.049082 9.964797e-01
15.500000 0.886732 12.857608 0.049290 9.964444e-01
15.800000 0.886050 13.113542 0.049493 9.964097e-01
16.100000 0.885385 13.369312 0.049689 9.963758e-01
16.400000 0.884735 13.624926 0.049881 9.963426e-01
16.700000 0.884101 13.880391 0.050066 9.963102e-01
17.000000 0.883482 14.135717 0.050246 9.962785e-01
17.300000 0.882878 14.390908 0.050421 9.962475e-01
17.600000 0.882288 14.645974 0.050591 9.962172e-01
17.900000 0.881711 14.900919 0.050756 9.961876e-01
18.200000 0.881148 15.155751 0.050917 9.961587e-01
18.500000 0.880599 15.410474 0.051072 9.961305e-01
18.800000 0.880062 15.665095 0.051223 9.961030e-01
19.100000 0.879537 15.919619 0.051369 9.960762e-01
19.400000 0.879024 16.174051 0.051511 9.960500e-01
19.700000 0.878524 16.428394 0.051648 9.960244e-01
20.000000 0.878034 16.682655 0.051782 9.959995e-01
20.300000 0.877556 16.936836 0.051911 9.959752e-01
20.600000 0.877089 17.190943 0.052037 9.959515e-01
20.900000 0.876632 17.444977 0.052158 9.959284e-01
21.200000 0.876185 17.698944 0.052276 9.959059e-01
21.500000 0.875749 17.952847 0.052391 9.958839e-01
21.800000 0.875322 18.206687 0.052502 9.958625e-01
22.100000 0.874904 18.460469 0.052609 9.958417e-01
22.400000 0.874495 18.714195 0.052713 9.958214e-01
22.700000 0.874095 18.967868 0.052814 9.958016e-01
23.000000 0.873704 19.221490 0.052912 9.957824e-01
23.300000 0.873321 19.475063 0.053007 9.957636e-01
23.600000 0.872946 19.728590 0.053099 9.957453e-01
23.900000 0.872580 19.982073 0.053188 9.957275e-01
24.200000 0.872220 20.235513 0.053274 9.957102e-01
24.500000 0.871869 20.488913 0.053358 9.956933e-01
24.800000 0.871524 20.742274 0.053439 9.956768e-01
