1.889065 0.480998 9.303438e-01 0.448383 0.250799 7.345872e-01
1.841347 0.479199 9.274595e-01 0.531418 0.238204 8.116662e-01
1.769906 0.461614 9.271652e-01 0.634283 0.209331 8.882695e-01
1.664534 0.413829 9.333749e-01 0.754516 0.153925 9.541416e-01
1.524541 0.330829 9.484230e-01 0.872814 0.083071 9.896471e-01
1.370702 0.232880 9.677401e-01 0.957436 0.028572 9.989726e-01
1.225737 0.141488 9.848457e-01 0.994036 0.005608 9.999632e-01
1.096118 0.059566 9.966012e-01 0.987962 0.009312 9.998974e-01
0.985284 0.011601 9.998399e-01 0.949715 0.033659 9.985515e-01
0.898603 0.065738 9.938574e-01 0.894013 0.068438 9.932780e-01
0.836328 0.101664 9.832212e-01 0.835412 0.102145 9.830283e-01
0.793226 0.123306 9.728515e-01 0.781932 0.128921 9.695622e-01
0.763132 0.135857 9.646917e-01 0.735545 0.148267 9.551794e-01
0.741433 0.143114 9.587477e-01 0.695568 0.161740 9.412272e-01
0.725207 0.147333 9.545033e-01 0.660793 0.170996 9.282179e-01
0.712686 0.149768 9.514751e-01 0.630192 0.177251 9.162880e-01
0.702780 0.151115 9.493117e-01 0.603007 0.181320 9.054548e-01
0.694789 0.151775 9.477694e-01 0.578675 0.183754 8.956986e-01
0.688236 0.151996 9.466771e-01 0.556754 0.184942 8.869740e-01
0.682784 0.151932 9.459115e-01 0.536880 0.185178 8.792074e-01
0.678188 0.151688 9.453822e-01 0.518742 0.184694 8.722987e-01
0.674262 0.151335 9.450222e-01 0.502071 0.183678 8.661279e-01
0.670867 0.150920 9.447823e-01 0.486637 0.182280 8.605633e-01
0.667897 0.150477 9.446260e-01 0.472241 0.180625 8.554699e-01
0.665269 0.150027 9.445267e-01 0.458717 0.178813 8.507150e-01
0.662921 0.149585 9.444652e-01 0.445924 0.176924 8.461724e-01
0.660802 0.149161 9.444276e-01 0.433746 0.175023 8.417238e-01
0.658874 0.148759 9.444042e-01 0.422087 0.173164 8.372600e-01
0.657107 0.148382 9.443881e-01 0.410870 0.171386 8.326806e-01
0.655476 0.148033 9.443746e-01 0.400030 0.169723 8.278932e-01
0.653963 0.147711 9.443604e-01 0.389516 0.168201 8.228129e-01
0.652552 0.147416 9.443435e-01 0.379288 0.166838 8.173616e-01
0.651231 0.147147 9.443226e-01 0.369313 0.165649 8.114678e-01
0.649989 0.146902 9.442970e-01 0.359566 0.164643 8.050660e-01
0.648818 0.146680 9.442663e-01 0.350027 0.163826 7.980970e-01
0.647712 0.146480 9.442306e-01 0.340681 0.163199 7.905079e-01
0.646664 0.146300 9.441899e-01 0.331517 0.162760 7.822524e-01
0.645671 0.146138 9.441445e-01 0.322527 0.162505 7.732916e-01
0.644727 0.145993 9.440948e-01 0.313706 0.162427 7.635942e-01
0.643830 0.145864 9.440412e-01 0.305050 0.162517 7.531369e-01
0.642977 0.145749 9.439842e-01 0.296556 0.162765 7.419054e-01
0.642164 0.145647 9.439242e-01 0.288225 0.163157 7.298946e-01
0.641389 0.145558 9.438617e-01 0.280055 0.163681 7.171089e-01
0.640651 0.145479 9.437971e-01 0.272048 0.164323 7.035622e-01
