1.686965 0.500854 9.076082e-01 0.626623 0.271657 8.216609e-01
1.439524 0.330099 9.427505e-01 0.835578 0.127498 9.738162e-01
1.209204 0.150867 9.823407e-01 0.964433 0.027335 9.990731e-01
1.081753 0.053824 9.971491e-01 0.998723 0.000914 9.999990e-01
1.023717 0.014048 9.997826e-01 0.996917 0.002041 9.999952e-01
0.994400 0.004001 9.999813e-01 0.987081 0.008031 9.999235e-01
0.976619 0.013895 9.997663e-01 0.975707 0.014363 9.997498e-01
0.964145 0.020333 9.994867e-01 0.963950 0.020420 9.994820e-01
0.954531 0.024962 9.992108e-01 0.951986 0.026177 9.991276e-01
0.946672 0.028523 9.989527e-01 0.939840 0.031690 9.986887e-01
0.939998 0.031391 9.987137e-01 0.927519 0.037022 9.981635e-01
0.934185 0.033782 9.984921e-01 0.915038 0.042221 9.975474e-01
0.929027 0.035825 9.982856e-01 0.902416 0.047323 9.968343e-01
0.924390 0.037605 9.980925e-01 0.889677 0.052348 9.960178e-01
0.920179 0.039175 9.979112e-01 0.876841 0.057303 9.950920e-01
0.916321 0.040577 9.977405e-01 0.863926 0.062189 9.940514e-01
0.912764 0.041839 9.975794e-01 0.850950 0.067002 9.928913e-01
0.909465 0.042982 9.974272e-01 0.837925 0.071733 9.916076e-01
0.906390 0.044023 9.972831e-01 0.824860 0.076375 9.901962e-01
0.903510 0.044977 9.971463e-01 0.811762 0.080924 9.886533e-01
0.900802 0.045855 9.970164e-01 0.798634 0.085376 9.869742e-01
0.898247 0.046666 9.968927e-01 0.785479 0.089730 9.851530e-01
0.895828 0.047419 9.967746e-01 0.772297 0.093992 9.831821e-01
0.893530 0.048122 9.966616e-01 0.759087 0.098170 9.810509e-01
0.891342 0.048780 9.965532e-01 0.745851 0.102276 9.787460e-01
0.889253 0.049399 9.964488e-01 0.732587 0.106329 9.762498e-01
0.887254 0.049985 9.963481e-01 0.719296 0.110347 9.735402e-01
0.885338 0.050542 9.962505e-01 0.705981 0.114356 9.705904e-01
0.883498 0.051073 9.961556e-01 0.692643 0.118378 9.673682e-01
0.881729 0.051582 9.960632e-01 0.679289 0.122441 9.638362e-01
0.880026 0.052072 9.959729e-01 0.665924 0.126569 9.599521e-01
0.878386 0.052545 9.958844e-01 0.652558 0.130785 9.556687e-01
0.876805 0.053003 9.957976e-01 0.639201 0.135109 9.509349e-01
0.875281 0.053447 9.957124e-01 0.625864 0.139558 9.456965e-01
0.873811 0.053879 9.956286e-01 0.612562 0.144143 9.398975e-01
0.872393 0.054298 9.955462e-01 0.599311 0.148870 9.334815e-01
0.871027 0.054706 9.954652e-01 0.586126 0.153741 9.263935e-01
0.869710 0.055103 9.953856e-01 0.573026 0.158750 9.185816e-01
0.868442 0.055488 9.953076e-01 0.560028 0.163889 9.099991e-01
0.867221 0.055861 9.952312e-01 0.547151 0.169144 9.006064e-01
0.866047 0.056223 9.951565e-01 0.534413 0.174497 8.903733e-01
0.864919 0.056572 9.950837e-01 0.521834 0.179927 8.792803e-01
0.863835 0.056908 9.950130e-01 0.509429 0.185411 8.673201e-01
0.862796 0.057231 9.949444e-01 0.497217 0.190924 8.544989e-01
0.861800 0.057541 9.948781e-01 0.485214 0.196443 8.408373e-01
0.860846 0.057836 9.948143e-01 0.473433 0.201940 8.263696e-01
0.859933 0.058116 9.947531e-01 0.461889 0.207392 8.111442e-01
0.859061 0.058382 9.946945e-01 0.450592 0.212774 7.952222e-01
0.858227 0.058633 9.946387e-01 0.439554 0.218065 7.786759e-01
0.857432 0.058869 9.945858e-01 0.428782 0.223244 7.615874e-01
0.856674 0.059090 9.945357e-01 0.418285 0.228292 7.440458e-01
0.855952 0.059295 9.944885e-01 0.408067 0.233194 7.261455e-01
0.855265 0.059486 9.944443e-01 0.398132 0.237934 7.079833e-01
