1.448339 0.446389 9.011434e-01 0.844511 0.206580 9.353643e-01
1.227601 0.138424 9.855288e-01 0.969464 0.030732 9.988408e-01
1.128195 0.042549 9.983601e-01 0.996277 0.002755 9.999912e-01
1.067062 0.022412 9.994908e-01 0.993420 0.003473 9.999859e-01
1.002486 0.001692 9.999967e-01 0.970542 0.010775 9.998577e-01
0.926099 0.027750 9.989642e-01 0.920621 0.030014 9.987740e-01
0.843748 0.062267 9.937498e-01 0.842383 0.062848 9.936129e-01
0.767668 0.094172 9.829181e-01 0.747588 0.102566 9.787250e-01
0.707161 0.117467 9.691187e-01 0.654246 0.138438 9.508348e-01
0.663941 0.131508 9.566564e-01 0.574693 0.164255 9.137938e-01
0.634762 0.138765 9.476963e-01 0.512253 0.179835 8.754024e-01
0.615363 0.141936 9.421171e-01 0.464923 0.187696 8.415926e-01
0.602323 0.142895 9.389689e-01 0.429188 0.190512 8.146323e-01
0.593329 0.142735 9.373535e-01 0.401837 0.190282 7.943114e-01
0.586921 0.142041 9.366465e-01 0.380420 0.188321 7.794204e-01
0.582193 0.141115 9.364626e-01 0.363199 0.185441 7.686066e-01
0.578585 0.140108 9.365754e-01 0.348971 0.182127 7.607151e-01
0.575742 0.139093 9.368537e-01 0.336904 0.178654 7.548649e-01
0.573436 0.138104 9.372215e-01 0.326423 0.175173 7.504228e-01
0.571517 0.137158 9.376345e-01 0.317122 0.171760 7.469484e-01
0.569883 0.136261 9.380658e-01 0.308711 0.168448 7.441381e-01
0.568464 0.135414 9.384994e-01 0.300983 0.165248 7.417807e-01
0.567212 0.134617 9.389252e-01 0.293787 0.162164 7.397225e-01
0.566091 0.133868 9.393367e-01 0.287010 0.159196 7.378442e-01
0.565077 0.133166 9.397300e-01 0.280571 0.156348 7.360452e-01
0.564150 0.132510 9.401023e-01 0.274408 0.153627 7.342341e-01
0.563296 0.131898 9.404523e-01 0.268475 0.151041 7.323246e-01
0.562504 0.131328 9.407791e-01 0.262738 0.148602 7.302331e-01
0.561766 0.130798 9.410824e-01 0.257170 0.146322 7.278792e-01
0.561076 0.130307 9.413624e-01 0.251751 0.144212 7.251870e-01
0.560427 0.129853 9.416194e-01 0.246467 0.142284 7.220863e-01
0.559817 0.129435 9.418542e-01 0.241306 0.140545 7.185150e-01
0.559240 0.129049 9.420675e-01 0.236259 0.138999 7.144203e-01
0.558694 0.128696 9.422602e-01 0.231319 0.137648 7.097599e-01
0.558176 0.128372 9.424335e-01 0.226480 0.136491 7.045033e-01
