1.307267 0.363396 9.180718e-01 0.705259 0.373199 7.556427e-01
1.219846 0.250456 9.535772e-01 0.831688 0.209795 9.315464e-01
1.137100 0.143400 9.819647e-01 0.927377 0.085598 9.902570e-01
1.081193 0.074875 9.944920e-01 0.975599 0.026030 9.991786e-01
1.048034 0.038737 9.984248e-01 0.994260 0.005392 9.999660e-01
1.027008 0.019363 9.995897e-01 0.999718 0.000233 9.999999e-01
1.011703 0.007499 9.999366e-01 0.999049 0.000706 9.999994e-01
0.999242 0.000953 9.999989e-01 0.994739 0.003579 9.999851e-01
0.988384 0.007402 9.999352e-01 0.987712 0.007777 9.999284e-01
0.978542 0.012800 9.998024e-01 0.978383 0.012885 9.997997e-01
0.969397 0.017476 9.996248e-01 0.966966 0.018718 9.995675e-01
0.960750 0.021655 9.994136e-01 0.953574 0.025200 9.991941e-01
0.952471 0.025486 9.991739e-01 0.938266 0.032312 9.986323e-01
0.944473 0.029064 9.989076e-01 0.921076 0.040054 9.978209e-01
0.936701 0.032452 9.986158e-01 0.902041 0.048429 9.966822e-01
0.929127 0.035685 9.982993e-01 0.881218 0.057422 9.951203e-01
0.921743 0.038780 9.979600e-01 0.858699 0.066992 9.930202e-01
0.914554 0.041738 9.976005e-01 0.834621 0.077064 9.902501e-01
0.907579 0.044552 9.972249e-01 0.809171 0.087536 9.866653e-01
0.900845 0.047208 9.968386e-01 0.782577 0.098273 9.821146e-01
0.894380 0.049693 9.964476e-01 0.755107 0.109124 9.764496e-01
0.888212 0.051991 9.960588e-01 0.727050 0.119928 9.695350e-01
0.882366 0.054091 9.956789e-01 0.698705 0.130525 9.612596e-01
0.876861 0.055985 9.953143e-01 0.670366 0.140766 9.515462e-01
0.871711 0.057672 9.949706e-01 0.642307 0.150523 9.403596e-01
0.866921 0.059153 9.946519e-01 0.614773 0.159692 9.277110e-01
0.862490 0.060436 9.943616e-01 0.587975 0.168195 9.136586e-01
0.858411 0.061531 9.941014e-01 0.562082 0.175985 8.983044e-01
0.854672 0.062450 9.938720e-01 0.537224 0.183038 8.817880e-01
0.851257 0.063208 9.936731e-01 0.513495 0.189353 8.642774e-01
0.848146 0.063821 9.935034e-01 0.490951 0.194948 8.459589e-01
0.845320 0.064305 9.933613e-01 0.469620 0.199854 8.270275e-01
0.842757 0.064676 9.932445e-01 0.449505 0.204112 8.076776e-01
0.840435 0.064947 9.931507e-01 0.430589 0.207770 7.880952e-01
0.838334 0.065133 9.930774e-01 0.412840 0.210878 7.684525e-01
0.836433 0.065245 9.930222e-01 0.396212 0.213487 7.489038e-01
0.834713 0.065296 9.929828e-01 0.380653 0.215649 7.295833e-01
0.833157 0.065295 9.929570e-01 0.366107 0.217409 7.106043e-01
