-25.000000 1.460115 -37.963000 0.414337 9.149176e-01
-24.700000 1.459451 -37.507893 0.414056 9.149525e-01
-24.400000 1.458771 -37.052792 0.413766 9.149888e-01
-24.100000 1.458076 -36.597699 0.413469 9.150265e-01
-23.800000 1.457363 -36.142614 0.413163 9.150657e-01
-23.500000 1.456634 -35.687538 0.412848 9.151065e-01
-23.200000 1.455887 -35.232470 0.412523 9.151489e-01
-22.900000 1.455122 -34.777412 0.412189 9.151932e-01
-22.600000 1.454338 -34.322365 0.411844 9.152393e-01
-22.300000 1.453533 -33.867329 0.411489 9.152873e-01
-22.000000 1.452709 -33.412306 0.411123 9.153375e-01
-21.700000 1.451863 -32.957295 0.410744 9.153899e-01
-21.400000 1.450995 -32.502297 0.410354 9.154446e-01
-21.100000 1.450105 -32.047315 0.409951 9.155017e-01
-20.800000 1.449190 -31.592347 0.409534 9.155615e-01
-20.500000 1.448251 -31.137397 0.409103 9.156240e-01
-20.200000 1.447286 -30.682464 0.408657 9.156895e-01
-19.900000 1.446294 -30.227549 0.408195 9.157581e-01
-19.600000 1.445275 -29.772655 0.407718 9.158300e-01
-19.300000 1.444226 -29.317782 0.407222 9.159054e-01
-19.000000 1.443147 -28.862931 0.406709 9.159845e-01
-18.700000 1.442036 -28.408103 0.406177 9.160676e-01
-18.400000 1.440892 -27.953301 0.405624 9.161548e-01
-18.100000 1.439713 -27.498525 0.405050 9.162466e-01
-17.800000 1.438499 -27.043777 0.404454 9.163431e-01
-17.500000 1.437246 -26.589059 0.403834 9.164447e-01
-17.200000 1.435954 -26.134372 0.403189 9.165517e-01
-16.900000 1.434621 -25.679717 0.402518 9.166644e-01
-16.600000 1.433244 -25.225097 0.401818 9.167833e-01
-16.300000 1.431822 -24.770514 0.401089 9.169088e-01
-16.000000 1.430351 -24.315969 0.400329 9.170412e-01
-15.700000 1.428830 -23.861464 0.399536 9.171812e-01
-15.400000 1.427256 -23.407001 0.398707 9.173291e-01
-15.100000 1.425626 -22.952583 0.397840 9.174856e-01
-14.800000 1.423937 -22.498211 0.396934 9.176513e-01
-14.500000 1.422186 -22.043888 0.395985 9.178268e-01
-14.200000 1.420370 -21.589616 0.394991 9.180128e-01
-13.900000 1.418483 -21.135398 0.393949 9.182102e-01
-13.600000 1.416523 -20.681236 0.392856 9.184196e-01
-13.300000 1.414485 -20.227133 0.391708 9.186422e-01
-13.000000 1.412364 -19.773091 0.390501 9.188788e-01
-12.700000 1.410154 -19.319113 0.389232 9.191305e-01
-12.400000 1.407851 -18.865203 0.387895 9.193985e-01
-12.100000 1.405448 -18.411363 0.386486 9.196842e-01
-11.800000 1.402937 -17.957597 0.384999 9.199889e-01
-11.500000 1.400313 -17.503909 0.383429 9.203142e-01
-11.200000 1.397566 -17.050302 0.381769 9.206618e-01
-10.900000 1.394687 -16.596781 0.380012 9.210337e-01
-10.600000 1.391668 -16.143351 0.378150 9.214320e-01
-10.300000 1.388497 -15.690016 0.376175 9.218591e-01
-10.000000 1.385162 -15.236782 0.374076 9.223176e-01
-9.700000 1.381650 -14.783656 0.371843 9.228104e-01
-9.400000 1.377947 -14.330646 0.369463 9.233409e-01
-9.100000 1.374036 -13.877759 0.366924 9.239128e-01
-8.800000 1.369899 -13.425006 0.364210 9.245304e-01
-8.500000 1.365516 -12.972399 0.361303 9.251986e-01
-8.200000 1.360864 -12.519952 0.358185 9.259229e-01
-7.900000 1.355919 -12.067683 0.354833 9.267096e-01
-7.600000 1.350652 -11.615611 0.351220 9.275662e-01
-7.300000 1.345032 -11.163763 0.347319 9.285012e-01
-7.000000 1.339021 -10.712171 0.343094 9.295249e-01
-6.700000 1.332581 -10.260875 0.338505 9.306490e-01
-6.400000 1.325665 -9.809924 0.333505 9.318878e-01
-6.100000 1.318223 -9.359383 0.328038 9.332584e-01
-5.800000 1.310196 -8.909330 0.322036 9.347813e-01
-5.500000 1.301518 -8.459866 0.315419 9.364817e-01
-5.200000 1.292116 -8.011117 0.308085 9.383905e-01
-4.900000 1.281905 -7.563239 0.299914 9.405454e-01
-4.600000 1.270790 -7.116422 0.290751 9.429932e-01
-4.300000 1.258659 -6.670893 0.280405 9.457906e-01
-4.000000 1.245382 -6.226912 0.268636 9.490063e-01
-3.700000 1.230803 -5.784774 0.255143 9.527198e-01
-3.400000 1.214727 -5.344798 0.239550 9.570188e-01
-3.100000 1.196913 -4.907343 0.221398 9.619885e-01
-2.800000 1.177069 -4.472861 0.200150 9.676878e-01
-2.500000 1.154881 -4.042083 0.175250 9.740960e-01
-2.200000 1.130151 -3.616483 0.146336 9.810056e-01
-1.900000 1.103209 -3.199307 0.113857 9.878488e-01
-1.600000 1.075725 -2.796886 0.080269 9.936109e-01
-1.300000 1.051082 -2.417488 0.050564 9.973345e-01
-1.000000 1.032238 -2.064477 0.029085 9.990840e-01
-0.700000 1.019079 -1.732435 0.015618 9.997288e-01
-0.400000 1.009624 -1.413474 0.007245 9.999405e-01
-0.100000 1.002199 -1.102419 0.001550 9.999972e-01
0.200000 0.995886 -0.796708 0.002753 9.999912e-01
0.500000 0.990236 -0.495118 0.006267 9.999537e-01
0.800000 0.985026 -0.197005 0.009283 9.998975e-01
1.100000 16.365779 1.636578 1.982906 9.833293e-01
1.400000 0.975473 0.390189 0.014377 9.997492e-01
1.700000 0.971001 0.679701 0.016610 9.996622e-01
2.000000 0.966676 0.966676 0.018698 9.995681e-01
2.300000 0.962470 1.251211 0.020672 9.994676e-01
2.600000 0.958364 1.533382 0.022554 9.993608e-01
2.900000 0.954343 1.813252 0.024361 9.992481e-01
3.200000 0.950399 2.090877 0.026103 9.991296e-01
3.500000 0.946527 2.366317 0.027788 9.990057e-01
3.800000 0.942725 2.639631 0.029418 9.988767e-01
4.100000 0.938996 2.910888 0.030994 9.987433e-01
4.400000 0.935343 3.180165 0.032517 9.986062e-01
4.700000 0.931769 3.447546 0.033984 9.984661e-01
5.000000 0.928281 3.713124 0.035393 9.983240e-01
5.300000 0.924884 3.977000 0.036743 9.981807e-01
5.600000 0.921582 4.239277 0.038030 9.980373e-01
5.900000 0.918380 4.500062 0.039255 9.978945e-01
6.200000 0.915282 4.759465 0.040415 9.977534e-01
6.500000 0.912289 5.017592 0.041511 9.976147e-01
6.800000 0.909404 5.274546 0.042544 9.974789e-01
7.100000 0.906627 5.530428 0.043514 9.973468e-01
7.400000 0.903958 5.785331 0.044423 9.972188e-01
7.700000 0.901395 6.039344 0.045274 9.970952e-01
8.000000 0.898936 6.292549 0.046068 9.969762e-01
8.300000 0.896578 6.545022 0.046809 9.968621e-01
8.600000 0.894320 6.796832 0.047498 9.967530e-01
8.900000 0.892157 7.048042 0.048141 9.966488e-01
9.200000 0.890087 7.298710 0.048738 9.965495e-01
9.500000 0.888104 7.548887 0.049293 9.964550e-01
9.800000 0.886207 7.798619 0.049808 9.963652e-01
10.100000 0.884390 8.047949 0.050288 9.962800e-01
10.400000 0.882650 8.296913 0.050733 9.961993e-01
10.700000 0.880984 8.545547 0.051146 9.961227e-01
11.000000 0.879388 8.793879 0.051531 9.960502e-01
11.300000 0.877858 9.041937 0.051888 9.959816e-01
11.600000 0.876391 9.289745 0.052220 9.959166e-01
11.900000 0.874984 9.537324 0.052529 9.958551e-01
12.200000 0.873633 9.784695 0.052817 9.957968e-01
12.500000 0.872337 10.031873 0.053084 9.957417e-01
12.800000 0.871091 10.278875 0.053334 9.956896e-01
13.100000 0.869894 10.525716 0.053566 9.956401e-01
13.400000 0.868742 10.772406 0.053783 9.955933e-01
13.700000 0.867635 11.018958 0.053985 9.955490e-01
14.000000 0.866568 11.265382 0.054174 9.955070e-01
14.300000 0.865540 11.511687 0.054350 9.954671e-01
14.600000 0.864550 11.757881 0.054515 9.954293e-01
14.900000 0.863595 12.003972 0.054669 9.953935e-01
15.200000 0.862674 12.249967 0.054813 9.953594e-01
15.500000 0.861784 12.495872 0.054948 9.953270e-01
15.800000 0.860925 12.741692 0.055074 9.952963e-01
16.100000 0.860095 12.987433 0.055193 9.952670e-01
16.400000 0.859292 13.233099 0.055304 9.952392e-01
16.700000 0.858516 13.478695 0.055408 9.952127e-01
17.000000 0.857764 13.724224 0.055506 9.951875e-01
17.300000 0.857036 13.969691 0.055598 9.951634e-01
17.600000 0.856331 14.215098 0.055684 9.951405e-01
17.900000 0.855648 14.460449 0.055765 9.951186e-01
18.200000 0.854985 14.705746 0.055842 9.950978e-01
18.500000 0.854342 14.950993 0.055914 9.950778e-01
18.800000 0.853719 15.196191 0.055982 9.950588e-01
19.100000 0.853113 15.441343 0.056046 9.950405e-01
19.400000 0.852524 15.686451 0.056106 9.950231e-01
19.700000 0.851953 15.931517 0.056163 9.950064e-01
20.000000 0.851397 16.176542 0.056216 9.949904e-01
20.300000 0.850856 16.421530 0.056267 9.949751e-01
20.600000 0.850331 16.666480 0.056314 9.949604e-01
20.900000 0.849819 16.911395 0.056360 9.949463e-01
21.200000 0.849321 17.156277 0.056402 9.949328e-01
21.500000 0.848835 17.401126 0.056443 9.949198e-01
21.800000 0.848363 17.645943 0.056481 9.949074e-01
22.100000 0.847902 17.890731 0.056517 9.948954e-01
22.400000 0.847453 18.135490 0.056551 9.948838e-01
22.700000 0.847015 18.380220 0.056583 9.948727e-01
23.000000 0.846587 18.624925 0.056614 9.948620e-01
23.300000 0.846171 18.869603 0.056643 9.948518e-01
23.600000 0.845764 19.114257 0.056670 9.948418e-01
23.900000 0.845366 19.358886 0.056697 9.948323e-01
24.200000 0.844978 19.603493 0.056721 9.948231e-01
24.500000 0.844599 19.848077 0.056745 9.948142e-01
24.800000 0.844229 20.092640 0.056767 9.948056e-01
