-25.000000 1.606410 -41.766650 0.412454 9.292546e-01
-24.700000 1.605696 -41.266390 0.412186 9.292817e-01
-24.400000 1.604966 -40.766144 0.411910 9.293099e-01
-24.100000 1.604220 -40.265913 0.411627 9.293390e-01
-23.800000 1.603455 -39.765696 0.411337 9.293693e-01
-23.500000 1.602673 -39.265494 0.411037 9.294007e-01
-23.200000 1.601872 -38.765308 0.410730 9.294333e-01
-22.900000 1.601052 -38.265137 0.410413 9.294672e-01
-22.600000 1.600211 -37.764983 0.410088 9.295024e-01
-22.300000 1.599350 -37.264846 0.409752 9.295391e-01
-22.000000 1.598466 -36.764727 0.409407 9.295771e-01
-21.700000 1.597561 -36.264625 0.409051 9.296168e-01
-21.400000 1.596631 -35.764542 0.408684 9.296580e-01
-21.100000 1.595678 -35.264477 0.408306 9.297010e-01
-20.800000 1.594699 -34.764432 0.407916 9.297457e-01
-20.500000 1.593693 -34.264407 0.407513 9.297924e-01
-20.200000 1.592660 -33.764402 0.407097 9.298410e-01
-19.900000 1.591599 -33.264419 0.406668 9.298918e-01
-19.600000 1.590508 -32.764457 0.406224 9.299448e-01
-19.300000 1.589385 -32.264518 0.405765 9.300001e-01
-19.000000 1.588230 -31.764603 0.405290 9.300579e-01
-18.700000 1.587041 -31.264711 0.404798 9.301184e-01
-18.400000 1.585817 -30.764844 0.404289 9.301816e-01
-18.100000 1.584555 -30.265003 0.403761 9.302478e-01
-17.800000 1.583255 -29.765188 0.403214 9.303171e-01
-17.500000 1.581914 -29.265400 0.402647 9.303898e-01
-17.200000 1.580530 -28.765641 0.402058 9.304660e-01
-16.900000 1.579101 -28.265911 0.401446 9.305459e-01
-16.600000 1.577626 -27.766212 0.400811 9.306299e-01
-16.300000 1.576101 -27.266545 0.400150 9.307181e-01
-16.000000 1.574524 -26.766910 0.399462 9.308108e-01
-15.700000 1.572893 -26.267310 0.398746 9.309084e-01
-15.400000 1.571204 -25.767746 0.397999 9.310112e-01
-15.100000 1.569455 -25.268219 0.397221 9.311195e-01
-14.800000 1.567641 -24.768731 0.396408 9.312338e-01
-14.500000 1.565760 -24.269284 0.395559 9.313545e-01
-14.200000 1.563808 -23.769881 0.394672 9.314820e-01
-13.900000 1.561780 -23.270522 0.393743 9.316169e-01
-13.600000 1.559672 -22.771211 0.392771 9.317597e-01
-13.300000 1.557479 -22.271951 0.391752 9.319111e-01
-13.000000 1.555196 -21.772743 0.390682 9.320718e-01
-12.700000 1.552817 -21.273592 0.389558 9.322425e-01
-12.400000 1.550336 -20.774501 0.388377 9.324240e-01
-12.100000 1.547746 -20.275474 0.387132 9.326174e-01
-11.800000 1.545040 -19.776515 0.385821 9.328236e-01
-11.500000 1.542210 -19.277629 0.384438 9.330438e-01
-11.200000 1.539248 -18.778822 0.382975 9.332793e-01
-10.900000 1.536143 -18.280100 0.381428 9.335316e-01
-10.600000 1.532885 -17.781469 0.379788 9.338022e-01
-10.300000 1.529464 -17.282938 0.378048 9.340932e-01
-10.000000 1.525865 -16.784516 0.376198 9.344064e-01
-9.700000 1.522076 -16.286211 0.374228 9.347444e-01
-9.400000 1.518080 -15.788036 0.372127 9.351097e-01
-9.100000 1.513862 -15.290005 0.369881 9.355056e-01
-8.800000 1.509401 -14.792131 0.367475 9.359355e-01
-8.500000 1.504677 -14.294431 0.364893 9.364036e-01
-8.200000 1.499666 -13.796927 0.362115 9.369147e-01
-7.900000 1.494342 -13.299641 0.359119 9.374741e-01
-7.600000 1.488674 -12.802598 0.355878 9.380884e-01
-7.300000 1.482630 -12.305830 0.352364 9.387651e-01
-7.000000 1.476171 -11.809371 0.348541 9.395132e-01
-6.700000 1.469255 -11.313263 0.344367 9.403432e-01
-6.400000 1.461832 -10.817553 0.339795 9.412675e-01
-6.100000 1.453844 -10.322296 0.334768 9.423013e-01
-5.800000 1.445228 -9.827552 0.329216 9.434624e-01
-5.500000 1.435907 -9.333395 0.323057 9.447723e-01
-5.200000 1.425791 -8.839905 0.316192 9.462568e-01
-4.900000 1.414775 -8.347175 0.308500 9.479472e-01
-4.600000 1.402734 -7.855308 0.299833 9.498809e-01
-4.300000 1.389513 -7.364421 0.290010 9.521028e-01
-4.000000 1.374929 -6.874647 0.278807 9.546661e-01
-3.700000 1.358753 -6.386138 0.265945 9.576332e-01
-3.400000 1.340700 -5.899081 0.251078 9.610743e-01
-3.100000 1.320421 -5.413726 0.233783 9.650633e-01
-2.800000 1.297489 -4.930457 0.213551 9.696650e-01
-2.500000 1.271417 -4.449960 0.189830 9.749021e-01
-2.200000 1.241758 -3.973627 0.162184 9.806807e-01
-1.900000 1.208430 -3.504448 0.130803 9.866501e-01
-1.600000 1.172442 -3.048349 0.097599 9.920610e-01
-1.300000 1.136516 -2.613987 0.067077 9.959934e-01
-1.000000 1.103552 -2.207104 0.043869 9.981783e-01
-0.700000 1.073527 -1.824996 0.028048 9.992123e-01
-0.400000 1.043782 -1.461295 0.015963 9.997300e-01
-0.100000 1.011416 -1.112558 0.004031 9.999817e-01
0.200000 0.974332 -0.779466 0.010209 9.998732e-01
0.500000 0.931679 -0.465839 0.028034 9.989555e-01
0.800000 0.884688 -0.176938 0.049166 9.964458e-01
1.100000 13.209513 1.320951 0.602437 9.976037e-01
1.400000 0.793446 0.317378 0.090225 9.852869e-01
1.700000 0.756615 0.529631 0.104494 9.784476e-01
2.000000 0.726935 0.726935 0.113855 9.724512e-01
2.300000 0.703346 0.914350 0.119362 9.678109e-01
2.600000 0.684484 1.095174 0.122195 9.645014e-01
2.900000 0.669162 1.271408 0.123291 9.622758e-01
3.200000 0.656485 1.444266 0.123303 9.608545e-01
3.500000 0.645801 1.614502 0.122671 9.599983e-01
3.800000 0.636648 1.782614 0.121677 9.595240e-01
4.100000 0.628693 1.948947 0.120504 9.592990e-01
4.400000 0.621693 2.113756 0.119267 9.592306e-01
4.700000 0.615470 2.277239 0.118035 9.592557e-01
5.000000 0.609889 2.439557 0.116850 9.593322e-01
5.300000 0.604847 2.600842 0.115735 9.594329e-01
5.600000 0.600263 2.761209 0.114699 9.595404e-01
5.900000 0.596073 2.920756 0.113745 9.596445e-01
6.200000 0.592225 3.079569 0.112873 9.597393e-01
6.500000 0.588677 3.237725 0.112077 9.598219e-01
6.800000 0.585395 3.395290 0.111351 9.598912e-01
7.100000 0.582349 3.552327 0.110691 9.599473e-01
7.400000 0.579514 3.708889 0.110089 9.599912e-01
7.700000 0.576869 3.865023 0.109540 9.600239e-01
8.000000 0.574396 4.020774 0.109039 9.600466e-01
8.300000 0.572080 4.176181 0.108579 9.600609e-01
8.600000 0.569905 4.331277 0.108156 9.600678e-01
8.900000 0.567860 4.486095 0.107767 9.600686e-01
9.200000 0.565935 4.640663 0.107407 9.600645e-01
9.500000 0.564118 4.795005 0.107074 9.600562e-01
9.800000 0.562403 4.949145 0.106765 9.600447e-01
10.100000 0.560780 5.103102 0.106476 9.600306e-01
10.400000 0.559244 5.256894 0.106206 9.600146e-01
10.700000 0.557788 5.410539 0.105954 9.599972e-01
11.000000 0.556405 5.564050 0.105717 9.599788e-01
11.300000 0.555091 5.717441 0.105493 9.599599e-01
11.600000 0.553842 5.870723 0.105282 9.599406e-01
11.900000 0.552652 6.023907 0.105082 9.599212e-01
12.200000 0.551518 6.177002 0.104893 9.599020e-01
12.500000 0.550436 6.330018 0.104713 9.598831e-01
12.800000 0.549403 6.482960 0.104541 9.598645e-01
13.100000 0.548416 6.635837 0.104378 9.598465e-01
13.400000 0.547472 6.788655 0.104222 9.598291e-01
13.700000 0.546568 6.941418 0.104072 9.598123e-01
14.000000 0.545703 7.094133 0.103929 9.597961e-01
14.300000 0.544872 7.246803 0.103792 9.597807e-01
14.600000 0.544076 7.399432 0.103660 9.597659e-01
14.900000 0.543311 7.552025 0.103533 9.597518e-01
15.200000 0.542576 7.704584 0.103411 9.597385e-01
15.500000 0.541870 7.857113 0.103293 9.597258e-01
15.800000 0.541190 8.009613 0.103180 9.597138e-01
16.100000 0.540536 8.162088 0.103070 9.597024e-01
16.400000 0.539905 8.314540 0.102964 9.596916e-01
16.700000 0.539297 8.466970 0.102862 9.596815e-01
17.000000 0.538711 8.619381 0.102763 9.596719e-01
17.300000 0.538146 8.771774 0.102667 9.596629e-01
17.600000 0.537599 8.924151 0.102574 9.596544e-01
17.900000 0.537072 9.076513 0.102484 9.596464e-01
18.200000 0.536562 9.228860 0.102396 9.596389e-01
18.500000 0.536068 9.381195 0.102312 9.596318e-01
18.800000 0.535591 9.533518 0.102229 9.596252e-01
19.100000 0.535129 9.685831 0.102149 9.596189e-01
19.400000 0.534681 9.838133 0.102072 9.596131e-01
19.700000 0.534247 9.990427 0.101996 9.596076e-01
20.000000 0.533827 10.142711 0.101922 9.596025e-01
20.300000 0.533419 10.294988 0.101851 9.595976e-01
20.600000 0.533023 10.447258 0.101781 9.595931e-01
20.900000 0.532639 10.599521 0.101714 9.595889e-01
21.200000 0.532266 10.751778 0.101648 9.595849e-01
21.500000 0.531904 10.904029 0.101583 9.595812e-01
21.800000 0.531552 11.056274 0.101521 9.595777e-01
22.100000 0.531209 11.208515 0.101459 9.595744e-01
22.400000 0.530876 11.360751 0.101400 9.595713e-01
22.700000 0.530552 11.512982 0.101342 9.595685e-01
23.000000 0.530237 11.665210 0.101285 9.595658e-01
23.300000 0.529930 11.817434 0.101230 9.595632e-01
23.600000 0.529631 11.969655 0.101176 9.595609e-01
23.900000 0.529339 12.121872 0.101123 9.595587e-01
24.200000 0.529055 12.274086 0.101071 9.595566e-01
24.500000 0.528779 12.426297 0.101021 9.595547e-01
24.800000 0.528509 12.578506 0.100972 9.595528e-01
