1.489074 0.386116 9.279473e-01 0.665831 0.368792 7.383940e-01
1.403009 0.282167 9.553738e-01 0.790075 0.217485 9.195335e-01
1.311452 0.175130 9.798215e-01 0.895652 0.091445 9.881048e-01
1.239897 0.104805 9.918163e-01 0.957068 0.027687 9.990345e-01
1.186706 0.069983 9.959998e-01 0.986612 0.006075 9.999562e-01
1.137767 0.050853 9.976983e-01 0.998781 0.000768 9.999993e-01
1.080644 0.032222 9.989743e-01 0.995594 0.001755 9.999964e-01
1.007090 0.005033 9.999712e-01 0.969385 0.011628 9.998339e-01
0.916745 0.034443 9.983725e-01 0.910333 0.037384 9.980562e-01
0.821644 0.078098 9.896740e-01 0.820100 0.078801 9.894502e-01
0.739476 0.112729 9.738635e-01 0.717888 0.121736 9.678589e-01
0.679265 0.131789 9.583394e-01 0.625121 0.150917 9.369355e-01
0.638914 0.137997 9.488798e-01 0.550893 0.162215 9.089818e-01
0.612323 0.136757 9.455325e-01 0.493992 0.159606 8.924149e-01
0.594251 0.132181 9.459505e-01 0.449878 0.148874 8.877322e-01
0.581302 0.126625 9.480496e-01 0.414368 0.134927 8.909110e-01
0.571491 0.121244 9.505898e-01 0.384506 0.121378 8.967965e-01
0.563688 0.116519 9.529759e-01 0.358406 0.110639 9.008608e-01
0.557245 0.112583 9.549834e-01 0.334918 0.103908 8.999612e-01
0.551780 0.109405 9.565709e-01 0.313351 0.101174 8.925446e-01
0.547056 0.106886 9.577751e-01 0.293291 0.101512 8.784700e-01
0.542921 0.104915 9.586584e-01 0.274490 0.103660 8.585900e-01
0.539270 0.103382 9.592851e-01 0.256795 0.106507 8.342662e-01
0.536028 0.102198 9.597121e-01 0.240108 0.109279 8.069638e-01
0.533138 0.101286 9.599864e-01 0.224364 0.111529 7.779933e-01
0.530555 0.100586 9.601456e-01 0.209516 0.113045 7.483929e-01
0.528241 0.100051 9.602193e-01 0.195526 0.113770 7.189106e-01
