2.604951 0.350459 9.795254e-01 0.126755 0.071560 7.309578e-01
2.597542 0.355082 9.788756e-01 0.141845 0.072983 7.658552e-01
2.583678 0.364829 9.774919e-01 0.165864 0.080620 7.856445e-01
2.552514 0.384873 9.744160e-01 0.210357 0.101587 7.878168e-01
2.466216 0.420092 9.675782e-01 0.307258 0.135168 8.173304e-01
2.199992 0.439932 9.558586e-01 0.526461 0.145224 9.192226e-01
1.630785 0.289850 9.648021e-01 0.834224 0.060818 9.938995e-01
1.169140 0.088811 9.933802e-01 0.958712 0.013525 9.997702e-01
1.007792 0.031233 9.988920e-01 0.955386 0.011938 9.998197e-01
0.951086 0.008636 9.999048e-01 0.936625 0.006333 9.999472e-01
0.916403 0.009258 9.998821e-01 0.914268 0.009737 9.998690e-01
0.884271 0.016303 9.996076e-01 0.883721 0.016418 9.996015e-01
0.850117 0.024089 9.990736e-01 0.840960 0.026451 9.988588e-01
0.813421 0.035615 9.977910e-01 0.784029 0.045293 9.961606e-01
0.775610 0.050430 9.951414e-01 0.714078 0.073905 9.877810e-01
0.739173 0.066069 9.908581e-01 0.635807 0.108515 9.674553e-01
0.706583 0.080037 9.853987e-01 0.556083 0.143419 9.286624e-01
0.679356 0.090861 9.797604e-01 0.481351 0.173636 8.693588e-01
0.657800 0.098237 9.748901e-01 0.415742 0.196461 7.949843e-01
0.641351 0.102622 9.712818e-01 0.360756 0.211430 7.159883e-01
