-25.000000 2.081798 -54.126738 0.396713 9.597506e-01
-24.700000 2.080819 -53.477058 0.396498 9.597562e-01
-24.400000 2.079818 -52.827377 0.396278 9.597619e-01
-24.100000 2.078793 -52.177697 0.396052 9.597678e-01
-23.800000 2.077743 -51.528016 0.395821 9.597739e-01
-23.500000 2.076667 -50.878335 0.395584 9.597801e-01
-23.200000 2.075564 -50.228653 0.395341 9.597865e-01
-22.900000 2.074434 -49.578972 0.395092 9.597931e-01
-22.600000 2.073275 -48.929289 0.394837 9.597999e-01
-22.300000 2.072086 -48.279607 0.394575 9.598069e-01
-22.000000 2.070866 -47.629924 0.394306 9.598141e-01
-21.700000 2.069614 -46.980241 0.394030 9.598215e-01
-21.400000 2.068328 -46.330557 0.393746 9.598291e-01
-21.100000 2.067008 -45.680873 0.393454 9.598370e-01
-20.800000 2.065651 -45.031188 0.393154 9.598452e-01
-20.500000 2.064256 -44.381503 0.392846 9.598536e-01
-20.200000 2.062822 -43.731817 0.392529 9.598623e-01
-19.900000 2.061346 -43.082130 0.392202 9.598713e-01
-19.600000 2.059827 -42.432443 0.391866 9.598806e-01
-19.300000 2.058264 -41.782755 0.391519 9.598902e-01
-19.000000 2.056653 -41.133066 0.391162 9.599002e-01
-18.700000 2.054994 -40.483376 0.390794 9.599106e-01
-18.400000 2.053283 -39.833685 0.390414 9.599214e-01
-18.100000 2.051518 -39.183993 0.390021 9.599326e-01
-17.800000 2.049697 -38.534300 0.389616 9.599442e-01
-17.500000 2.047816 -37.884605 0.389198 9.599563e-01
-17.200000 2.045874 -37.234909 0.388765 9.599689e-01
-16.900000 2.043867 -36.585211 0.388317 9.599821e-01
-16.600000 2.041790 -35.935512 0.387853 9.599958e-01
-16.300000 2.039642 -35.285811 0.387373 9.600101e-01
-16.000000 2.037418 -34.636107 0.386875 9.600251e-01
-15.700000 2.035114 -33.986402 0.386358 9.600408e-01
-15.400000 2.032725 -33.336693 0.385822 9.600572e-01
-15.100000 2.030247 -32.686982 0.385265 9.600745e-01
-14.800000 2.027675 -32.037268 0.384686 9.600926e-01
-14.500000 2.025003 -31.387551 0.384083 9.601117e-01
-14.200000 2.022226 -30.737830 0.383456 9.601317e-01
-13.900000 2.019336 -30.088104 0.382802 9.601529e-01
-13.600000 2.016327 -29.438375 0.382120 9.601753e-01
-13.300000 2.013192 -28.788640 0.381408 9.601989e-01
-13.000000 2.009921 -28.138900 0.380664 9.602240e-01
-12.700000 2.006508 -27.489153 0.379885 9.602505e-01
-12.400000 2.002940 -26.839400 0.379069 9.602787e-01
-12.100000 1.999209 -26.189639 0.378214 9.603088e-01
-11.800000 1.995302 -25.539870 0.377317 9.603408e-01
-11.500000 1.991207 -24.890092 0.376373 9.603750e-01
-11.200000 1.986910 -24.240304 0.375380 9.604115e-01
-10.900000 1.982395 -23.590504 0.374334 9.604507e-01
-10.600000 1.977646 -22.940692 0.373231 9.604928e-01
-10.300000 1.972643 -22.290866 0.372064 9.605382e-01
-10.000000 1.967366 -21.641025 0.370829 9.605870e-01
-9.700000 1.961791 -20.991168 0.369520 9.606399e-01
-9.400000 1.955893 -20.341292 0.368130 9.606972e-01
-9.100000 1.949643 -19.691397 0.366651 9.607595e-01
-8.800000 1.943008 -19.041480 0.365075 9.608273e-01
-8.500000 1.935952 -18.391541 0.363390 9.609014e-01
-8.200000 1.928432 -17.741578 0.361587 9.609827e-01
-7.900000 1.920403 -17.091591 0.359652 9.610721e-01
-7.600000 1.911812 -16.441579 0.357571 9.611707e-01
-7.300000 1.902596 -15.791544 0.355326 9.612800e-01
-7.000000 1.892686 -15.141489 0.352897 9.614017e-01
-6.700000 1.882002 -14.491419 0.350261 9.615378e-01
-6.400000 1.870452 -13.841344 0.347390 9.616909e-01
-6.100000 1.857927 -13.191279 0.344252 9.618641e-01
-5.800000 1.844301 -12.541246 0.340808 9.620613e-01
-5.500000 1.829428 -11.891281 0.337009 9.622877e-01
-5.200000 1.813134 -11.241432 0.332800 9.625499e-01
-4.900000 1.795216 -10.591773 0.328107 9.628565e-01
-4.600000 1.775430 -9.942407 0.322842 9.632192e-01
-4.300000 1.753487 -9.293480 0.316892 9.636536e-01
-4.000000 1.729040 -8.645198 0.310112 9.641813e-01
-3.700000 1.701670 -7.997847 0.302316 9.648320e-01
-3.400000 1.670870 -7.351828 0.293258 9.656476e-01
-3.100000 1.636025 -6.707701 0.282614 9.666867e-01
-2.800000 1.596384 -6.066261 0.269951 9.680325e-01
-2.500000 1.551050 -5.428673 0.254690 9.698019e-01
-2.200000 1.498980 -4.796737 0.236062 9.721567e-01
-1.900000 1.439105 -4.173403 0.213082 9.753071e-01
-1.600000 1.370665 -3.563728 0.184621 9.794780e-01
-1.300000 1.294007 -2.976215 0.149854 9.847485e-01
-1.000000 1.211621 -2.423243 0.109606 9.906379e-01
-0.700000 1.127933 -1.917485 0.068920 9.957068e-01
-0.400000 1.046236 -1.464730 0.038046 9.984752e-01
-0.100000 0.965525 -1.062078 0.030523 9.988472e-01
0.200000 0.882536 -0.706029 0.046186 9.968472e-01
0.500000 0.797511 -0.398755 0.069482 9.913104e-01
0.800000 0.716758 -0.143352 0.092780 9.810168e-01
1.100000 9.518249 0.951825 0.761993 9.926530e-01
1.400000 0.594344 0.237738 0.125517 9.510176e-01
1.700000 0.554098 0.387869 0.134567 9.362309e-01
2.000000 0.524049 0.524049 0.140318 9.235356e-01
2.300000 0.501291 0.651678 0.143860 9.131504e-01
2.600000 0.483687 0.773899 0.145962 9.048416e-01
2.900000 0.469766 0.892555 0.147132 8.982424e-01
3.200000 0.458526 1.008757 0.147699 8.929959e-01
3.500000 0.449279 1.123197 0.147877 8.888012e-01
3.800000 0.441544 1.236323 0.147806 8.854202e-01
4.100000 0.434978 1.348432 0.147575 8.826695e-01
4.400000 0.429332 1.459729 0.147244 8.804092e-01
4.700000 0.424421 1.570358 0.146853 8.785335e-01
5.000000 0.420107 1.680426 0.146429 8.769617e-01
5.300000 0.416282 1.790014 0.145988 8.756325e-01
5.600000 0.412866 1.899184 0.145543 8.744986e-01
5.900000 0.409793 2.007985 0.145101 8.735233e-01
6.200000 0.407011 2.116458 0.144667 8.726780e-01
6.500000 0.404479 2.224637 0.144244 8.719403e-01
6.800000 0.402164 2.332551 0.143834 8.712922e-01
7.100000 0.400037 2.440224 0.143438 8.707192e-01
7.400000 0.398075 2.547679 0.143058 8.702099e-01
7.700000 0.396259 2.654932 0.142692 8.697547e-01
8.000000 0.394572 2.762003 0.142341 8.693457e-01
8.300000 0.393001 2.868904 0.142004 8.689767e-01
8.600000 0.391533 2.975651 0.141682 8.686420e-01
8.900000 0.390159 3.082255 0.141373 8.683374e-01
9.200000 0.388869 3.188726 0.141077 8.680589e-01
9.500000 0.387656 3.295076 0.140794 8.678035e-01
9.800000 0.386513 3.401313 0.140523 8.675682e-01
10.100000 0.385434 3.507445 0.140263 8.673508e-01
10.400000 0.384413 3.613481 0.140014 8.671494e-01
10.700000 0.383446 3.719426 0.139775 8.669620e-01
11.000000 0.382529 3.825288 0.139546 8.667874e-01
11.300000 0.381658 3.931073 0.139327 8.666241e-01
11.600000 0.380829 4.036785 0.139116 8.664711e-01
11.900000 0.380040 4.142431 0.138914 8.663273e-01
12.200000 0.379287 4.248014 0.138720 8.661919e-01
12.500000 0.378569 4.353539 0.138534 8.660642e-01
12.800000 0.377882 4.459010 0.138355 8.659434e-01
13.100000 0.377226 4.564430 0.138182 8.658290e-01
13.400000 0.376597 4.669803 0.138016 8.657205e-01
13.700000 0.375995 4.775132 0.137857 8.656173e-01
14.000000 0.375417 4.880420 0.137703 8.655191e-01
14.300000 0.374862 4.985670 0.137555 8.654256e-01
14.600000 0.374330 5.090884 0.137412 8.653363e-01
14.900000 0.373818 5.196064 0.137274 8.652510e-01
15.200000 0.373325 5.301213 0.137141 8.651694e-01
15.500000 0.372851 5.406333 0.137013 8.650913e-01
15.800000 0.372394 5.511425 0.136889 8.650165e-01
16.100000 0.371953 5.616492 0.136769 8.649447e-01
16.400000 0.371528 5.721534 0.136653 8.648758e-01
16.700000 0.371118 5.826554 0.136541 8.648096e-01
17.000000 0.370722 5.931552 0.136432 8.647460e-01
17.300000 0.370339 6.036531 0.136327 8.646847e-01
17.600000 0.369969 6.141491 0.136225 8.646258e-01
17.900000 0.369611 6.246434 0.136126 8.645691e-01
18.200000 0.369265 6.351360 0.136031 8.645144e-01
18.500000 0.368930 6.456271 0.135938 8.644617e-01
18.800000 0.368605 6.561168 0.135847 8.644109e-01
19.100000 0.368290 6.666051 0.135760 8.643618e-01
19.400000 0.367985 6.770921 0.135675 8.643145e-01
19.700000 0.367689 6.875779 0.135592 8.642688e-01
20.000000 0.367401 6.980626 0.135511 8.642246e-01
20.300000 0.367122 7.085462 0.135433 8.641820e-01
20.600000 0.366851 7.190289 0.135357 8.641408e-01
20.900000 0.366588 7.295106 0.135283 8.641009e-01
21.200000 0.366332 7.399914 0.135210 8.640624e-01
21.500000 0.366084 7.504714 0.135140 8.640251e-01
21.800000 0.365842 7.609507 0.135072 8.639890e-01
22.100000 0.365606 7.714292 0.135005 8.639541e-01
22.400000 0.365377 7.819070 0.134939 8.639204e-01
22.700000 0.365154 7.923841 0.134876 8.638877e-01
23.000000 0.364937 8.028607 0.134814 8.638560e-01
23.300000 0.364725 8.133367 0.134753 8.638254e-01
23.600000 0.364519 8.238121 0.134694 8.637957e-01
23.900000 0.364318 8.342871 0.134636 8.637669e-01
24.200000 0.364121 8.447616 0.134579 8.637391e-01
24.500000 0.363930 8.552356 0.134524 8.637121e-01
24.800000 0.363743 8.657092 0.134470 8.636859e-01
