-25.000000 1.776567 -46.190740 0.559808 8.971286e-01
-24.700000 1.775744 -45.636613 0.559527 8.971357e-01
-24.400000 1.774901 -45.082481 0.559239 8.971431e-01
-24.100000 1.774038 -44.528344 0.558945 8.971506e-01
-23.800000 1.773153 -43.974203 0.558642 8.971584e-01
-23.500000 1.772247 -43.420057 0.558332 8.971665e-01
-23.200000 1.771318 -42.865907 0.558015 8.971748e-01
-22.900000 1.770366 -42.311750 0.557689 8.971834e-01
-22.600000 1.769389 -41.757589 0.557354 8.971923e-01
-22.300000 1.768387 -41.203421 0.557011 8.972014e-01
-22.000000 1.767359 -40.649247 0.556658 8.972109e-01
-21.700000 1.766302 -40.095067 0.556296 8.972207e-01
-21.400000 1.765218 -39.540880 0.555924 8.972309e-01
-21.100000 1.764103 -38.986685 0.555541 8.972414e-01
-20.800000 1.762958 -38.432484 0.555148 8.972523e-01
-20.500000 1.761780 -37.878274 0.554743 8.972636e-01
-20.200000 1.760569 -37.324056 0.554326 8.972753e-01
-19.900000 1.759322 -36.769830 0.553897 8.972874e-01
-19.600000 1.758039 -36.215595 0.553455 8.973000e-01
-19.300000 1.756717 -35.661350 0.553000 8.973131e-01
-19.000000 1.755355 -35.107095 0.552530 8.973267e-01
-18.700000 1.753951 -34.552830 0.552046 8.973409e-01
-18.400000 1.752503 -33.998554 0.551546 8.973556e-01
-18.100000 1.751009 -33.444267 0.551030 8.973709e-01
-17.800000 1.749466 -32.889968 0.550497 8.973869e-01
-17.500000 1.747873 -32.335656 0.549946 8.974035e-01
-17.200000 1.746227 -31.781332 0.549376 8.974209e-01
-16.900000 1.744525 -31.226993 0.548786 8.974391e-01
-16.600000 1.742764 -30.672641 0.548176 8.974580e-01
-16.300000 1.740941 -30.118273 0.547543 8.974779e-01
-16.000000 1.739052 -29.563890 0.546888 8.974987e-01
-15.700000 1.737095 -29.009491 0.546208 8.975205e-01
-15.400000 1.735066 -28.455074 0.545502 8.975433e-01
-15.100000 1.732959 -27.900640 0.544768 8.975673e-01
-14.800000 1.730771 -27.346188 0.544006 8.975926e-01
-14.500000 1.728498 -26.791716 0.543212 8.976192e-01
-14.200000 1.726133 -26.237224 0.542386 8.976473e-01
-13.900000 1.723672 -25.682711 0.541526 8.976770e-01
-13.600000 1.721108 -25.128177 0.540628 8.977084e-01
-13.300000 1.718435 -24.573619 0.539690 8.977416e-01
-13.000000 1.715646 -24.019039 0.538711 8.977769e-01
-12.700000 1.712732 -23.464434 0.537686 8.978145e-01
-12.400000 1.709687 -22.909804 0.536613 8.978545e-01
-12.100000 1.706500 -22.355149 0.535487 8.978973e-01
-11.800000 1.703161 -21.800467 0.534306 8.979432e-01
-11.500000 1.699661 -21.245757 0.533065 8.979924e-01
-11.200000 1.695985 -20.691021 0.531758 8.980455e-01
-10.900000 1.692122 -20.136256 0.530381 8.981028e-01
-10.600000 1.688057 -19.581463 0.528927 8.981649e-01
-10.300000 1.683774 -19.026642 0.527390 8.982325e-01
-10.000000 1.679254 -18.471794 0.525762 8.983063e-01
-9.700000 1.674478 -17.916918 0.524034 8.983873e-01
-9.400000 1.669425 -17.362018 0.522197 8.984766e-01
-9.100000 1.664069 -16.807094 0.520240 8.985754e-01
-8.800000 1.658383 -16.252151 0.518149 8.986854e-01
-8.500000 1.652336 -15.697191 0.515910 8.988086e-01
-8.200000 1.645894 -15.142222 0.513507 8.989472e-01
-7.900000 1.639017 -14.587251 0.510919 8.991043e-01
-7.600000 1.631661 -14.032289 0.508124 8.992835e-01
-7.300000 1.623777 -13.477349 0.505094 8.994894e-01
-7.000000 1.615306 -12.922450 0.501797 8.997275e-01
-6.700000 1.606184 -12.367615 0.498195 9.000052e-01
-6.400000 1.596335 -11.812877 0.494242 9.003314e-01
-6.100000 1.585673 -11.258275 0.489883 9.007178e-01
-5.800000 1.574098 -10.703865 0.485052 9.011792e-01
-5.500000 1.561495 -10.149718 0.479666 9.017349e-01
-5.200000 1.547730 -9.595927 0.473624 9.024100e-01
-4.900000 1.532647 -9.042620 0.466802 9.032376e-01
-4.600000 1.516065 -8.489966 0.459040 9.042619e-01
-4.300000 1.497773 -7.938200 0.450140 9.055426e-01
-4.000000 1.477528 -7.387640 0.439839 9.071619e-01
-3.700000 1.455050 -6.838734 0.427796 9.092350e-01
-3.400000 1.430023 -6.292100 0.413547 9.119259e-01
-3.100000 1.402094 -5.748584 0.396457 9.154707e-01
-2.800000 1.370869 -5.209304 0.375641 9.202074e-01
-2.500000 1.335895 -4.675633 0.349859 9.266059e-01
-2.200000 1.296590 -4.149087 0.317405 9.352729e-01
-1.900000 1.252113 -3.631129 0.276018 9.468629e-01
-1.600000 1.201299 -3.123377 0.223042 9.617140e-01
-1.300000 1.143512 -2.630076 0.156998 9.786952e-01
-1.000000 1.083711 -2.167422 0.085179 9.929161e-01
-0.700000 1.038741 -1.765860 0.032765 9.988523e-01
-0.400000 1.015448 -1.421627 0.010124 9.998852e-01
-0.100000 1.002862 -1.103149 0.001378 9.999978e-01
0.200000 0.993986 -0.795189 0.003336 9.999870e-01
0.500000 0.986644 -0.493322 0.006674 9.999472e-01
0.800000 0.980142 -0.196028 0.009417 9.998934e-01
1.100000 16.223555 1.622355 1.953386 9.835336e-01
1.400000 0.968606 0.387443 0.014018 9.997582e-01
1.700000 0.963315 0.674320 0.016072 9.996786e-01
2.000000 0.958244 0.958244 0.018030 9.995913e-01
2.300000 0.953350 1.239355 0.019920 9.994961e-01
2.600000 0.948605 1.517768 0.021762 9.993926e-01
2.900000 0.943990 1.793581 0.023569 9.992806e-01
3.200000 0.939493 2.066885 0.025348 9.991600e-01
3.500000 0.935106 2.337766 0.027105 9.990306e-01
3.800000 0.930825 2.606310 0.028842 9.988925e-01
4.100000 0.926647 2.872607 0.030559 9.987456e-01
4.400000 0.922572 3.136745 0.032255 9.985903e-01
4.700000 0.918600 3.398818 0.033929 9.984270e-01
5.000000 0.914730 3.658921 0.035579 9.982560e-01
5.300000 0.910965 3.917151 0.037200 9.980779e-01
5.600000 0.907306 4.173607 0.038790 9.978936e-01
5.900000 0.903753 4.428390 0.040346 9.977037e-01
6.200000 0.900308 4.681601 0.041866 9.975090e-01
6.500000 0.896971 4.933341 0.043345 9.973105e-01
6.800000 0.893743 5.183710 0.044782 9.971091e-01
7.100000 0.890624 5.432807 0.046174 9.969056e-01
7.400000 0.887614 5.680727 0.047519 9.967010e-01
7.700000 0.884711 5.927564 0.048817 9.964962e-01
8.000000 0.881915 6.173407 0.050067 9.962919e-01
8.300000 0.879225 6.418341 0.051267 9.960890e-01
8.600000 0.876638 6.662446 0.052417 9.958881e-01
8.900000 0.874151 6.905797 0.053519 9.956899e-01
9.200000 0.871764 7.148464 0.054572 9.954949e-01
9.500000 0.869472 7.390512 0.055578 9.953036e-01
9.800000 0.867273 7.632001 0.056536 9.951164e-01
10.100000 0.865163 7.872986 0.057450 9.949336e-01
10.400000 0.863140 8.113517 0.058319 9.947555e-01
10.700000 0.861200 8.353638 0.059146 9.945823e-01
11.000000 0.859339 8.593392 0.059932 9.944142e-01
11.300000 0.857555 8.832814 0.060679 9.942512e-01
11.600000 0.855843 9.071940 0.061389 9.940933e-01
11.900000 0.854202 9.310799 0.062063 9.939406e-01
12.200000 0.852627 9.549417 0.062703 9.937931e-01
12.500000 0.851115 9.787820 0.063310 9.936507e-01
12.800000 0.849663 10.026029 0.063887 9.935133e-01
13.100000 0.848270 10.264063 0.064434 9.933808e-01
13.400000 0.846931 10.501940 0.064954 9.932532e-01
13.700000 0.845644 10.739676 0.065447 9.931303e-01
14.000000 0.844406 10.977283 0.065916 9.930119e-01
14.300000 0.843216 11.214776 0.066361 9.928980e-01
14.600000 0.842071 11.452164 0.066784 9.927884e-01
14.900000 0.840968 11.689458 0.067186 9.926829e-01
15.200000 0.839906 11.926667 0.067568 9.925815e-01
15.500000 0.838883 12.163799 0.067932 9.924839e-01
15.800000 0.837896 12.400861 0.068278 9.923900e-01
16.100000 0.836944 12.637859 0.068607 9.922997e-01
16.400000 0.836026 12.874799 0.068920 9.922129e-01
16.700000 0.835139 13.111686 0.069218 9.921294e-01
17.000000 0.834283 13.348526 0.069502 9.920490e-01
17.300000 0.833455 13.585321 0.069772 9.919717e-01
17.600000 0.832655 13.822077 0.070030 9.918972e-01
17.900000 0.831881 14.058795 0.070276 9.918256e-01
18.200000 0.831133 14.295480 0.070511 9.917567e-01
18.500000 0.830408 14.532134 0.070735 9.916904e-01
18.800000 0.829706 14.768760 0.070948 9.916265e-01
19.100000 0.829025 15.005360 0.071152 9.915650e-01
19.400000 0.828366 15.241935 0.071347 9.915057e-01
19.700000 0.827727 15.478489 0.071533 9.914486e-01
20.000000 0.827106 15.715022 0.071711 9.913936e-01
20.300000 0.826504 15.951536 0.071881 9.913406e-01
20.600000 0.825920 16.188032 0.072044 9.912895e-01
20.900000 0.825352 16.424512 0.072200 9.912402e-01
21.200000 0.824801 16.660977 0.072349 9.911926e-01
21.500000 0.824265 16.897427 0.072491 9.911468e-01
21.800000 0.823744 17.133865 0.072628 9.911025e-01
22.100000 0.823237 17.370290 0.072759 9.910599e-01
22.400000 0.822743 17.606704 0.072884 9.910186e-01
22.700000 0.822263 17.843107 0.073004 9.909789e-01
23.000000 0.821795 18.079501 0.073119 9.909404e-01
23.300000 0.821340 18.315884 0.073230 9.909033e-01
23.600000 0.820896 18.552259 0.073336 9.908674e-01
23.900000 0.820464 18.788626 0.073437 9.908328e-01
24.200000 0.820042 19.024985 0.073535 9.907993e-01
24.500000 0.819631 19.261336 0.073628 9.907669e-01
24.800000 0.819230 19.497681 0.073718 9.907356e-01
