-25.000000 1.895490 -49.282751 0.489288 9.285479e-01
-24.700000 1.894597 -48.691131 0.489014 9.285597e-01
-24.400000 1.893681 -48.099509 0.488733 9.285719e-01
-24.100000 1.892744 -47.507883 0.488445 9.285843e-01
-23.800000 1.891784 -46.916254 0.488150 9.285971e-01
-23.500000 1.890801 -46.324622 0.487848 9.286103e-01
-23.200000 1.889793 -45.732986 0.487538 9.286239e-01
-22.900000 1.888759 -45.141347 0.487220 9.286380e-01
-22.600000 1.887699 -44.549705 0.486893 9.286524e-01
-22.300000 1.886612 -43.958059 0.486558 9.286673e-01
-22.000000 1.885496 -43.366410 0.486214 9.286827e-01
-21.700000 1.884351 -42.774758 0.485860 9.286985e-01
-21.400000 1.883174 -42.183102 0.485497 9.287149e-01
-21.100000 1.881966 -41.591443 0.485123 9.287319e-01
-20.800000 1.880724 -40.999781 0.484739 9.287494e-01
-20.500000 1.879447 -40.408115 0.484343 9.287675e-01
-20.200000 1.878134 -39.816446 0.483936 9.287863e-01
-19.900000 1.876783 -39.224774 0.483517 9.288058e-01
-19.600000 1.875393 -38.633099 0.483085 9.288260e-01
-19.300000 1.873962 -38.041420 0.482640 9.288470e-01
-19.000000 1.872487 -37.449739 0.482180 9.288687e-01
-18.700000 1.870967 -36.858054 0.481707 9.288914e-01
-18.400000 1.869400 -36.266367 0.481217 9.289150e-01
-18.100000 1.867784 -35.674677 0.480712 9.289395e-01
-17.800000 1.866116 -35.082984 0.480190 9.289651e-01
-17.500000 1.864394 -34.491289 0.479649 9.289918e-01
-17.200000 1.862615 -33.899592 0.479090 9.290197e-01
-16.900000 1.860776 -33.307892 0.478512 9.290488e-01
-16.600000 1.858874 -32.716191 0.477912 9.290793e-01
-16.300000 1.856907 -32.124488 0.477290 9.291113e-01
-16.000000 1.854870 -31.532784 0.476645 9.291449e-01
-15.700000 1.852759 -30.941078 0.475975 9.291801e-01
-15.400000 1.850571 -30.349373 0.475279 9.292172e-01
-15.100000 1.848302 -29.757666 0.474555 9.292563e-01
-14.800000 1.845947 -29.165961 0.473802 9.292975e-01
-14.500000 1.843500 -28.574255 0.473018 9.293410e-01
-14.200000 1.840957 -27.982552 0.472199 9.293870e-01
-13.900000 1.838312 -27.390850 0.471346 9.294358e-01
-13.600000 1.835558 -26.799150 0.470454 9.294876e-01
-13.300000 1.832689 -26.207455 0.469521 9.295426e-01
-13.000000 1.829697 -25.615763 0.468545 9.296012e-01
-12.700000 1.826575 -25.024077 0.467522 9.296638e-01
-12.400000 1.823313 -24.432397 0.466448 9.297307e-01
-12.100000 1.819903 -23.840725 0.465320 9.298023e-01
-11.800000 1.816333 -23.249061 0.464134 9.298792e-01
-11.500000 1.812593 -22.657408 0.462884 9.299619e-01
-11.200000 1.808669 -22.065767 0.461566 9.300511e-01
-10.900000 1.804550 -21.474140 0.460173 9.301475e-01
-10.600000 1.800218 -20.882529 0.458700 9.302519e-01
-10.300000 1.795658 -20.290936 0.457138 9.303653e-01
-10.000000 1.790851 -19.699364 0.455480 9.304888e-01
-9.700000 1.785777 -19.107815 0.453716 9.306236e-01
-9.400000 1.780413 -18.516294 0.451836 9.307712e-01
-9.100000 1.774733 -17.924803 0.449827 9.309333e-01
-8.800000 1.768709 -17.333346 0.447678 9.311118e-01
-8.500000 1.762308 -16.741929 0.445371 9.313091e-01
-8.200000 1.755495 -16.150557 0.442890 9.315279e-01
-7.900000 1.748229 -15.559236 0.440215 9.317714e-01
-7.600000 1.740462 -14.967973 0.437321 9.320434e-01
-7.300000 1.732142 -14.376778 0.434180 9.323486e-01
-7.000000 1.723207 -13.785660 0.430762 9.326926e-01
-6.700000 1.713589 -13.194632 0.427028 9.330820e-01
-6.400000 1.703204 -12.603711 0.422932 9.335252e-01
-6.100000 1.691960 -12.012914 0.418420 9.340324e-01
-5.800000 1.679745 -11.422267 0.413426 9.346166e-01
-5.500000 1.666431 -10.831801 0.407871 9.352940e-01
-5.200000 1.651864 -10.241555 0.401656 9.360853e-01
-4.900000 1.635862 -9.651584 0.394658 9.370172e-01
-4.600000 1.618207 -9.061958 0.386723 9.381248e-01
-4.300000 1.598636 -8.472769 0.377653 9.394538e-01
-4.000000 1.576829 -7.884143 0.367196 9.410654e-01
-3.700000 1.552394 -7.296252 0.355023 9.430408e-01
-3.400000 1.524848 -6.709332 0.340706 9.454887e-01
-3.100000 1.493589 -6.123713 0.323680 9.485536e-01
-2.800000 1.457865 -5.539885 0.303208 9.524227e-01
-2.500000 1.416749 -4.958622 0.278341 9.573270e-01
-2.200000 1.369157 -4.381303 0.247929 9.635136e-01
-1.900000 1.314057 -3.810766 0.210823 9.711325e-01
-1.600000 1.251341 -3.253486 0.166719 9.799122e-01
-1.300000 1.184195 -2.723649 0.118461 9.885754e-01
-1.000000 1.121553 -2.243105 0.074198 9.949710e-01
-0.700000 1.072431 -1.823132 0.041618 9.982638e-01
-0.400000 1.036348 -1.450887 0.019740 9.995812e-01
-0.100000 1.007647 -1.108412 0.003671 9.999847e-01
0.200000 0.982339 -0.785871 0.010278 9.998736e-01
0.500000 0.958693 -0.479347 0.023029 9.993341e-01
0.800000 0.936137 -0.187227 0.035169 9.983727e-01
1.100000 14.851382 1.485138 1.154096 9.930744e-01
1.400000 0.893971 0.357589 0.057341 9.952712e-01
1.700000 0.874430 0.612101 0.067143 9.932373e-01
2.000000 0.855963 0.855963 0.076030 9.909709e-01
2.300000 0.838599 1.090178 0.084029 9.885379e-01
2.600000 0.822367 1.315787 0.091184 9.860007e-01
2.900000 0.807297 1.533864 0.097545 9.834193e-01
3.200000 0.793404 1.745490 0.103159 9.808508e-01
3.500000 0.780685 1.951712 0.108076 9.783466e-01
3.800000 0.769105 2.153495 0.112351 9.759490e-01
4.100000 0.758611 2.351695 0.116042 9.736890e-01
4.400000 0.749129 2.547039 0.119212 9.715858e-01
4.700000 0.740575 2.740129 0.121924 9.696487e-01
5.000000 0.732863 2.931451 0.124236 9.678783e-01
5.300000 0.725905 3.121389 0.126206 9.662696e-01
5.600000 0.719619 3.310249 0.127881 9.648135e-01
5.900000 0.713932 3.498265 0.129307 9.634988e-01
6.200000 0.708773 3.685620 0.130521 9.623133e-01
6.500000 0.704083 3.872455 0.131556 9.612447e-01
6.800000 0.699807 4.058880 0.132439 9.602811e-01
7.100000 0.695898 4.244977 0.133193 9.594114e-01
7.400000 0.692315 4.430813 0.133840 9.586252e-01
7.700000 0.689020 4.616437 0.134394 9.579133e-01
8.000000 0.685984 4.801888 0.134870 9.572674e-01
8.300000 0.683178 4.987197 0.135280 9.566800e-01
8.600000 0.680577 5.172388 0.135633 9.561446e-01
8.900000 0.678162 5.357478 0.135938 9.556553e-01
9.200000 0.675913 5.542483 0.136202 9.552072e-01
9.500000 0.673813 5.727415 0.136431 9.547956e-01
9.800000 0.671850 5.912281 0.136629 9.544167e-01
10.100000 0.670010 6.097091 0.136802 9.540670e-01
10.400000 0.668282 6.281849 0.136952 9.537434e-01
10.700000 0.666656 6.466560 0.137083 9.534432e-01
11.000000 0.665123 6.651229 0.137197 9.531641e-01
11.300000 0.663676 6.835859 0.137297 9.529040e-01
11.600000 0.662307 7.020452 0.137384 9.526611e-01
11.900000 0.661010 7.205011 0.137461 9.524337e-01
12.200000 0.659780 7.389537 0.137527 9.522204e-01
12.500000 0.658612 7.574033 0.137586 9.520199e-01
12.800000 0.657500 7.758499 0.137638 9.518310e-01
13.100000 0.656441 7.942937 0.137683 9.516528e-01
13.400000 0.655431 8.127349 0.137723 9.514844e-01
13.700000 0.654467 8.311735 0.137757 9.513248e-01
14.000000 0.653546 8.496096 0.137788 9.511735e-01
14.300000 0.652664 8.680433 0.137815 9.510297e-01
14.600000 0.651820 8.864747 0.137839 9.508929e-01
14.900000 0.651010 9.049039 0.137860 9.507626e-01
15.200000 0.650233 9.233309 0.137878 9.506382e-01
15.500000 0.649487 9.417558 0.137894 9.505193e-01
15.800000 0.648769 9.601787 0.137908 9.504056e-01
16.100000 0.648079 9.785996 0.137921 9.502967e-01
16.400000 0.647415 9.970185 0.137931 9.501922e-01
16.700000 0.646774 10.154356 0.137941 9.500919e-01
17.000000 0.646157 10.338510 0.137949 9.499955e-01
17.300000 0.645561 10.522645 0.137956 9.499028e-01
17.600000 0.644986 10.706764 0.137963 9.498136e-01
17.900000 0.644430 10.890865 0.137968 9.497276e-01
18.200000 0.643893 11.074951 0.137973 9.496446e-01
18.500000 0.643373 11.259021 0.137977 9.495645e-01
18.800000 0.642869 11.443076 0.137980 9.494871e-01
19.100000 0.642382 11.627116 0.137983 9.494123e-01
19.400000 0.641910 11.811142 0.137986 9.493400e-01
19.700000 0.641452 11.995154 0.137988 9.492699e-01
20.000000 0.641008 12.179152 0.137989 9.492021e-01
20.300000 0.640577 12.363137 0.137990 9.491363e-01
20.600000 0.640159 12.547109 0.137991 9.490725e-01
20.900000 0.639752 12.731068 0.137992 9.490106e-01
21.200000 0.639357 12.915015 0.137992 9.489505e-01
21.500000 0.638973 13.098951 0.137993 9.488921e-01
21.800000 0.638600 13.282874 0.137993 9.488354e-01
22.100000 0.638236 13.466787 0.137992 9.487802e-01
22.400000 0.637883 13.650688 0.137992 9.487266e-01
22.700000 0.637538 13.834579 0.137992 9.486743e-01
23.000000 0.637203 14.018460 0.137991 9.486235e-01
23.300000 0.636876 14.202330 0.137990 9.485740e-01
23.600000 0.636557 14.386191 0.137989 9.485258e-01
23.900000 0.636246 14.570041 0.137988 9.484788e-01
24.200000 0.635943 14.753883 0.137987 9.484329e-01
24.500000 0.635647 14.937715 0.137986 9.483882e-01
24.800000 0.635359 15.121539 0.137985 9.483446e-01
