1.455181 0.533262 8.657365e-01 0.712241 0.363253 7.689985e-01
1.224927 0.236017 9.588889e-01 0.908411 0.109902 9.833777e-01
1.090683 0.071695 9.950347e-01 0.985353 0.014686 9.997435e-01
1.040001 0.023192 9.994260e-01 0.999149 0.000881 9.999991e-01
1.015136 0.006931 9.999462e-01 0.998216 0.001337 9.999979e-01
0.998069 0.001846 9.999960e-01 0.992357 0.004207 9.999792e-01
0.984273 0.007723 9.999289e-01 0.983447 0.008061 9.999224e-01
0.972267 0.012586 9.998065e-01 0.972075 0.012663 9.998041e-01
0.961379 0.016847 9.996455e-01 0.958488 0.017982 9.995937e-01
0.951245 0.020761 9.994502e-01 0.942796 0.024061 9.992484e-01
0.941654 0.024472 9.992206e-01 0.925065 0.030963 9.987079e-01
0.932482 0.028062 9.989552e-01 0.905355 0.038750 9.978889e-01
0.923659 0.031580 9.986519e-01 0.883745 0.047470 9.966790e-01
0.915146 0.035046 9.983092e-01 0.860342 0.057143 9.949313e-01
0.906926 0.038470 9.979264e-01 0.835279 0.067759 9.924576e-01
0.898994 0.041850 9.975036e-01 0.808714 0.079278 9.890239e-01
0.891353 0.045175 9.970425e-01 0.780830 0.091629 9.843462e-01
0.884007 0.048432 9.965456e-01 0.751824 0.104713 9.780884e-01
0.876967 0.051606 9.960168e-01 0.721909 0.118414 9.698645e-01
0.870239 0.054681 9.954611e-01 0.691307 0.132597 9.592448e-01
0.863833 0.057641 9.948844e-01 0.660244 0.147120 9.457698e-01
0.857755 0.060470 9.942931e-01 0.628948 0.161832 9.289725e-01
0.852009 0.063158 9.936942e-01 0.597645 0.176586 9.084129e-01
0.846600 0.065692 9.930948e-01 0.566552 0.191236 8.837212e-01
0.841529 0.068064 9.925019e-01 0.535878 0.205644 8.546506e-01
0.836793 0.070269 9.919221e-01 0.505814 0.219679 8.211312e-01
0.832389 0.072304 9.913617e-01 0.476534 0.233226 7.833162e-01
0.828309 0.074167 9.908260e-01 0.448190 0.246179 7.416086e-01
