1.499712 0.337260 9.448194e-01 0.743394 0.191019 9.291523e-01
1.308980 0.192045 9.757449e-01 0.906847 0.064196 9.942461e-01
1.183311 0.104948 9.909978e-01 0.977562 0.014372 9.997504e-01
1.105055 0.057087 9.969275e-01 0.997906 0.002032 9.999952e-01
1.047185 0.024838 9.993508e-01 0.995308 0.003345 9.999870e-01
0.997125 0.002402 9.999933e-01 0.977909 0.012670 9.998062e-01
0.950849 0.027282 9.990502e-01 0.947907 0.028859 9.989307e-01
0.907525 0.050354 9.964572e-01 0.906822 0.050725 9.963996e-01
0.867213 0.071025 9.923133e-01 0.856510 0.076502 9.908710e-01
0.830076 0.088991 9.869004e-01 0.799028 0.104322 9.806944e-01
0.796228 0.104284 9.805749e-01 0.736493 0.132689 9.638692e-01
0.765784 0.117092 9.737097e-01 0.671125 0.160492 9.380487e-01
0.738872 0.127609 9.667002e-01 0.605281 0.186757 9.009477e-01
0.715575 0.135995 9.599585e-01 0.541304 0.210535 8.512818e-01
0.695850 0.142415 9.538585e-01 0.481230 0.231002 7.898254e-01
0.679501 0.147085 9.486671e-01 0.426542 0.247633 7.198183e-01
