1.582019 0.376724 9.385388e-01 0.601358 0.306097 7.696989e-01
1.487252 0.305892 9.534225e-01 0.738305 0.204336 9.187298e-01
1.383740 0.221279 9.713149e-01 0.857402 0.106057 9.826369e-01
1.291426 0.149768 9.847057e-01 0.936306 0.043122 9.975565e-01
1.215598 0.100660 9.921435e-01 0.978351 0.014619 9.997422e-01
1.147902 0.065455 9.962591e-01 0.995341 0.005671 9.999625e-01
1.078183 0.033656 9.988759e-01 0.991701 0.007022 9.999421e-01
1.000070 0.005243 9.999683e-01 0.964117 0.018795 9.995613e-01
0.913737 0.041521 9.976210e-01 0.907861 0.044144 9.972770e-01
0.826873 0.079872 9.893394e-01 0.825465 0.080479 9.891419e-01
0.749995 0.110662 9.754743e-01 0.729725 0.118763 9.703189e-01
0.689238 0.130684 9.601376e-01 0.635977 0.149789 9.397944e-01
0.644452 0.141228 9.474536e-01 0.553486 0.169809 9.019565e-01
0.612201 0.145314 9.389093e-01 0.484409 0.179869 8.626443e-01
0.588726 0.145617 9.340108e-01 0.427074 0.182775 8.254097e-01
0.571138 0.143920 9.316798e-01 0.378825 0.181169 7.910593e-01
0.557504 0.141269 9.309668e-01 0.337322 0.176962 7.588235e-01
0.546604 0.138246 9.312095e-01 0.300866 0.171375 7.274347e-01
