-25.000000 3.051072 -79.327869 1.120402 8.652553e-01
-24.700000 3.049647 -78.375934 1.119879 8.652553e-01
-24.400000 3.048189 -77.424000 1.119343 8.652553e-01
-24.100000 3.046696 -76.472065 1.118795 8.652553e-01
-23.800000 3.045167 -75.520131 1.118234 8.652553e-01
-23.500000 3.043600 -74.568197 1.117658 8.652553e-01
-23.200000 3.041994 -73.616262 1.117069 8.652553e-01
-22.900000 3.040348 -72.664328 1.116464 8.652553e-01
-22.600000 3.038661 -71.712393 1.115844 8.652553e-01
-22.300000 3.036930 -70.760459 1.115209 8.652553e-01
-22.000000 3.035153 -69.808524 1.114556 8.652553e-01
-21.700000 3.033330 -68.856590 1.113887 8.652553e-01
-21.400000 3.031458 -67.904656 1.113199 8.652553e-01
-21.100000 3.029535 -66.952721 1.112493 8.652553e-01
-20.800000 3.027559 -66.000787 1.111768 8.652553e-01
-20.500000 3.025528 -65.048852 1.111022 8.652553e-01
-20.200000 3.023440 -64.096918 1.110255 8.652553e-01
-19.900000 3.021291 -63.144983 1.109466 8.652553e-01
-19.600000 3.019080 -62.193049 1.108654 8.652553e-01
-19.300000 3.016804 -61.241115 1.107818 8.652553e-01
-19.000000 3.014459 -60.289180 1.106957 8.652553e-01
-18.700000 3.012043 -59.337246 1.106070 8.652553e-01
-18.400000 3.009552 -58.385311 1.105155 8.652553e-01
-18.100000 3.006983 -57.433377 1.104212 8.652553e-01
-17.800000 3.004332 -56.481442 1.103238 8.652553e-01
-17.500000 3.001595 -55.529508 1.102233 8.652553e-01
-17.200000 2.998768 -54.577573 1.101195 8.652553e-01
-16.900000 2.995846 -53.625639 1.100122 8.652553e-01
-16.600000 2.992824 -52.673704 1.099013 8.652553e-01
-16.300000 2.989698 -51.721770 1.097864 8.652553e-01
-16.000000 2.986461 -50.769835 1.096676 8.652553e-01
-15.700000 2.983108 -49.817901 1.095445 8.652553e-01
-15.400000 2.979632 -48.865966 1.094168 8.652553e-01
-15.100000 2.976027 -47.914032 1.092844 8.652553e-01
-14.800000 2.972285 -46.962097 1.091470 8.652553e-01
-14.500000 2.968398 -46.010162 1.090043 8.652553e-01
-14.200000 2.964357 -45.058227 1.088559 8.652553e-01
-13.900000 2.960154 -44.106292 1.087015 8.652553e-01
-13.600000 2.955778 -43.154357 1.085408 8.652554e-01
-13.300000 2.951218 -42.202422 1.083734 8.652554e-01
-13.000000 2.946463 -41.250487 1.081988 8.652554e-01
-12.700000 2.941500 -40.298551 1.080165 8.652554e-01
-12.400000 2.936315 -39.346615 1.078261 8.652555e-01
-12.100000 2.930891 -38.394678 1.076269 8.652555e-01
-11.800000 2.925214 -37.442741 1.074184 8.652556e-01
-11.500000 2.919264 -36.490804 1.071999 8.652556e-01
-11.200000 2.913022 -35.538865 1.069706 8.652557e-01
-10.900000 2.906464 -34.586926 1.067297 8.652558e-01
-10.600000 2.899568 -33.634985 1.064764 8.652560e-01
-10.300000 2.892305 -32.683042 1.062096 8.652562e-01
-10.000000 2.884645 -31.731097 1.059282 8.652565e-01
-9.700000 2.876556 -30.779150 1.056310 8.652568e-01
-9.400000 2.868000 -29.827199 1.053166 8.652573e-01
-9.100000 2.858935 -28.875244 1.049835 8.652579e-01
-8.800000 2.849315 -27.923284 1.046298 8.652587e-01
-8.500000 2.839086 -26.971318 1.042538 8.652597e-01
-8.200000 2.828189 -26.019342 1.038530 8.652611e-01
-7.900000 2.816557 -25.067357 1.034251 8.652629e-01
-7.600000 2.804111 -24.115358 1.029670 8.652653e-01
-7.300000 2.790764 -23.163344 1.024756 8.652684e-01
-7.000000 2.776414 -22.211308 1.019468 8.652725e-01
-6.700000 2.760941 -21.259248 1.013763 8.652780e-01
-6.400000 2.744210 -20.307156 1.007588 8.652853e-01
-6.100000 2.726060 -19.355025 1.000882 8.652951e-01
-5.800000 2.706301 -18.402845 0.993571 8.653081e-01
-5.500000 2.684709 -17.450607 0.985570 8.653257e-01
-5.200000 2.661016 -16.498297 0.976773 8.653494e-01
-4.900000 2.634899 -15.545901 0.967053 8.653814e-01
-4.600000 2.605965 -14.593402 0.956255 8.654250e-01
-4.300000 2.573733 -13.640783 0.944186 8.654845e-01
-4.000000 2.537605 -12.688026 0.930606 8.655661e-01
-3.700000 2.496833 -11.735116 0.915211 8.656788e-01
-3.400000 2.450465 -10.782044 0.897609 8.658356e-01
-3.100000 2.397271 -9.828812 0.877293 8.660554e-01
-2.800000 2.335642 -8.875441 0.853592 8.663668e-01
-2.500000 2.263423 -7.921980 0.825600 8.668140e-01
-2.200000 2.177662 -6.968520 0.792067 8.674679e-01
-1.900000 2.074203 -6.015187 0.751216 8.684484e-01
-1.600000 1.946973 -5.062129 0.700418 8.699753e-01
-1.300000 1.786721 -4.109458 0.635559 8.725054e-01
-1.000000 1.579041 -3.158081 0.549530 8.772939e-01
-0.700000 1.310157 -2.227267 0.425426 8.914517e-01
-0.400000 1.060726 -1.485017 0.210625 9.564490e-01
-0.100000 0.981910 -1.080101 0.026804 9.991402e-01
0.200000 0.969968 -0.775975 0.005034 9.999689e-01
0.500000 0.963817 -0.481909 0.005915 9.999565e-01
0.800000 0.957741 -0.191548 0.006611 9.999450e-01
1.100000 15.658222 1.565822 2.002958 9.814539e-01
1.400000 0.945267 0.378107 0.009287 9.998885e-01
1.700000 0.939001 0.657301 0.011850 9.998161e-01
2.000000 0.932783 0.932783 0.014872 9.997065e-01
2.300000 0.926659 1.204657 0.018106 9.995593e-01
2.600000 0.920670 1.473072 0.021400 9.993764e-01
2.900000 0.914853 1.738220 0.024657 9.991618e-01
3.200000 0.909238 2.000324 0.027813 9.989206e-01
3.500000 0.903850 2.259626 0.030828 9.986583e-01
3.800000 0.898704 2.516373 0.033677 9.983810e-01
4.100000 0.893809 2.770809 0.036345 9.980941e-01
4.400000 0.889168 3.023170 0.038828 9.978027e-01
4.700000 0.884776 3.273670 0.041126 9.975111e-01
5.000000 0.880627 3.522509 0.043246 9.972227e-01
5.300000 0.876713 3.769864 0.045195 9.969404e-01
5.600000 0.873020 4.015894 0.046985 9.966661e-01
5.900000 0.869538 4.260737 0.048627 9.964014e-01
6.200000 0.866253 4.504516 0.050132 9.961470e-01
6.500000 0.863152 4.747338 0.051513 9.959037e-01
6.800000 0.860224 4.989298 0.052778 9.956716e-01
7.100000 0.857455 5.230478 0.053940 9.954507e-01
7.400000 0.854836 5.470950 0.055007 9.952409e-01
7.700000 0.852355 5.710778 0.055988 9.950419e-01
8.000000 0.850003 5.950018 0.056891 9.948532e-01
8.300000 0.847770 6.188720 0.057724 9.946745e-01
8.600000 0.845648 6.426927 0.058492 9.945054e-01
8.900000 0.843630 6.664680 0.059201 9.943452e-01
9.200000 0.841709 6.902012 0.059857 9.941936e-01
9.500000 0.839877 7.138957 0.060465 9.940501e-01
9.800000 0.838130 7.375541 0.061029 9.939141e-01
10.100000 0.836461 7.611792 0.061552 9.937854e-01
10.400000 0.834865 7.847731 0.062039 9.936633e-01
10.700000 0.833338 8.083381 0.062492 9.935476e-01
11.000000 0.831876 8.318760 0.062914 9.934378e-01
11.300000 0.830474 8.553887 0.063308 9.933337e-01
11.600000 0.829130 8.788777 0.063676 9.932347e-01
11.900000 0.827839 9.023445 0.064021 9.931406e-01
12.200000 0.826599 9.257905 0.064343 9.930512e-01
12.500000 0.825406 9.492170 0.064645 9.929661e-01
12.800000 0.824259 9.726251 0.064929 9.928851e-01
13.100000 0.823154 9.960160 0.065195 9.928078e-01
13.400000 0.822089 10.193906 0.065446 9.927342e-01
13.700000 0.821063 10.427500 0.065682 9.926639e-01
14.000000 0.820073 10.660949 0.065904 9.925968e-01
14.300000 0.819118 10.894263 0.066114 9.925327e-01
14.600000 0.818195 11.127448 0.066312 9.924715e-01
14.900000 0.817303 11.360513 0.066499 9.924128e-01
15.200000 0.816441 11.593463 0.066676 9.923567e-01
15.500000 0.815607 11.826306 0.066844 9.923029e-01
15.800000 0.814800 12.059047 0.067003 9.922513e-01
16.100000 0.814019 12.291691 0.067153 9.922019e-01
16.400000 0.813263 12.524245 0.067297 9.921544e-01
16.700000 0.812529 12.756713 0.067433 9.921088e-01
17.000000 0.811819 12.989100 0.067562 9.920650e-01
17.300000 0.811129 13.221410 0.067685 9.920228e-01
17.600000 0.810461 13.453648 0.067802 9.919823e-01
17.900000 0.809812 13.685816 0.067914 9.919432e-01
18.200000 0.809181 13.917920 0.068021 9.919056e-01
18.500000 0.808569 14.149963 0.068122 9.918694e-01
18.800000 0.807975 14.381948 0.068219 9.918345e-01
19.100000 0.807397 14.613877 0.068312 9.918008e-01
19.400000 0.806834 14.845755 0.068401 9.917682e-01
19.700000 0.806288 15.077583 0.068486 9.917368e-01
20.000000 0.805756 15.309365 0.068568 9.917065e-01
20.300000 0.805238 15.541103 0.068646 9.916771e-01
20.600000 0.804735 15.772799 0.068721 9.916488e-01
20.900000 0.804244 16.004455 0.068792 9.916213e-01
21.200000 0.803766 16.236074 0.068861 9.915948e-01
21.500000 0.803300 16.467658 0.068928 9.915690e-01
21.800000 0.802847 16.699208 0.068991 9.915441e-01
22.100000 0.802404 16.930726 0.069052 9.915200e-01
22.400000 0.801973 17.162214 0.069111 9.914966e-01
22.700000 0.801552 17.393674 0.069168 9.914739e-01
23.000000 0.801141 17.625107 0.069222 9.914519e-01
23.300000 0.800741 17.856514 0.069275 9.914306e-01
23.600000 0.800349 18.087897 0.069325 9.914098e-01
23.900000 0.799968 18.319257 0.069374 9.913897e-01
24.200000 0.799595 18.550595 0.069421 9.913702e-01
24.500000 0.799230 18.781913 0.069466 9.913512e-01
24.800000 0.798874 19.013211 0.069510 9.913327e-01
