-25.000000 1.227317 -31.910232 0.124357 9.882825e-01
-24.700000 1.226777 -31.528162 0.124263 9.882899e-01
-24.400000 1.226225 -31.146108 0.124166 9.882976e-01
-24.100000 1.225660 -30.764073 0.124066 9.883056e-01
-23.800000 1.225083 -30.382055 0.123963 9.883138e-01
-23.500000 1.224492 -30.000056 0.123857 9.883224e-01
-23.200000 1.223887 -29.618077 0.123748 9.883314e-01
-22.900000 1.223269 -29.236118 0.123636 9.883406e-01
-22.600000 1.222635 -28.854179 0.123520 9.883503e-01
-22.300000 1.221985 -28.472262 0.123400 9.883603e-01
-22.000000 1.221320 -28.090367 0.123277 9.883708e-01
-21.700000 1.220639 -27.708494 0.123150 9.883816e-01
-21.400000 1.219940 -27.326645 0.123019 9.883930e-01
-21.100000 1.219223 -26.944821 0.122883 9.884048e-01
-20.800000 1.218487 -26.563022 0.122743 9.884171e-01
-20.500000 1.217733 -26.181249 0.122598 9.884300e-01
-20.200000 1.216958 -25.799503 0.122448 9.884435e-01
-19.900000 1.216162 -25.417785 0.122293 9.884575e-01
-19.600000 1.215345 -25.036097 0.122132 9.884722e-01
-19.300000 1.214504 -24.654438 0.121965 9.884876e-01
-19.000000 1.213641 -24.272811 0.121792 9.885037e-01
-18.700000 1.212752 -23.891216 0.121612 9.885206e-01
-18.400000 1.211838 -23.509656 0.121425 9.885383e-01
-18.100000 1.210897 -23.128130 0.121231 9.885569e-01
-17.800000 1.209928 -22.746641 0.121030 9.885765e-01
-17.500000 1.208929 -22.365189 0.120820 9.885970e-01
-17.200000 1.207900 -21.983778 0.120601 9.886186e-01
-16.900000 1.206838 -21.602408 0.120373 9.886414e-01
-16.600000 1.205743 -21.221081 0.120136 9.886653e-01
-16.300000 1.204613 -20.839800 0.119888 9.886906e-01
-16.000000 1.203445 -20.458566 0.119628 9.887173e-01
-15.700000 1.202238 -20.077383 0.119357 9.887455e-01
-15.400000 1.200991 -19.696252 0.119074 9.887753e-01
-15.100000 1.199700 -19.315176 0.118777 9.888068e-01
-14.800000 1.198364 -18.934159 0.118465 9.888403e-01
-14.500000 1.196981 -18.553204 0.118138 9.888757e-01
-14.200000 1.195547 -18.172315 0.117795 9.889133e-01
-13.900000 1.194060 -17.791496 0.117434 9.889533e-01
-13.600000 1.192517 -17.410752 0.117054 9.889958e-01
-13.300000 1.190915 -17.030089 0.116653 9.890411e-01
-13.000000 1.189251 -16.649511 0.116230 9.890893e-01
-12.700000 1.187520 -16.269028 0.115784 9.891408e-01
-12.400000 1.185720 -15.888645 0.115312 9.891959e-01
-12.100000 1.183845 -15.508371 0.114811 9.892548e-01
-11.800000 1.181892 -15.128218 0.114281 9.893180e-01
-11.500000 1.179856 -14.748195 0.113718 9.893858e-01
-11.200000 1.177731 -14.368317 0.113118 9.894587e-01
-10.900000 1.175512 -13.988598 0.112480 9.895372e-01
-10.600000 1.173194 -13.609055 0.111798 9.896219e-01
-10.300000 1.170771 -13.229708 0.111068 9.897134e-01
-10.000000 1.168235 -12.850581 0.110287 9.898126e-01
-9.700000 1.165579 -12.471698 0.109447 9.899203e-01
-9.400000 1.162797 -12.093090 0.108542 9.900375e-01
-9.100000 1.159880 -11.714792 0.107566 9.901654e-01
-8.800000 1.156821 -11.336841 0.106509 9.903053e-01
-8.500000 1.153609 -10.959284 0.105361 9.904588e-01
-8.200000 1.150236 -10.582170 0.104111 9.906275e-01
-7.900000 1.146692 -10.205557 0.102745 9.908136e-01
-7.600000 1.142966 -9.829508 0.101247 9.910193e-01
-7.300000 1.139048 -9.454097 0.099600 9.912472e-01
-7.000000 1.134925 -9.079402 0.097783 9.915002e-01
-6.700000 1.130586 -8.705512 0.095772 9.917812e-01
-6.400000 1.126017 -8.332526 0.093539 9.920936e-01
-6.100000 1.121205 -7.960554 0.091056 9.924408e-01
-5.800000 1.116135 -7.589717 0.088287 9.928260e-01
-5.500000 1.110793 -7.220152 0.085197 9.932521e-01
-5.200000 1.105164 -6.852015 0.081747 9.937212e-01
-4.900000 1.099235 -6.485489 0.077898 9.942339e-01
-4.600000 1.092998 -6.120789 0.073614 9.947888e-01
-4.300000 1.086448 -5.758176 0.068867 9.953813e-01
-4.000000 1.079595 -5.397973 0.063644 9.960026e-01
-3.700000 1.072464 -5.040578 0.057958 9.966385e-01
-3.400000 1.065108 -4.686476 0.051865 9.972691e-01
-3.100000 1.057617 -4.336229 0.045472 9.978698e-01
-2.800000 1.050116 -3.990441 0.038943 9.984143e-01
-2.500000 1.042764 -3.649675 0.032497 9.988796e-01
-2.200000 1.035730 -3.314335 0.026368 9.992521e-01
-1.900000 1.029160 -2.984565 0.020764 9.995301e-01
-1.600000 1.023154 -2.660199 0.015825 9.997238e-01
-1.300000 1.017742 -2.340807 0.011599 9.998500e-01
-1.000000 1.012902 -2.025803 0.008055 9.999270e-01
-0.700000 1.008570 -1.714569 0.005111 9.999703e-01
-0.400000 1.004669 -1.406536 0.002664 9.999919e-01
-0.100000 1.001118 -1.101230 0.000612 9.999996e-01
0.200000 0.997848 -0.798278 0.001134 9.999985e-01
0.500000 0.994799 -0.497399 0.002645 9.999918e-01
0.800000 0.991924 -0.198385 0.003977 9.999814e-01
1.100000 16.581426 1.658143 2.145688 9.810288e-01
1.400000 0.986558 0.394623 0.006260 9.999535e-01
1.700000 0.984016 0.688811 0.007266 9.999370e-01
2.000000 0.981544 0.981544 0.008205 9.999193e-01
2.300000 0.979129 1.272868 0.009092 9.999004e-01
2.600000 0.976760 1.562817 0.009934 9.998806e-01
2.900000 0.974430 1.851417 0.010740 9.998597e-01
3.200000 0.972131 2.138688 0.011517 9.998380e-01
3.500000 0.969858 2.424645 0.012267 9.998153e-01
3.800000 0.967608 2.709302 0.012995 9.997918e-01
4.100000 0.965376 2.992666 0.013704 9.997673e-01
4.400000 0.963161 3.274748 0.014396 9.997421e-01
4.700000 0.960961 3.555555 0.015074 9.997159e-01
5.000000 0.958773 3.835094 0.015738 9.996889e-01
5.300000 0.956599 4.113374 0.016391 9.996611e-01
5.600000 0.954436 4.390405 0.017033 9.996323e-01
5.900000 0.952285 4.666198 0.017665 9.996028e-01
6.200000 0.950148 4.940769 0.018288 9.995724e-01
6.500000 0.948024 5.214134 0.018900 9.995412e-01
6.800000 0.945916 5.486314 0.019503 9.995093e-01
7.100000 0.943825 5.757332 0.020096 9.994767e-01
7.400000 0.941752 6.027216 0.020679 9.994435e-01
7.700000 0.939701 6.295997 0.021249 9.994098e-01
8.000000 0.937673 6.563710 0.021808 9.993757e-01
8.300000 0.935670 6.830392 0.022353 9.993413e-01
8.600000 0.933695 7.096083 0.022884 9.993068e-01
8.900000 0.931750 7.360826 0.023399 9.992722e-01
9.200000 0.929837 7.624666 0.023899 9.992377e-01
9.500000 0.927959 7.887648 0.024381 9.992034e-01
9.800000 0.926116 8.149820 0.024845 9.991695e-01
10.100000 0.924311 8.411227 0.025291 9.991361e-01
10.400000 0.922544 8.671917 0.025718 9.991033e-01
10.700000 0.920818 8.931936 0.026126 9.990712e-01
11.000000 0.919133 9.191328 0.026515 9.990399e-01
11.300000 0.917489 9.450138 0.026884 9.990094e-01
11.600000 0.915887 9.708407 0.027234 9.989799e-01
11.900000 0.914328 9.966176 0.027565 9.989514e-01
12.200000 0.912811 10.223483 0.027878 9.989240e-01
12.500000 0.911336 10.480365 0.028173 9.988976e-01
12.800000 0.909903 10.736855 0.028450 9.988723e-01
13.100000 0.908511 10.992985 0.028710 9.988481e-01
13.400000 0.907160 11.248786 0.028954 9.988250e-01
13.700000 0.905849 11.504285 0.029182 9.988029e-01
14.000000 0.904578 11.759508 0.029395 9.987820e-01
14.300000 0.903344 12.014478 0.029594 9.987621e-01
14.600000 0.902148 12.269219 0.029780 9.987432e-01
14.900000 0.900989 12.523750 0.029953 9.987253e-01
15.200000 0.899865 12.778089 0.030114 9.987084e-01
15.500000 0.898776 13.032255 0.030264 9.986923e-01
15.800000 0.897720 13.286262 0.030403 9.986772e-01
16.100000 0.896697 13.540125 0.030532 9.986629e-01
16.400000 0.895705 13.793856 0.030651 9.986495e-01
16.700000 0.894743 14.047469 0.030762 9.986368e-01
17.000000 0.893811 14.300974 0.030865 9.986248e-01
17.300000 0.892907 14.554380 0.030960 9.986135e-01
17.600000 0.892030 14.807697 0.031048 9.986029e-01
17.900000 0.891179 15.060933 0.031129 9.985929e-01
18.200000 0.890354 15.314095 0.031205 9.985835e-01
18.500000 0.889554 15.567191 0.031274 9.985746e-01
18.800000 0.888777 15.820226 0.031338 9.985663e-01
19.100000 0.888022 16.073207 0.031397 9.985585e-01
19.400000 0.887290 16.326137 0.031451 9.985511e-01
19.700000 0.886579 16.579023 0.031501 9.985441e-01
20.000000 0.885888 16.831867 0.031548 9.985376e-01
20.300000 0.885216 17.084675 0.031590 9.985315e-01
20.600000 0.884564 17.337448 0.031629 9.985257e-01
20.900000 0.883929 17.590192 0.031665 9.985202e-01
21.200000 0.883312 17.842907 0.031697 9.985151e-01
21.500000 0.882712 18.095598 0.031727 9.985103e-01
21.800000 0.882128 18.348266 0.031755 9.985057e-01
22.100000 0.881560 18.600914 0.031780 9.985014e-01
22.400000 0.881007 18.853543 0.031803 9.984974e-01
22.700000 0.880468 19.106155 0.031824 9.984936e-01
23.000000 0.879943 19.358753 0.031842 9.984900e-01
23.300000 0.879432 19.611336 0.031860 9.984866e-01
23.600000 0.878934 19.863907 0.031875 9.984834e-01
23.900000 0.878448 20.116467 0.031889 9.984804e-01
24.200000 0.877975 20.369018 0.031902 9.984776e-01
24.500000 0.877513 20.621558 0.031913 9.984749e-01
24.800000 0.877063 20.874091 0.031923 9.984724e-01
