1.212349 0.158181 9.807194e-01 0.543983 0.317454 7.177247e-01
1.204891 0.157127 9.807388e-01 0.577144 0.311621 7.481258e-01
1.196240 0.154717 9.810479e-01 0.613011 0.301004 7.822026e-01
1.186122 0.150447 9.817595e-01 0.651928 0.284321 8.199033e-01
1.174246 0.143771 9.829826e-01 0.694039 0.260616 8.599642e-01
1.160393 0.134231 9.847819e-01 0.739011 0.229722 8.996118e-01
1.144540 0.121657 9.871202e-01 0.785730 0.192761 9.350119e-01
1.127006 0.106388 9.898137e-01 0.832161 0.152388 9.627173e-01
1.108509 0.089368 9.925498e-01 0.875615 0.112406 9.813237e-01
1.090052 0.071980 9.949896e-01 0.913467 0.076702 9.919234e-01
1.072635 0.055636 9.969026e-01 0.943983 0.047993 9.970238e-01
1.056980 0.041363 9.982345e-01 0.966733 0.027172 9.990885e-01
1.043392 0.029605 9.990711e-01 0.982411 0.013535 9.997808e-01
1.031820 0.020299 9.995532e-01 0.992295 0.005536 9.999641e-01
1.021998 0.013091 9.998106e-01 0.997737 0.001510 9.999974e-01
1.013583 0.007526 9.999363e-01 0.999872 0.000079 1.000000e+00
1.006250 0.003182 9.999885e-01 0.999528 0.000271 9.999999e-01
0.999724 0.000303 9.999999e-01 0.997261 0.001468 9.999975e-01
0.993791 0.003139 9.999885e-01 0.993418 0.003307 9.999872e-01
0.988294 0.005551 9.999636e-01 0.988204 0.005589 9.999631e-01
0.983115 0.007653 9.999300e-01 0.981738 0.008211 9.999192e-01
0.978173 0.009532 9.998903e-01 0.974083 0.011121 9.998495e-01
0.973406 0.011248 9.998458e-01 0.965268 0.014298 9.997467e-01
0.968771 0.012841 9.997971e-01 0.955305 0.017730 9.996023e-01
0.964235 0.014340 9.997446e-01 0.944194 0.021419 9.994061e-01
0.959775 0.015767 9.996884e-01 0.931931 0.025366 9.991451e-01
0.955374 0.017136 9.996286e-01 0.918508 0.029578 9.988039e-01
0.951017 0.018460 9.995651e-01 0.903915 0.034062 9.983628e-01
0.946697 0.019747 9.994978e-01 0.888147 0.038829 9.977975e-01
0.942407 0.021004 9.994267e-01 0.871201 0.043889 9.970777e-01
0.938143 0.022236 9.993516e-01 0.853081 0.049250 9.961656e-01
0.933905 0.023449 9.992725e-01 0.833798 0.054921 9.950145e-01
0.929693 0.024642 9.991893e-01 0.813373 0.060902 9.935671e-01
0.925512 0.025818 9.991021e-01 0.791841 0.067188 9.917541e-01
0.921367 0.026976 9.990110e-01 0.769251 0.073763 9.894931e-01
0.917265 0.028112 9.989165e-01 0.745666 0.080598 9.866874e-01
0.913216 0.029223 9.988188e-01 0.721167 0.087653 9.832261e-01
0.909228 0.030304 9.987188e-01 0.695851 0.094872 9.789843e-01
0.905315 0.031348 9.986172e-01 0.669829 0.102190 9.738247e-01
0.901487 0.032350 9.985151e-01 0.643229 0.109529 9.676000e-01
0.897757 0.033301 9.984135e-01 0.616189 0.116805 9.601560e-01
0.894137 0.034197 9.983136e-01 0.588855 0.123931 9.513366e-01
0.890636 0.035029 9.982168e-01 0.561378 0.130818 9.409886e-01
0.887265 0.035795 9.981240e-01 0.533911 0.137383 9.289679e-01
0.884033 0.036488 9.980364e-01 0.506604 0.143548 9.151460e-01
0.880947 0.037108 9.979551e-01 0.479602 0.149246 8.994166e-01
0.878011 0.037652 9.978807e-01 0.453039 0.154419 8.817015e-01
0.875230 0.038121 9.978139e-01 0.427039 0.159027 8.619567e-01
0.872605 0.038516 9.977551e-01 0.401711 0.163037 8.401765e-01
0.870136 0.038839 9.977045e-01 0.377150 0.166434 8.163968e-01
0.867822 0.039093 9.976620e-01 0.353435 0.169212 7.906967e-01
0.865660 0.039283 9.976275e-01 0.330629 0.171378 7.631976e-01
0.863646 0.039413 9.976007e-01 0.308782 0.172947 7.340615e-01
0.861775 0.039488 9.975812e-01 0.287925 0.173945 7.034863e-01
