-25.000000 2.057965 -53.507087 0.412551 9.556491e-01
-24.700000 2.057150 -52.868765 0.412409 9.556448e-01
-24.400000 2.056317 -52.230444 0.412264 9.556403e-01
-24.100000 2.055463 -51.592122 0.412115 9.556357e-01
-23.800000 2.054589 -50.953801 0.411962 9.556310e-01
-23.500000 2.053693 -50.315480 0.411806 9.556263e-01
-23.200000 2.052775 -49.677160 0.411645 9.556214e-01
-22.900000 2.051834 -49.038839 0.411481 9.556164e-01
-22.600000 2.050869 -48.400519 0.411312 9.556114e-01
-22.300000 2.049880 -47.762199 0.411138 9.556062e-01
-22.000000 2.048864 -47.123880 0.410960 9.556009e-01
-21.700000 2.047822 -46.485561 0.410778 9.555954e-01
-21.400000 2.046752 -45.847242 0.410590 9.555899e-01
-21.100000 2.045653 -45.208924 0.410396 9.555843e-01
-20.800000 2.044523 -44.570606 0.410198 9.555785e-01
-20.500000 2.043362 -43.932289 0.409993 9.555726e-01
-20.200000 2.042168 -43.293972 0.409783 9.555666e-01
-19.900000 2.040940 -42.655656 0.409566 9.555605e-01
-19.600000 2.039677 -42.017340 0.409342 9.555542e-01
-19.300000 2.038376 -41.379025 0.409112 9.555478e-01
-19.000000 2.037036 -40.740711 0.408874 9.555413e-01
-18.700000 2.035655 -40.102398 0.408629 9.555347e-01
-18.400000 2.034231 -39.464085 0.408376 9.555280e-01
-18.100000 2.032763 -38.825774 0.408114 9.555211e-01
-17.800000 2.031248 -38.187463 0.407843 9.555141e-01
-17.500000 2.029684 -37.549153 0.407563 9.555070e-01
-17.200000 2.028068 -36.910845 0.407274 9.554997e-01
-16.900000 2.026399 -36.272537 0.406973 9.554924e-01
-16.600000 2.024672 -35.634231 0.406662 9.554850e-01
-16.300000 2.022886 -34.995927 0.406339 9.554775e-01
-16.000000 2.021037 -34.357623 0.406004 9.554699e-01
-15.700000 2.019121 -33.719322 0.405656 9.554622e-01
-15.400000 2.017135 -33.081022 0.405294 9.554545e-01
-15.100000 2.015076 -32.442724 0.404917 9.554467e-01
-14.800000 2.012938 -31.804427 0.404524 9.554390e-01
-14.500000 2.010718 -31.166133 0.404115 9.554312e-01
-14.200000 2.008411 -30.527841 0.403687 9.554235e-01
-13.900000 2.006010 -29.889552 0.403241 9.554159e-01
-13.600000 2.003511 -29.251265 0.402774 9.554084e-01
-13.300000 2.000908 -28.612981 0.402285 9.554011e-01
-13.000000 1.998193 -27.974699 0.401772 9.553941e-01
-12.700000 1.995359 -27.336421 0.401234 9.553874e-01
-12.400000 1.992399 -26.698146 0.400669 9.553810e-01
-12.100000 1.989303 -26.059875 0.400074 9.553752e-01
-11.800000 1.986063 -25.421607 0.399446 9.553700e-01
-11.500000 1.982667 -24.783343 0.398784 9.553656e-01
-11.200000 1.979105 -24.145084 0.398084 9.553620e-01
-10.900000 1.975364 -23.506829 0.397343 9.553596e-01
-10.600000 1.971429 -22.868580 0.396556 9.553586e-01
-10.300000 1.967286 -22.230335 0.395720 9.553592e-01
-10.000000 1.962918 -21.592096 0.394830 9.553617e-01
-9.700000 1.958305 -20.953864 0.393879 9.553666e-01
-9.400000 1.953427 -20.315638 0.392863 9.553742e-01
-9.100000 1.948259 -19.677420 0.391773 9.553852e-01
-8.800000 1.942776 -19.039210 0.390602 9.554001e-01
-8.500000 1.936948 -18.401008 0.389340 9.554198e-01
-8.200000 1.930741 -17.762817 0.387977 9.554452e-01
-7.900000 1.924117 -17.124638 0.386500 9.554774e-01
-7.600000 1.917032 -16.486471 0.384894 9.555177e-01
-7.300000 1.909436 -15.848320 0.383143 9.555679e-01
-7.000000 1.901273 -15.210188 0.381227 9.556298e-01
-6.700000 1.892478 -14.572077 0.379122 9.557060e-01
-6.400000 1.882972 -13.933993 0.376801 9.557995e-01
-6.100000 1.872668 -13.295943 0.374231 9.559140e-01
-5.800000 1.861461 -12.657935 0.371372 9.560543e-01
-5.500000 1.849228 -12.019982 0.368175 9.562263e-01
-5.200000 1.835823 -11.382101 0.364583 9.564376e-01
-4.900000 1.821071 -10.744317 0.360521 9.566981e-01
-4.600000 1.804761 -10.106661 0.355898 9.570209e-01
-4.300000 1.786639 -9.469184 0.350598 9.574232e-01
-4.000000 1.766391 -8.831955 0.344471 9.579284e-01
-3.700000 1.743632 -8.195073 0.337322 9.585689e-01
-3.400000 1.717883 -7.558685 0.328894 9.593890e-01
-3.100000 1.688538 -6.923006 0.318846 9.604507e-01
-2.800000 1.654831 -6.288357 0.306724 9.618394e-01
-2.500000 1.615780 -5.655231 0.291935 9.636704e-01
-2.200000 1.570134 -5.024427 0.273719 9.660936e-01
-1.900000 1.516325 -4.397344 0.251154 9.692903e-01
-1.600000 1.452552 -3.776635 0.223177 9.734613e-01
-1.300000 1.377190 -3.167538 0.188580 9.788054e-01
-1.000000 1.289906 -2.579812 0.146020 9.854167e-01
-0.700000 1.193555 -2.029044 0.095696 9.926309e-01
-0.400000 1.096033 -1.534446 0.044681 9.980844e-01
-0.100000 1.006882 -1.107570 0.020691 9.995126e-01
0.200000 0.928237 -0.742589 0.045919 9.971818e-01
0.500000 0.855160 -0.427580 0.071020 9.920978e-01
0.800000 0.783729 -0.156746 0.092864 9.840447e-01
1.100000 10.778895 1.077889 0.734275 9.946694e-01
1.400000 0.653660 0.261464 0.128313 9.573957e-01
1.700000 0.602860 0.422002 0.140101 9.412921e-01
2.000000 0.563117 0.563117 0.147934 9.261828e-01
2.300000 0.532806 0.692648 0.152795 9.132640e-01
2.600000 0.509760 0.815616 0.155683 9.027594e-01
2.900000 0.492065 0.934923 0.157344 8.943893e-01
3.200000 0.478260 1.052171 0.158267 8.877309e-01
3.500000 0.467292 1.168230 0.158754 8.823862e-01
3.800000 0.458417 1.283569 0.158988 8.780336e-01
4.100000 0.451111 1.398445 0.159076 8.744292e-01
4.400000 0.445000 1.513000 0.159083 8.713931e-01
4.700000 0.439814 1.627312 0.159047 8.687939e-01
5.000000 0.435356 1.741426 0.158991 8.665355e-01
5.300000 0.431481 1.855368 0.158928 8.645470e-01
5.600000 0.428077 1.969155 0.158864 8.627756e-01
5.900000 0.425061 2.082797 0.158805 8.611814e-01
6.200000 0.422366 2.196303 0.158753 8.597341e-01
6.500000 0.419941 2.309677 0.158707 8.584100e-01
6.800000 0.417746 2.422925 0.158668 8.571908e-01
7.100000 0.415746 2.536051 0.158636 8.560617e-01
7.400000 0.413916 2.649061 0.158610 8.550109e-01
7.700000 0.412232 2.761958 0.158591 8.540288e-01
8.000000 0.410678 2.874746 0.158576 8.531075e-01
8.300000 0.409237 2.987430 0.158566 8.522404e-01
8.600000 0.407897 3.100014 0.158560 8.514219e-01
8.900000 0.406646 3.212502 0.158557 8.506475e-01
9.200000 0.405475 3.324897 0.158557 8.499130e-01
9.500000 0.404377 3.437204 0.158560 8.492150e-01
9.800000 0.403344 3.549427 0.158565 8.485506e-01
10.100000 0.402370 3.661569 0.158572 8.479172e-01
10.400000 0.401450 3.773633 0.158581 8.473123e-01
10.700000 0.400580 3.885624 0.158590 8.467341e-01
11.000000 0.399754 3.997545 0.158601 8.461806e-01
11.300000 0.398971 4.109398 0.158612 8.456503e-01
11.600000 0.398225 4.221188 0.158624 8.451417e-01
11.900000 0.397515 4.332917 0.158636 8.446535e-01
12.200000 0.396838 4.444587 0.158649 8.441845e-01
12.500000 0.396192 4.556203 0.158662 8.437336e-01
12.800000 0.395573 4.667766 0.158675 8.432998e-01
13.100000 0.394982 4.779280 0.158688 8.428821e-01
13.400000 0.394415 4.890745 0.158701 8.424798e-01
13.700000 0.393871 5.002166 0.158714 8.420921e-01
14.000000 0.393350 5.113544 0.158726 8.417182e-01
14.300000 0.392848 5.224881 0.158738 8.413575e-01
14.600000 0.392366 5.336179 0.158750 8.410093e-01
14.900000 0.391902 5.447441 0.158762 8.406731e-01
15.200000 0.391455 5.558667 0.158773 8.403483e-01
15.500000 0.391025 5.669861 0.158784 8.400344e-01
15.800000 0.390610 5.781023 0.158794 8.397310e-01
16.100000 0.390209 5.892155 0.158805 8.394375e-01
16.400000 0.389822 6.003259 0.158814 8.391536e-01
16.700000 0.389448 6.114335 0.158823 8.388788e-01
17.000000 0.389087 6.225386 0.158832 8.386128e-01
17.300000 0.388737 6.336413 0.158840 8.383552e-01
17.600000 0.388399 6.447417 0.158848 8.381056e-01
17.900000 0.388071 6.558398 0.158855 8.378639e-01
18.200000 0.387753 6.669359 0.158862 8.376295e-01
18.500000 0.387446 6.780300 0.158869 8.374023e-01
18.800000 0.387147 6.891222 0.158875 8.371820e-01
19.100000 0.386858 7.002126 0.158881 8.369683e-01
19.400000 0.386577 7.113014 0.158886 8.367610e-01
19.700000 0.386304 7.223885 0.158891 8.365598e-01
20.000000 0.386039 7.334741 0.158895 8.363645e-01
20.300000 0.385781 7.445582 0.158899 8.361748e-01
20.600000 0.385531 7.556409 0.158902 8.359907e-01
20.900000 0.385288 7.667223 0.158906 8.358118e-01
21.200000 0.385051 7.778025 0.158909 8.356380e-01
21.500000 0.384820 7.888814 0.158911 8.354692e-01
21.800000 0.384596 7.999592 0.158913 8.353050e-01
22.100000 0.384377 8.110360 0.158915 8.351454e-01
22.400000 0.384164 8.221117 0.158916 8.349903e-01
22.700000 0.383957 8.331864 0.158918 8.348394e-01
23.000000 0.383755 8.442602 0.158918 8.346926e-01
23.300000 0.383557 8.553330 0.158919 8.345498e-01
23.600000 0.383365 8.664051 0.158919 8.344108e-01
23.900000 0.383177 8.774763 0.158919 8.342755e-01
24.200000 0.382994 8.885467 0.158919 8.341438e-01
24.500000 0.382816 8.996164 0.158918 8.340156e-01
24.800000 0.382641 9.106854 0.158917 8.338907e-01
