1.783710 0.564608 8.962905e-01 0.636985 0.308159 7.872273e-01
1.551189 0.361120 9.410975e-01 0.833377 0.128604 9.732348e-01
1.334029 0.195206 9.758693e-01 0.954519 0.031528 9.987416e-01
1.186420 0.099713 9.919086e-01 0.992896 0.007383 9.999362e-01
1.079719 0.038698 9.985187e-01 0.988190 0.009668 9.998895e-01
0.990123 0.010159 9.998784e-01 0.957116 0.025280 9.991950e-01
0.910373 0.048111 9.967850e-01 0.905508 0.050406 9.964342e-01
0.840134 0.080927 9.893979e-01 0.839028 0.081435 9.892379e-01
0.779990 0.107691 9.784597e-01 0.764102 0.114753 9.746149e-01
0.729751 0.128858 9.652436e-01 0.686472 0.147458 9.494095e-01
0.688630 0.145138 9.512034e-01 0.610612 0.177522 9.110693e-01
0.655600 0.157229 9.377151e-01 0.539788 0.203533 8.589662e-01
0.629540 0.165793 9.258436e-01 0.476100 0.224608 7.955286e-01
0.609282 0.171496 9.161747e-01 0.420521 0.240463 7.258931e-01
