-25.000000 2.718146 -70.671800 0.414655 9.738281e-01
-24.700000 2.716885 -69.823943 0.414466 9.738277e-01
-24.400000 2.715594 -68.976091 0.414271 9.738274e-01
-24.100000 2.714273 -68.128242 0.414073 9.738271e-01
-23.800000 2.712919 -67.280398 0.413869 9.738267e-01
-23.500000 2.711533 -66.432558 0.413661 9.738263e-01
-23.200000 2.710113 -65.584723 0.413448 9.738258e-01
-22.900000 2.708657 -64.736893 0.413230 9.738254e-01
-22.600000 2.707164 -63.889067 0.413006 9.738249e-01
-22.300000 2.705633 -63.041248 0.412777 9.738244e-01
-22.000000 2.704062 -62.193433 0.412541 9.738238e-01
-21.700000 2.702450 -61.345625 0.412300 9.738232e-01
-21.400000 2.700796 -60.497823 0.412053 9.738226e-01
-21.100000 2.699096 -59.650027 0.411799 9.738219e-01
-20.800000 2.697350 -58.802238 0.411538 9.738212e-01
-20.500000 2.695556 -57.954457 0.411271 9.738204e-01
-20.200000 2.693711 -57.106682 0.410996 9.738196e-01
-19.900000 2.691814 -56.258916 0.410714 9.738187e-01
-19.600000 2.689862 -55.411157 0.410423 9.738178e-01
-19.300000 2.687853 -54.563408 0.410125 9.738168e-01
-19.000000 2.685783 -53.715667 0.409817 9.738158e-01
-18.700000 2.683652 -52.867936 0.409501 9.738146e-01
-18.400000 2.681454 -52.020215 0.409176 9.738134e-01
-18.100000 2.679189 -51.172505 0.408840 9.738121e-01
-17.800000 2.676851 -50.324806 0.408495 9.738107e-01
-17.500000 2.674439 -49.477118 0.408139 9.738092e-01
-17.200000 2.671947 -48.629443 0.407771 9.738076e-01
-16.900000 2.669373 -47.781781 0.407392 9.738059e-01
-16.600000 2.666712 -46.934132 0.407001 9.738040e-01
-16.300000 2.663959 -46.086498 0.406597 9.738020e-01
-16.000000 2.661111 -45.238879 0.406179 9.737999e-01
-15.700000 2.658160 -44.391276 0.405747 9.737976e-01
-15.400000 2.655103 -43.543690 0.405300 9.737951e-01
-15.100000 2.651933 -42.696122 0.404838 9.737924e-01
-14.800000 2.648644 -41.848572 0.404359 9.737894e-01
-14.500000 2.645229 -41.001042 0.403863 9.737863e-01
-14.200000 2.641680 -40.153533 0.403348 9.737828e-01
-13.900000 2.637990 -39.306046 0.402814 9.737791e-01
-13.600000 2.634149 -38.458583 0.402260 9.737750e-01
-13.300000 2.630150 -37.611143 0.401684 9.737706e-01
-13.000000 2.625981 -36.763730 0.401085 9.737658e-01
-12.700000 2.621631 -35.916344 0.400462 9.737605e-01
-12.400000 2.617089 -35.068987 0.399813 9.737547e-01
-12.100000 2.612341 -34.221661 0.399137 9.737484e-01
-11.800000 2.607372 -33.374367 0.398432 9.737415e-01
-11.500000 2.602169 -32.527108 0.397696 9.737338e-01
-11.200000 2.596712 -31.679885 0.396927 9.737254e-01
-10.900000 2.590983 -30.832700 0.396123 9.737162e-01
-10.600000 2.584962 -29.985557 0.395282 9.737059e-01
-10.300000 2.578625 -29.138457 0.394400 9.736946e-01
-10.000000 2.571946 -28.291405 0.393476 9.736820e-01
-9.700000 2.564897 -27.444402 0.392504 9.736680e-01
-9.400000 2.557447 -26.597453 0.391483 9.736524e-01
-9.100000 2.549560 -25.750561 0.390408 9.736350e-01
-8.800000 2.541197 -24.903731 0.389275 9.736155e-01
-8.500000 2.532312 -24.056968 0.388079 9.735937e-01
-8.200000 2.522856 -23.210278 0.386814 9.735692e-01
-7.900000 2.512772 -22.363668 0.385474 9.735417e-01
-7.600000 2.501994 -21.517146 0.384052 9.735106e-01
-7.300000 2.490448 -20.670720 0.382540 9.734755e-01
-7.000000 2.478050 -19.824402 0.380928 9.734357e-01
-6.700000 2.464702 -18.978205 0.379207 9.733906e-01
-6.400000 2.450290 -18.132145 0.377363 9.733393e-01
-6.100000 2.434682 -17.286242 0.375381 9.732809e-01
-5.800000 2.417723 -16.440520 0.373244 9.732142e-01
-5.500000 2.399232 -15.595009 0.370930 9.731380e-01
-5.200000 2.378991 -14.749747 0.368413 9.730509e-01
-4.900000 2.356743 -13.904785 0.365660 9.729513e-01
-4.600000 2.332176 -13.060186 0.362631 9.728373e-01
-4.300000 2.304912 -12.216034 0.359273 9.727073e-01
-4.000000 2.274489 -11.372443 0.355516 9.725595e-01
-3.700000 2.240334 -10.529568 0.351269 9.723930e-01
-3.400000 2.201733 -9.687623 0.346405 9.722078e-01
-3.100000 2.157785 -8.846918 0.340751 9.720068e-01
-2.800000 2.107345 -8.007910 0.334058 9.717984e-01
-2.500000 2.048947 -7.171313 0.325965 9.716016e-01
-2.200000 1.980722 -6.338309 0.315928 9.714584e-01
-1.900000 1.900342 -5.510992 0.303087 9.714621e-01
-1.600000 1.805089 -4.693230 0.285969 9.718320e-01
-1.300000 1.692159 -3.891965 0.261834 9.730940e-01
-1.000000 1.558869 -3.117739 0.225594 9.763854e-01
-0.700000 1.401522 -2.382588 0.169793 9.833326e-01
-0.400000 1.217938 -1.705113 0.092041 9.934479e-01
-0.100000 1.041206 -1.145327 0.017819 9.996619e-01
0.200000 0.943549 -0.754839 0.017393 9.996077e-01
0.500000 0.910852 -0.455426 0.024874 9.991395e-01
0.800000 0.899595 -0.179919 0.024769 9.991253e-01
1.100000 14.261623 1.426162 2.073945 9.761602e-01
1.400000 0.889249 0.355700 0.022793 9.992419e-01
1.700000 0.884893 0.619425 0.022438 9.992580e-01
2.000000 0.880350 0.880350 0.022504 9.992460e-01
2.300000 0.875480 1.138124 0.022975 9.992053e-01
2.600000 0.870227 1.392364 0.023901 9.991296e-01
2.900000 0.864580 1.642702 0.025355 9.990078e-01
3.200000 0.858567 1.888847 0.027389 9.988261e-01
3.500000 0.852253 2.130632 0.029989 9.985721e-01
3.800000 0.845732 2.368051 0.033069 9.982374e-01
4.100000 0.839116 2.601260 0.036489 9.978211e-01
4.400000 0.832516 2.830554 0.040088 9.973294e-01
4.700000 0.826032 3.056318 0.043722 9.967750e-01
5.000000 0.819745 3.278980 0.047273 9.961742e-01
5.300000 0.813712 3.498964 0.050658 9.955440e-01
5.600000 0.807971 3.716668 0.053829 9.949003e-01
5.900000 0.802540 3.932445 0.056761 9.942562e-01
6.200000 0.797424 4.146603 0.059450 9.936223e-01
6.500000 0.792619 4.359402 0.061900 9.930060e-01
6.800000 0.788114 4.571061 0.064125 9.924127e-01
7.100000 0.783895 4.781762 0.066141 9.918455e-01
7.400000 0.779946 4.991656 0.067967 9.913063e-01
7.700000 0.776249 5.200870 0.069621 9.907958e-01
8.000000 0.772787 5.409508 0.071119 9.903139e-01
8.300000 0.769542 5.617658 0.072477 9.898600e-01
8.600000 0.766499 5.825390 0.073710 9.894331e-01
8.900000 0.763641 6.032767 0.074831 9.890322e-01
9.200000 0.760956 6.239838 0.075851 9.886558e-01
9.500000 0.758429 6.446646 0.076780 9.883028e-01
9.800000 0.756048 6.653227 0.077628 9.879717e-01
10.100000 0.753803 6.859610 0.078402 9.876612e-01
10.400000 0.751683 7.065821 0.079110 9.873702e-01
10.700000 0.749679 7.271883 0.079758 9.870973e-01
11.000000 0.747781 7.477812 0.080351 9.868415e-01
11.300000 0.745983 7.683624 0.080895 9.866016e-01
11.600000 0.744277 7.889334 0.081394 9.863767e-01
11.900000 0.742656 8.094952 0.081852 9.861657e-01
12.200000 0.741115 8.300487 0.082272 9.859679e-01
12.500000 0.739648 8.505950 0.082658 9.857823e-01
12.800000 0.738250 8.711346 0.083013 9.856083e-01
13.100000 0.736916 8.916682 0.083339 9.854450e-01
13.400000 0.735642 9.121963 0.083638 9.852918e-01
13.700000 0.734425 9.327195 0.083912 9.851480e-01
14.000000 0.733260 9.532381 0.084165 9.850131e-01
14.300000 0.732145 9.737525 0.084396 9.848865e-01
14.600000 0.731076 9.942631 0.084609 9.847677e-01
14.900000 0.730050 10.147701 0.084804 9.846562e-01
15.200000 0.729066 10.352738 0.084982 9.845515e-01
15.500000 0.728120 10.557745 0.085146 9.844532e-01
15.800000 0.727211 10.762722 0.085296 9.843610e-01
16.100000 0.726336 10.967673 0.085432 9.842743e-01
16.400000 0.725493 11.172599 0.085557 9.841930e-01
16.700000 0.724682 11.377501 0.085671 9.841166e-01
17.000000 0.723899 11.582381 0.085774 9.840449e-01
17.300000 0.723144 11.787241 0.085869 9.839775e-01
17.600000 0.722415 11.992081 0.085954 9.839143e-01
17.900000 0.721710 12.196902 0.086031 9.838548e-01
18.200000 0.721029 12.401706 0.086101 9.837990e-01
18.500000 0.720371 12.606494 0.086164 9.837466e-01
18.800000 0.719734 12.811266 0.086220 9.836973e-01
19.100000 0.719117 13.016023 0.086271 9.836510e-01
19.400000 0.718520 13.220767 0.086316 9.836074e-01
19.700000 0.717941 13.425497 0.086355 9.835665e-01
20.000000 0.717380 13.630215 0.086390 9.835281e-01
20.300000 0.716835 13.834922 0.086421 9.834919e-01
20.600000 0.716307 14.039617 0.086448 9.834579e-01
20.900000 0.715794 14.244302 0.086471 9.834260e-01
21.200000 0.715296 14.448976 0.086490 9.833959e-01
21.500000 0.714812 14.653642 0.086506 9.833676e-01
21.800000 0.714341 14.858298 0.086520 9.833411e-01
22.100000 0.713884 15.062946 0.086530 9.833160e-01
22.400000 0.713439 15.267586 0.086538 9.832925e-01
22.700000 0.713005 15.472218 0.086544 9.832703e-01
23.000000 0.712584 15.676843 0.086548 9.832495e-01
23.300000 0.712173 15.881462 0.086549 9.832299e-01
23.600000 0.711773 16.086074 0.086549 9.832114e-01
23.900000 0.711383 16.290680 0.086547 9.831940e-01
24.200000 0.711003 16.495280 0.086544 9.831776e-01
24.500000 0.710633 16.699874 0.086539 9.831621e-01
24.800000 0.710272 16.904464 0.086533 9.831476e-01
