2.051395 0.425023 9.527679e-01 0.410122 0.247583 7.037976e-01
2.020719 0.425289 9.513353e-01 0.463390 0.232321 7.750283e-01
1.966898 0.417748 9.504852e-01 0.540658 0.210891 8.505504e-01
1.870589 0.387460 9.527916e-01 0.650027 0.172795 9.245511e-01
1.706712 0.310827 9.631093e-01 0.787416 0.110057 9.779371e-01
1.479311 0.193802 9.805644e-01 0.911474 0.052013 9.962534e-01
1.250324 0.083758 9.948443e-01 0.969616 0.028844 9.989791e-01
1.075316 0.023892 9.994302e-01 0.962445 0.031114 9.987945e-01
0.956129 0.037258 9.982494e-01 0.921881 0.041775 9.976342e-01
0.872902 0.049960 9.962312e-01 0.868458 0.050381 9.961286e-01
0.810842 0.055476 9.946232e-01 0.809909 0.055546 9.945974e-01
0.762203 0.058351 9.932772e-01 0.749385 0.059321 9.928154e-01
0.723062 0.060606 9.919519e-01 0.688923 0.063564 9.902644e-01
0.691259 0.062759 9.905708e-01 0.630250 0.068726 9.864538e-01
0.665414 0.064781 9.891729e-01 0.574819 0.074265 9.810878e-01
0.644501 0.066570 9.878293e-01 0.523694 0.079534 9.740544e-01
0.627667 0.068077 9.865970e-01 0.477493 0.084181 9.653500e-01
0.614174 0.069305 9.855079e-01 0.436416 0.088126 9.550274e-01
0.603386 0.070285 9.845719e-01 0.400334 0.091432 9.431836e-01
0.594759 0.071057 9.837835e-01 0.368896 0.094207 9.299604e-01
0.587848 0.071660 9.831283e-01 0.341635 0.096556 9.155422e-01
0.582289 0.072129 9.825883e-01 0.318039 0.098571 9.001444e-01
0.577794 0.072494 9.821451e-01 0.297611 0.100321 8.839980e-01
0.574136 0.072778 9.817818e-01 0.279888 0.101861 8.673337e-01
0.571138 0.072999 9.814835e-01 0.264463 0.103231 8.503698e-01
0.568663 0.073172 9.812381e-01 0.250982 0.104459 8.333019e-01
0.566602 0.073306 9.810357e-01 0.239145 0.105568 8.162983e-01
0.564875 0.073411 9.808683e-01 0.228700 0.106575 7.994968e-01
0.563414 0.073492 9.807294e-01 0.219433 0.107494 7.830046e-01
0.562171 0.073553 9.806141e-01 0.211169 0.108335 7.669003e-01
0.561104 0.073598 9.805182e-01 0.203760 0.109109 7.512371e-01
0.560183 0.073630 9.804386e-01 0.197083 0.109824 7.360459e-01
0.559382 0.073652 9.803726e-01 0.191036 0.110489 7.213397e-01
0.558680 0.073663 9.803181e-01 0.185532 0.111111 7.071178e-01
