-25.000000 2.890064 -75.141656 0.851007 9.089813e-01
-24.700000 2.888798 -74.242100 0.850550 9.089976e-01
-24.400000 2.887502 -73.342540 0.850082 9.090144e-01
-24.100000 2.886174 -72.442976 0.849603 9.090317e-01
-23.800000 2.884815 -71.543408 0.849112 9.090494e-01
-23.500000 2.883422 -70.643835 0.848608 9.090676e-01
-23.200000 2.881994 -69.744258 0.848091 9.090864e-01
-22.900000 2.880530 -68.844676 0.847562 9.091057e-01
-22.600000 2.879029 -67.945089 0.847018 9.091256e-01
-22.300000 2.877489 -67.045498 0.846460 9.091461e-01
-22.000000 2.875909 -66.145901 0.845887 9.091672e-01
-21.700000 2.874286 -65.246299 0.845299 9.091889e-01
-21.400000 2.872620 -64.346692 0.844694 9.092114e-01
-21.100000 2.870909 -63.447079 0.844072 9.092345e-01
-20.800000 2.869150 -62.547460 0.843433 9.092584e-01
-20.500000 2.867341 -61.647836 0.842775 9.092830e-01
-20.200000 2.865481 -60.748205 0.842099 9.093085e-01
-19.900000 2.863568 -59.848568 0.841402 9.093348e-01
-19.600000 2.861598 -58.948925 0.840684 9.093621e-01
-19.300000 2.859570 -58.049275 0.839945 9.093902e-01
-19.000000 2.857481 -57.149619 0.839183 9.094193e-01
-18.700000 2.855328 -56.249955 0.838397 9.094495e-01
-18.400000 2.853107 -55.350285 0.837586 9.094808e-01
-18.100000 2.850817 -54.450607 0.836749 9.095132e-01
-17.800000 2.848453 -53.550921 0.835885 9.095468e-01
-17.500000 2.846012 -52.651228 0.834991 9.095816e-01
-17.200000 2.843491 -51.751527 0.834068 9.096178e-01
-16.900000 2.840884 -50.851818 0.833113 9.096554e-01
-16.600000 2.838188 -49.952101 0.832124 9.096945e-01
-16.300000 2.835397 -49.052375 0.831100 9.097352e-01
-16.000000 2.832508 -48.152641 0.830040 9.097775e-01
-15.700000 2.829515 -47.252898 0.828940 9.098216e-01
-15.400000 2.826411 -46.353146 0.827799 9.098675e-01
-15.100000 2.823192 -45.453385 0.826614 9.099154e-01
-14.800000 2.819849 -44.553615 0.825384 9.099653e-01
-14.500000 2.816377 -43.653836 0.824105 9.100175e-01
-14.200000 2.812766 -42.754048 0.822775 9.100720e-01
-13.900000 2.809010 -41.854250 0.821390 9.101291e-01
-13.600000 2.805099 -40.954443 0.819946 9.101888e-01
-13.300000 2.801023 -40.054626 0.818442 9.102513e-01
-13.000000 2.796771 -39.154801 0.816872 9.103169e-01
-12.700000 2.792333 -38.254966 0.815232 9.103857e-01
-12.400000 2.787696 -37.355124 0.813517 9.104580e-01
-12.100000 2.782845 -36.455273 0.811723 9.105340e-01
-11.800000 2.777767 -35.555414 0.809844 9.106140e-01
-11.500000 2.772444 -34.655549 0.807873 9.106982e-01
-11.200000 2.766859 -33.755678 0.805805 9.107872e-01
-10.900000 2.760992 -32.855803 0.803632 9.108810e-01
-10.600000 2.754821 -31.955925 0.801345 9.109803e-01
-10.300000 2.748323 -31.056046 0.798937 9.110854e-01
-10.000000 2.741470 -30.156170 0.796396 9.111969e-01
-9.700000 2.734233 -29.256298 0.793713 9.113153e-01
-9.400000 2.726580 -28.356436 0.790875 9.114412e-01
-9.100000 2.718474 -27.456588 0.787868 9.115753e-01
-8.800000 2.709873 -26.556760 0.784677 9.117185e-01
-8.500000 2.700733 -25.656960 0.781286 9.118717e-01
-8.200000 2.691000 -24.757198 0.777675 9.120359e-01
-7.900000 2.680616 -23.857485 0.773821 9.122125e-01
-7.600000 2.669516 -22.957835 0.769701 9.124027e-01
-7.300000 2.657622 -22.058266 0.765286 9.126084e-01
-7.000000 2.644850 -21.158800 0.760542 9.128315e-01
-6.700000 2.631099 -20.259465 0.755433 9.130744e-01
-6.400000 2.616256 -19.360293 0.749913 9.133400e-01
-6.100000 2.600187 -18.461326 0.743933 9.136318e-01
-5.800000 2.582737 -17.562615 0.737430 9.139542e-01
-5.500000 2.563727 -16.664223 0.730333 9.143125e-01
-5.200000 2.542940 -15.766230 0.722556 9.147135e-01
-4.900000 2.520124 -14.868732 0.713995 9.151658e-01
-4.600000 2.494974 -13.971853 0.704522 9.156809e-01
-4.300000 2.467122 -13.075745 0.693981 9.162733e-01
-4.000000 2.436120 -12.180602 0.682176 9.169629e-01
-3.700000 2.401419 -11.286671 0.668859 9.177766e-01
-3.400000 2.362333 -10.394267 0.653712 9.187519e-01
-3.100000 2.318000 -9.503802 0.636318 9.199417e-01
-2.800000 2.267321 -8.615819 0.616123 9.214236e-01
-2.500000 2.208873 -7.731054 0.592372 9.233131e-01
-2.200000 2.140791 -6.850532 0.564017 9.257884e-01
-1.900000 2.060598 -5.975735 0.529565 9.291314e-01
-1.600000 1.964969 -5.108919 0.486845 9.338015e-01
-1.300000 1.849427 -4.253681 0.432675 9.405496e-01
-1.000000 1.707947 -3.415893 0.362602 9.505235e-01
-0.700000 1.532089 -2.604551 0.271813 9.649255e-01
-0.400000 1.308393 -1.831750 0.159987 9.830260e-01
-0.100000 1.027624 -1.130386 0.044587 9.978307e-01
0.200000 0.778066 -0.622453 0.052144 9.948400e-01
0.500000 0.679448 -0.339724 0.067115 9.888575e-01
0.800000 0.656579 -0.131316 0.060169 9.903949e-01
1.100000 9.251309 0.925131 1.559302 9.682342e-01
1.400000 0.649984 0.259994 0.056993 9.911992e-01
1.700000 0.648989 0.454292 0.064089 9.888635e-01
2.000000 0.647720 0.647720 0.072437 9.857621e-01
2.300000 0.646034 0.839844 0.080160 9.825308e-01
2.600000 0.643976 1.030362 0.086678 9.795065e-01
2.900000 0.641638 1.219112 0.091966 9.768251e-01
3.200000 0.639109 1.406039 0.096176 9.745143e-01
3.500000 0.636464 1.591159 0.099496 9.725526e-01
3.800000 0.633761 1.774530 0.102100 9.708997e-01
4.100000 0.631044 1.956236 0.104133 9.695116e-01
4.400000 0.628346 2.136376 0.105713 9.683469e-01
4.700000 0.625691 2.315056 0.106934 9.673690e-01
5.000000 0.623096 2.492384 0.107870 9.665466e-01
5.300000 0.620574 2.668469 0.108580 9.658534e-01
5.600000 0.618134 2.843417 0.109110 9.652676e-01
5.900000 0.615781 3.017329 0.109497 9.647710e-01
6.200000 0.613519 3.190301 0.109771 9.643486e-01
6.500000 0.611350 3.362424 0.109955 9.639882e-01
6.800000 0.609273 3.533781 0.110068 9.636794e-01
7.100000 0.607287 3.704450 0.110124 9.634139e-01
7.400000 0.605391 3.874502 0.110137 9.631848e-01
7.700000 0.603582 4.044001 0.110115 9.629861e-01
8.000000 0.601858 4.213005 0.110066 9.628132e-01
8.300000 0.600215 4.381567 0.109997 9.626621e-01
8.600000 0.598649 4.549733 0.109913 9.625294e-01
8.900000 0.597158 4.717547 0.109817 9.624124e-01
9.200000 0.595737 4.885046 0.109712 9.623089e-01
9.500000 0.594384 5.052264 0.109602 9.622168e-01
9.800000 0.593094 5.219229 0.109487 9.621346e-01
10.100000 0.591865 5.385969 0.109371 9.620610e-01
10.400000 0.590692 5.552508 0.109253 9.619946e-01
10.700000 0.589574 5.718865 0.109136 9.619347e-01
11.000000 0.588506 5.885059 0.109019 9.618803e-01
11.300000 0.587486 6.051107 0.108904 9.618308e-01
11.600000 0.586512 6.217024 0.108790 9.617856e-01
11.900000 0.585580 6.382821 0.108678 9.617441e-01
12.200000 0.584688 6.548511 0.108569 9.617060e-01
12.500000 0.583835 6.714103 0.108463 9.616708e-01
12.800000 0.583017 6.879606 0.108358 9.616382e-01
13.100000 0.582234 7.045028 0.108257 9.616080e-01
13.400000 0.581482 7.210377 0.108158 9.615800e-01
13.700000 0.580761 7.375659 0.108062 9.615538e-01
14.000000 0.580068 7.540878 0.107969 9.615293e-01
14.300000 0.579402 7.706041 0.107879 9.615064e-01
14.600000 0.578761 7.871151 0.107791 9.614849e-01
14.900000 0.578145 8.036213 0.107705 9.614647e-01
15.200000 0.577551 8.201230 0.107622 9.614456e-01
15.500000 0.576980 8.366206 0.107542 9.614277e-01
15.800000 0.576429 8.531143 0.107464 9.614107e-01
16.100000 0.575897 8.696043 0.107388 9.613947e-01
16.400000 0.575384 8.860910 0.107314 9.613795e-01
16.700000 0.574888 9.025745 0.107243 9.613650e-01
17.000000 0.574409 9.190551 0.107173 9.613514e-01
17.300000 0.573946 9.355328 0.107105 9.613384e-01
17.600000 0.573499 9.520079 0.107040 9.613260e-01
17.900000 0.573065 9.684805 0.106976 9.613142e-01
18.200000 0.572646 9.849507 0.106913 9.613030e-01
18.500000 0.572239 10.014186 0.106853 9.612923e-01
18.800000 0.571845 10.178844 0.106794 9.612821e-01
19.100000 0.571463 10.343482 0.106737 9.612724e-01
19.400000 0.571092 10.508100 0.106681 9.612630e-01
19.700000 0.570733 10.672700 0.106626 9.612541e-01
20.000000 0.570383 10.837282 0.106573 9.612456e-01
20.300000 0.570044 11.001846 0.106521 9.612375e-01
20.600000 0.569714 11.166394 0.106471 9.612297e-01
20.900000 0.569393 11.330926 0.106422 9.612222e-01
21.200000 0.569081 11.495443 0.106373 9.612151e-01
21.500000 0.568778 11.659946 0.106327 9.612082e-01
21.800000 0.568482 11.824434 0.106281 9.612016e-01
22.100000 0.568195 11.988908 0.106236 9.611953e-01
22.400000 0.567914 12.153370 0.106192 9.611893e-01
22.700000 0.567641 12.317818 0.106149 9.611835e-01
23.000000 0.567375 12.482254 0.106107 9.611779e-01
23.300000 0.567116 12.646678 0.106066 9.611726e-01
23.600000 0.566862 12.811090 0.106026 9.611675e-01
23.900000 0.566615 12.975491 0.105987 9.611625e-01
24.200000 0.566374 13.139881 0.105949 9.611578e-01
24.500000 0.566139 13.304261 0.105911 9.611532e-01
24.800000 0.565909 13.468630 0.105874 9.611489e-01
