-25.000000 2.032572 -52.846866 0.358331 9.653512e-01
-24.700000 2.031751 -52.215997 0.358191 9.653505e-01
-24.400000 2.030910 -51.585125 0.358046 9.653498e-01
-24.100000 2.030050 -50.954251 0.357898 9.653492e-01
-23.800000 2.029168 -50.323375 0.357746 9.653486e-01
-23.500000 2.028265 -49.692496 0.357589 9.653481e-01
-23.200000 2.027339 -49.061615 0.357428 9.653476e-01
-22.900000 2.026390 -48.430732 0.357263 9.653472e-01
-22.600000 2.025417 -47.799845 0.357093 9.653469e-01
-22.300000 2.024419 -47.168957 0.356919 9.653466e-01
-22.000000 2.023394 -46.538065 0.356739 9.653465e-01
-21.700000 2.022342 -45.907171 0.356554 9.653464e-01
-21.400000 2.021262 -45.276275 0.356363 9.653464e-01
-21.100000 2.020153 -44.645375 0.356167 9.653466e-01
-20.800000 2.019013 -44.014473 0.355964 9.653468e-01
-20.500000 2.017840 -43.383569 0.355756 9.653472e-01
-20.200000 2.016635 -42.752661 0.355541 9.653477e-01
-19.900000 2.015395 -42.121751 0.355318 9.653484e-01
-19.600000 2.014118 -41.490838 0.355089 9.653492e-01
-19.300000 2.012804 -40.859922 0.354852 9.653502e-01
-19.000000 2.011450 -40.229003 0.354607 9.653513e-01
-18.700000 2.010055 -39.598081 0.354354 9.653527e-01
-18.400000 2.008616 -38.967157 0.354092 9.653543e-01
-18.100000 2.007132 -38.336229 0.353821 9.653561e-01
-17.800000 2.005601 -37.705299 0.353540 9.653582e-01
-17.500000 2.004020 -37.074366 0.353249 9.653605e-01
-17.200000 2.002386 -36.443430 0.352947 9.653632e-01
-16.900000 2.000698 -35.812491 0.352634 9.653662e-01
-16.600000 1.998952 -35.181549 0.352308 9.653695e-01
-16.300000 1.997145 -34.550605 0.351970 9.653732e-01
-16.000000 1.995274 -33.919658 0.351619 9.653773e-01
-15.700000 1.993336 -33.288708 0.351254 9.653818e-01
-15.400000 1.991327 -32.657756 0.350873 9.653868e-01
-15.100000 1.989242 -32.026801 0.350477 9.653924e-01
-14.800000 1.987079 -31.395844 0.350063 9.653986e-01
-14.500000 1.984831 -30.764885 0.349632 9.654053e-01
-14.200000 1.982495 -30.133924 0.349181 9.654128e-01
-13.900000 1.980064 -29.502961 0.348710 9.654211e-01
-13.600000 1.977534 -28.871996 0.348217 9.654302e-01
-13.300000 1.974897 -28.241030 0.347700 9.654402e-01
-13.000000 1.972147 -27.610063 0.347159 9.654512e-01
-12.700000 1.969277 -26.979096 0.346590 9.654634e-01
-12.400000 1.966278 -26.348127 0.345993 9.654769e-01
-12.100000 1.963142 -25.717159 0.345364 9.654918e-01
-11.800000 1.959859 -25.086191 0.344701 9.655082e-01
-11.500000 1.956418 -24.455224 0.344002 9.655264e-01
-11.200000 1.952808 -23.824259 0.343263 9.655465e-01
-10.900000 1.949016 -23.193296 0.342482 9.655689e-01
-10.600000 1.945029 -22.562335 0.341653 9.655937e-01
-10.300000 1.940830 -21.931379 0.340774 9.656214e-01
-10.000000 1.936402 -21.300426 0.339838 9.656522e-01
-9.700000 1.931727 -20.669480 0.338841 9.656868e-01
-9.400000 1.926783 -20.038540 0.337777 9.657255e-01
-9.100000 1.921545 -19.407609 0.336637 9.657689e-01
-8.800000 1.915989 -18.776687 0.335415 9.658179e-01
-8.500000 1.910082 -18.145777 0.334100 9.658733e-01
-8.200000 1.903791 -17.514881 0.332683 9.659360e-01
-7.900000 1.897079 -16.884001 0.331151 9.660073e-01
-7.600000 1.889900 -16.253139 0.329489 9.660886e-01
-7.300000 1.882205 -15.622300 0.327681 9.661816e-01
-7.000000 1.873936 -14.991488 0.325708 9.662885e-01
-6.700000 1.865027 -14.360708 0.323545 9.664118e-01
-6.400000 1.855401 -13.729967 0.321167 9.665545e-01
-6.100000 1.844968 -13.099273 0.318541 9.667203e-01
-5.800000 1.833623 -12.468636 0.315629 9.669139e-01
-5.500000 1.821242 -11.838071 0.312384 9.671409e-01
-5.200000 1.807677 -11.207596 0.308750 9.674083e-01
-4.900000 1.792752 -10.577238 0.304660 9.677249e-01
-4.600000 1.776255 -9.947031 0.300031 9.681018e-01
-4.300000 1.757929 -9.317024 0.294760 9.685529e-01
-4.000000 1.737458 -8.687288 0.288718 9.690962e-01
-3.700000 1.714452 -8.057925 0.281746 9.697551e-01
-3.400000 1.688429 -7.429087 0.273637 9.705604e-01
-3.100000 1.658782 -6.801005 0.264126 9.715531e-01
-2.800000 1.624747 -6.174038 0.252862 9.727893e-01
-2.500000 1.585361 -5.548763 0.239377 9.743465e-01
-2.200000 1.539417 -4.926133 0.223028 9.763338e-01
-1.900000 1.485439 -4.307772 0.202923 9.789032e-01
-1.600000 1.421746 -3.696540 0.177844 9.822507e-01
-1.300000 1.346794 -3.097625 0.146343 9.865480e-01
-1.000000 1.260308 -2.520616 0.107647 9.916453e-01
-0.700000 1.165950 -1.982115 0.064411 9.964880e-01
-0.400000 1.073713 -1.503199 0.026694 9.992867e-01
-0.100000 0.995135 -1.094648 0.022303 9.994202e-01
0.200000 0.934228 -0.747382 0.037554 9.981374e-01
0.500000 0.887633 -0.443817 0.047162 9.967505e-01
0.800000 0.850682 -0.170136 0.052177 9.956742e-01
1.100000 12.776619 1.277662 0.618526 9.973008e-01
1.400000 0.794247 0.317699 0.056350 9.942206e-01
1.700000 0.771833 0.540283 0.057476 9.936367e-01
2.000000 0.752267 0.752267 0.058482 9.930689e-01
2.300000 0.735102 0.955633 0.059467 9.924992e-01
2.600000 0.720005 1.152008 0.060443 9.919273e-01
2.900000 0.706706 1.342741 0.061389 9.913609e-01
3.200000 0.694974 1.528942 0.062286 9.908090e-01
3.500000 0.684606 1.711516 0.063118 9.902790e-01
3.800000 0.675425 1.891190 0.063879 9.897759e-01
4.100000 0.667272 2.068543 0.064568 9.893025e-01
4.400000 0.660010 2.244034 0.065188 9.888597e-01
4.700000 0.653520 2.418023 0.065745 9.884472e-01
5.000000 0.647698 2.590794 0.066245 9.880638e-01
5.300000 0.642458 2.762570 0.066693 9.877078e-01
5.600000 0.637724 2.933529 0.067097 9.873773e-01
5.900000 0.633430 3.103809 0.067461 9.870704e-01
6.200000 0.629524 3.273523 0.067791 9.867851e-01
6.500000 0.625957 3.442761 0.068090 9.865196e-01
6.800000 0.622689 3.611594 0.068361 9.862723e-01
7.100000 0.619685 3.780081 0.068609 9.860416e-01
7.400000 0.616917 3.948271 0.068835 9.858262e-01
7.700000 0.614359 4.116203 0.069042 9.856247e-01
8.000000 0.611987 4.283910 0.069232 9.854359e-01
8.300000 0.609783 4.451419 0.069407 9.852589e-01
8.600000 0.607731 4.618754 0.069568 9.850927e-01
8.900000 0.605814 4.785934 0.069717 9.849365e-01
9.200000 0.604021 4.952976 0.069854 9.847894e-01
9.500000 0.602340 5.119894 0.069981 9.846508e-01
9.800000 0.600761 5.286700 0.070099 9.845201e-01
10.100000 0.599275 5.453404 0.070208 9.843967e-01
10.400000 0.597874 5.620016 0.070309 9.842801e-01
10.700000 0.596551 5.786545 0.070403 9.841698e-01
11.000000 0.595300 5.952996 0.070491 9.840653e-01
11.300000 0.594114 6.119377 0.070572 9.839664e-01
11.600000 0.592990 6.285693 0.070648 9.838725e-01
11.900000 0.591922 6.451949 0.070718 9.837834e-01
12.200000 0.590906 6.618150 0.070784 9.836988e-01
12.500000 0.589939 6.784298 0.070845 9.836183e-01
12.800000 0.589017 6.950399 0.070902 9.835419e-01
13.100000 0.588137 7.116456 0.070955 9.834691e-01
13.400000 0.587296 7.282471 0.071005 9.833997e-01
13.700000 0.586492 7.448447 0.071051 9.833337e-01
14.000000 0.585722 7.614386 0.071094 9.832707e-01
14.300000 0.584984 7.780292 0.071134 9.832106e-01
14.600000 0.584277 7.946166 0.071171 9.831533e-01
14.900000 0.583598 8.112010 0.071206 9.830985e-01
15.200000 0.582945 8.277825 0.071238 9.830462e-01
15.500000 0.582318 8.443614 0.071268 9.829962e-01
15.800000 0.581715 8.609378 0.071296 9.829484e-01
16.100000 0.581134 8.775119 0.071322 9.829026e-01
16.400000 0.580574 8.940837 0.071346 9.828588e-01
16.700000 0.580034 9.106534 0.071368 9.828169e-01
17.000000 0.579513 9.272211 0.071389 9.827767e-01
17.300000 0.579010 9.437870 0.071408 9.827382e-01
17.600000 0.578525 9.603510 0.071426 9.827012e-01
17.900000 0.578055 9.769134 0.071442 9.826658e-01
18.200000 0.577601 9.934741 0.071457 9.826318e-01
18.500000 0.577162 10.100334 0.071471 9.825992e-01
18.800000 0.576737 10.265912 0.071484 9.825679e-01
19.100000 0.576325 10.431476 0.071496 9.825378e-01
19.400000 0.575925 10.597027 0.071506 9.825089e-01
19.700000 0.575538 10.762565 0.071516 9.824811e-01
20.000000 0.575163 10.928092 0.071525 9.824544e-01
20.300000 0.574798 11.093607 0.071533 9.824287e-01
20.600000 0.574444 11.259112 0.071540 9.824039e-01
20.900000 0.574101 11.424606 0.071546 9.823801e-01
21.200000 0.573767 11.590090 0.071552 9.823572e-01
21.500000 0.573442 11.755564 0.071557 9.823351e-01
21.800000 0.573126 11.921030 0.071562 9.823138e-01
22.100000 0.572819 12.086487 0.071566 9.822932e-01
22.400000 0.572520 12.251935 0.071569 9.822735e-01
22.700000 0.572229 12.417375 0.071572 9.822544e-01
23.000000 0.571946 12.582808 0.071574 9.822360e-01
23.300000 0.571670 12.748233 0.071576 9.822182e-01
23.600000 0.571400 12.913651 0.071577 9.822010e-01
23.900000 0.571138 13.079062 0.071578 9.821844e-01
24.200000 0.570882 13.244467 0.071579 9.821684e-01
24.500000 0.570633 13.409865 0.071579 9.821530e-01
24.800000 0.570389 13.575256 0.071579 9.821380e-01
