1.674687 0.769824 8.038405e-01 0.619810 0.355370 7.248286e-01
1.146955 0.218402 9.598089e-01 0.917414 0.050901 9.964575e-01
0.992347 0.043084 9.978279e-01 0.962855 0.015570 9.996981e-01
0.968412 0.022541 9.993747e-01 0.962622 0.015204 9.997120e-01
0.962017 0.014804 9.997266e-01 0.960517 0.012803 9.997949e-01
0.958394 0.010385 9.998644e-01 0.958191 0.010203 9.998691e-01
0.955473 0.008772 9.999027e-01 0.955425 0.008766 9.999028e-01
0.952764 0.009149 9.998935e-01 0.952042 0.009490 9.998853e-01
0.950098 0.010275 9.998650e-01 0.947909 0.011801 9.998210e-01
0.947412 0.011456 9.998312e-01 0.942940 0.014672 9.997205e-01
0.944691 0.012482 9.997984e-01 0.937090 0.017601 9.995928e-01
0.941937 0.013331 9.997687e-01 0.930339 0.020454 9.994421e-01
0.939156 0.014035 9.997422e-01 0.922693 0.023252 9.992672e-01
0.936361 0.014635 9.997180e-01 0.914168 0.026071 9.990616e-01
0.933561 0.015166 9.996953e-01 0.904787 0.028991 9.988157e-01
0.930765 0.015654 9.996735e-01 0.894582 0.032079 9.985172e-01
0.927981 0.016114 9.996519e-01 0.883585 0.035370 9.981529e-01
0.925215 0.016557 9.996303e-01 0.871831 0.038875 9.977091e-01
0.922474 0.016986 9.996086e-01 0.859358 0.042581 9.971726e-01
0.919761 0.017401 9.995868e-01 0.846204 0.046462 9.965306e-01
0.917083 0.017800 9.995651e-01 0.832409 0.050479 9.957711e-01
0.914441 0.018180 9.995437e-01 0.818015 0.054591 9.948831e-01
0.911841 0.018538 9.995229e-01 0.803063 0.058754 9.938563e-01
0.909284 0.018869 9.995029e-01 0.787598 0.062929 9.926814e-01
0.906775 0.019172 9.994840e-01 0.771665 0.067077 9.913496e-01
0.904315 0.019443 9.994664e-01 0.755310 0.071162 9.898529e-01
0.901908 0.019681 9.994504e-01 0.738581 0.075156 9.881834e-01
0.899555 0.019885 9.994360e-01 0.721524 0.079032 9.863338e-01
0.897259 0.020053 9.994235e-01 0.704190 0.082768 9.842964e-01
0.895022 0.020186 9.994129e-01 0.686626 0.086350 9.820632e-01
0.892844 0.020284 9.994043e-01 0.668883 0.089764 9.796255e-01
0.890729 0.020348 9.993977e-01 0.651008 0.093003 9.769733e-01
0.888676 0.020379 9.993931e-01 0.633051 0.096066 9.740948e-01
0.886688 0.020378 9.993904e-01 0.615057 0.098953 9.709758e-01
0.884764 0.020348 9.993896e-01 0.597075 0.101671 9.675993e-01
0.882907 0.020291 9.993904e-01 0.579148 0.104228 9.639447e-01
0.881114 0.020209 9.993929e-01 0.561318 0.106638 9.599875e-01
0.879388 0.020104 9.993968e-01 0.543628 0.108915 9.556989e-01
0.877728 0.019980 9.994020e-01 0.526116 0.111074 9.510456e-01
0.876134 0.019838 9.994083e-01 0.508817 0.113134 9.459897e-01
0.874604 0.019682 9.994155e-01 0.491765 0.115111 9.404889e-01
0.873139 0.019515 9.994235e-01 0.474992 0.117021 9.344974e-01
0.871738 0.019337 9.994321e-01 0.458524 0.118878 9.279661e-01
0.870398 0.019152 9.994412e-01 0.442388 0.120695 9.208442e-01
0.869120 0.018962 9.994506e-01 0.426604 0.122481 9.130804e-01
0.867902 0.018769 9.994602e-01 0.411194 0.124242 9.046243e-01
0.866742 0.018574 9.994700e-01 0.396172 0.125983 8.954282e-01
0.865638 0.018378 9.994797e-01 0.381553 0.127705 8.854495e-01
0.864590 0.018184 9.994894e-01 0.367347 0.129406 8.746520e-01
0.863595 0.017991 9.994990e-01 0.353563 0.131083 8.630079e-01
0.862651 0.017801 9.995085e-01 0.340207 0.132729 8.505000e-01
0.861756 0.017615 9.995177e-01 0.327283 0.134337 8.371227e-01
0.860909 0.017433 9.995267e-01 0.314791 0.135900 8.228833e-01
0.860108 0.017255 9.995354e-01 0.302732 0.137410 8.078028e-01
0.859350 0.017083 9.995439e-01 0.291103 0.138856 7.919160e-01
0.858634 0.016915 9.995520e-01 0.279900 0.140231 7.752713e-01
0.857958 0.016752 9.995599e-01 0.269119 0.141526 7.579301e-01
0.857320 0.016595 9.995675e-01 0.258751 0.142735 7.399653e-01
0.856718 0.016443 9.995748e-01 0.248790 0.143850 7.214597e-01
0.856151 0.016296 9.995818e-01 0.239227 0.144865 7.025041e-01
