-25.000000 2.110104 -54.862693 0.964049 8.057664e-01
-24.700000 2.109129 -54.204618 0.963578 8.057749e-01
-24.400000 2.108132 -53.546548 0.963095 8.057837e-01
-24.100000 2.107111 -52.888485 0.962600 8.057931e-01
-23.800000 2.106066 -52.230427 0.962092 8.058028e-01
-23.500000 2.104995 -51.572377 0.961572 8.058131e-01
-23.200000 2.103898 -50.914333 0.961038 8.058238e-01
-22.900000 2.102774 -50.256296 0.960489 8.058351e-01
-22.600000 2.101621 -49.598265 0.959926 8.058470e-01
-22.300000 2.100440 -48.940243 0.959348 8.058595e-01
-22.000000 2.099227 -48.282227 0.958754 8.058726e-01
-21.700000 2.097983 -47.624220 0.958144 8.058865e-01
-21.400000 2.096706 -46.966221 0.957516 8.059010e-01
-21.100000 2.095395 -46.308229 0.956871 8.059163e-01
-20.800000 2.094048 -45.650247 0.956206 8.059324e-01
-20.500000 2.092664 -44.992273 0.955522 8.059494e-01
-20.200000 2.091241 -44.334308 0.954818 8.059674e-01
-19.900000 2.089778 -43.676352 0.954092 8.059863e-01
-19.600000 2.088272 -43.018406 0.953344 8.060063e-01
-19.300000 2.086723 -42.360470 0.952572 8.060273e-01
-19.000000 2.085127 -41.702544 0.951776 8.060496e-01
-18.700000 2.083484 -41.044628 0.950954 8.060732e-01
-18.400000 2.081790 -40.386723 0.950105 8.060982e-01
-18.100000 2.080043 -39.728830 0.949228 8.061246e-01
-17.800000 2.078242 -39.070947 0.948321 8.061526e-01
-17.500000 2.076383 -38.413077 0.947382 8.061823e-01
-17.200000 2.074463 -37.755219 0.946411 8.062138e-01
-16.900000 2.072479 -37.097373 0.945405 8.062472e-01
-16.600000 2.070428 -36.439540 0.944362 8.062828e-01
-16.300000 2.068308 -35.781721 0.943280 8.063206e-01
-16.000000 2.066113 -35.123915 0.942157 8.063609e-01
-15.700000 2.063840 -34.466124 0.940991 8.064039e-01
-15.400000 2.061485 -33.808347 0.939780 8.064498e-01
-15.100000 2.059043 -33.150586 0.938519 8.064987e-01
-14.800000 2.056509 -32.492840 0.937207 8.065511e-01
-14.500000 2.053878 -31.835111 0.935840 8.066072e-01
-14.200000 2.051145 -31.177400 0.934414 8.066673e-01
-13.900000 2.048302 -30.519706 0.932926 8.067319e-01
-13.600000 2.045345 -29.862031 0.931372 8.068013e-01
-13.300000 2.042264 -29.204375 0.929746 8.068760e-01
-13.000000 2.039053 -28.546740 0.928044 8.069566e-01
-12.700000 2.035703 -27.889128 0.926260 8.070437e-01
-12.400000 2.032204 -27.231538 0.924389 8.071379e-01
-12.100000 2.028548 -26.573973 0.922423 8.072400e-01
-11.800000 2.024721 -25.916434 0.920355 8.073508e-01
-11.500000 2.020714 -25.258924 0.918177 8.074715e-01
-11.200000 2.016512 -24.601445 0.915880 8.076031e-01
-10.900000 2.012101 -23.943999 0.913453 8.077470e-01
-10.600000 2.007465 -23.286590 0.910886 8.079046e-01
-10.300000 2.002586 -22.629221 0.908165 8.080778e-01
-10.000000 1.997445 -21.971897 0.905277 8.082684e-01
-9.700000 1.992021 -21.314623 0.902206 8.084790e-01
-9.400000 1.986289 -20.657405 0.898932 8.087121e-01
-9.100000 1.980223 -20.000250 0.895437 8.089711e-01
-8.800000 1.973793 -19.343168 0.891695 8.092597e-01
-8.500000 1.966965 -18.686168 0.887682 8.095824e-01
-8.200000 1.959702 -18.029262 0.883366 8.099445e-01
-7.900000 1.951962 -17.372465 0.878711 8.103523e-01
-7.600000 1.943697 -16.715794 0.873677 8.108134e-01
-7.300000 1.934852 -16.059270 0.868216 8.113371e-01
-7.000000 1.925364 -15.402915 0.862273 8.119345e-01
-6.700000 1.915163 -14.746759 0.855781 8.126192e-01
-6.400000 1.904167 -14.090832 0.848663 8.134079e-01
-6.100000 1.892278 -13.435173 0.840826 8.143212e-01
-5.800000 1.879386 -12.779823 0.832159 8.153848e-01
-5.500000 1.865358 -12.124827 0.822528 8.166305e-01
-5.200000 1.850038 -11.470235 0.811772 8.180983e-01
-4.900000 1.833236 -10.816095 0.799694 8.198381e-01
-4.600000 1.814724 -10.162453 0.786052 8.219131e-01
-4.300000 1.794216 -9.509347 0.770550 8.244032e-01
-4.000000 1.771361 -8.856805 0.752821 8.274103e-01
-3.700000 1.745708 -8.204830 0.732405 8.310654e-01
-3.400000 1.716682 -7.553402 0.708723 8.355385e-01
-3.100000 1.683529 -6.902468 0.681036 8.410545e-01
-2.800000 1.645247 -6.251939 0.648387 8.479158e-01
-2.500000 1.600484 -5.601694 0.609510 8.565399e-01
-2.200000 1.547369 -4.951581 0.562693 8.675176e-01
-1.900000 1.483262 -4.301461 0.505566 8.817048e-01
-1.600000 1.404366 -3.651352 0.434777 9.003438e-01
-1.300000 1.305417 -3.002460 0.345718 9.250719e-01
-1.000000 1.182308 -2.364616 0.234038 9.567072e-01
-0.700000 1.054171 -1.792091 0.109532 9.876859e-01
-0.400000 0.982997 -1.376196 0.032975 9.987022e-01
-0.100000 0.965536 -1.062089 0.017731 9.996107e-01
0.200000 0.961174 -0.768939 0.013509 9.997719e-01
0.500000 0.959017 -0.479508 0.011039 9.998470e-01
0.800000 0.957381 -0.191476 0.009566 9.998847e-01
1.100000 15.735456 1.573546 2.177548 9.783628e-01
1.400000 0.954569 0.381828 0.008730 9.999034e-01
1.700000 0.953224 0.667257 0.008929 9.998987e-01
2.000000 0.951884 0.951884 0.009294 9.998899e-01
2.300000 0.950539 1.235701 0.009719 9.998793e-01
2.600000 0.949185 1.518696 0.010149 9.998680e-01
2.900000 0.947821 1.800860 0.010557 9.998568e-01
3.200000 0.946449 2.082188 0.010935 9.998459e-01
3.500000 0.945071 2.362676 0.011281 9.998355e-01
3.800000 0.943688 2.642325 0.011599 9.998256e-01
4.100000 0.942302 2.921136 0.011891 9.998161e-01
4.400000 0.940916 3.199115 0.012163 9.998071e-01
4.700000 0.939532 3.476268 0.012416 9.997984e-01
5.000000 0.938151 3.752602 0.012655 9.997899e-01
5.300000 0.936774 4.028128 0.012881 9.997817e-01
5.600000 0.935403 4.302856 0.013097 9.997737e-01
5.900000 0.934040 4.576797 0.013303 9.997658e-01
6.200000 0.932685 4.849965 0.013499 9.997581e-01
6.500000 0.931340 5.122372 0.013688 9.997506e-01
6.800000 0.930006 5.394034 0.013867 9.997433e-01
7.100000 0.928683 5.664967 0.014039 9.997362e-01
7.400000 0.927373 5.935185 0.014202 9.997292e-01
7.700000 0.926075 6.204706 0.014357 9.997225e-01
8.000000 0.924792 6.473546 0.014503 9.997161e-01
8.300000 0.923524 6.741724 0.014640 9.997099e-01
8.600000 0.922271 7.009259 0.014769 9.997039e-01
8.900000 0.921034 7.276168 0.014888 9.996983e-01
9.200000 0.919814 7.542471 0.014998 9.996930e-01
9.500000 0.918610 7.808187 0.015100 9.996881e-01
9.800000 0.917425 8.073336 0.015192 9.996834e-01
10.100000 0.916257 8.337938 0.015275 9.996791e-01
10.400000 0.915108 8.602012 0.015350 9.996752e-01
10.700000 0.913977 8.865577 0.015416 9.996716e-01
11.000000 0.912866 9.128655 0.015473 9.996683e-01
11.300000 0.911773 9.391264 0.015523 9.996654e-01
11.600000 0.910700 9.653424 0.015565 9.996628e-01
11.900000 0.909647 9.915154 0.015600 9.996605e-01
12.200000 0.908614 10.176473 0.015628 9.996585e-01
12.500000 0.907600 10.437399 0.015649 9.996568e-01
12.800000 0.906606 10.697951 0.015665 9.996553e-01
13.100000 0.905632 10.958146 0.015674 9.996542e-01
13.400000 0.904678 11.218002 0.015679 9.996532e-01
13.700000 0.903743 11.477535 0.015679 9.996525e-01
14.000000 0.902828 11.736761 0.015674 9.996520e-01
14.300000 0.901932 11.995697 0.015666 9.996517e-01
14.600000 0.901056 12.254357 0.015653 9.996516e-01
14.900000 0.900198 12.512755 0.015638 9.996516e-01
15.200000 0.899360 12.770907 0.015620 9.996518e-01
15.500000 0.898540 13.028824 0.015599 9.996521e-01
15.800000 0.897738 13.286521 0.015576 9.996525e-01
16.100000 0.896954 13.544009 0.015552 9.996530e-01
16.400000 0.896188 13.801300 0.015525 9.996535e-01
16.700000 0.895440 14.058404 0.015498 9.996542e-01
17.000000 0.894708 14.315334 0.015469 9.996549e-01
17.300000 0.893994 14.572098 0.015439 9.996557e-01
17.600000 0.893296 14.828706 0.015409 9.996565e-01
17.900000 0.892613 15.085168 0.015378 9.996574e-01
18.200000 0.891947 15.341491 0.015346 9.996583e-01
18.500000 0.891296 15.597684 0.015314 9.996592e-01
18.800000 0.890660 15.853755 0.015283 9.996601e-01
19.100000 0.890039 16.109710 0.015251 9.996610e-01
19.400000 0.889432 16.365556 0.015219 9.996620e-01
19.700000 0.888840 16.621301 0.015188 9.996629e-01
20.000000 0.888260 16.876949 0.015156 9.996639e-01
20.300000 0.887695 17.132506 0.015125 9.996648e-01
20.600000 0.887142 17.387979 0.015094 9.996658e-01
20.900000 0.886602 17.643371 0.015064 9.996667e-01
21.200000 0.886074 17.898688 0.015034 9.996676e-01
21.500000 0.885558 18.153933 0.015005 9.996686e-01
21.800000 0.885053 18.409112 0.014976 9.996694e-01
22.100000 0.884561 18.664228 0.014948 9.996703e-01
22.400000 0.884079 18.919285 0.014920 9.996712e-01
22.700000 0.883608 19.174286 0.014893 9.996721e-01
23.000000 0.883147 19.429234 0.014866 9.996729e-01
23.300000 0.882697 19.684132 0.014840 9.996737e-01
23.600000 0.882256 19.938984 0.014814 9.996745e-01
23.900000 0.881825 20.193792 0.014789 9.996753e-01
24.200000 0.881403 20.448559 0.014765 9.996760e-01
24.500000 0.880991 20.703286 0.014741 9.996768e-01
24.800000 0.880587 20.957977 0.014718 9.996775e-01
