1.534223 0.443438 9.120136e-01 0.629518 0.314260 7.765196e-01
1.390603 0.337058 9.364640e-01 0.793943 0.185721 9.405631e-01
1.241819 0.206864 9.689488e-01 0.920950 0.074395 9.925205e-01
1.133518 0.104234 9.903291e-01 0.981810 0.016682 9.996667e-01
1.070057 0.047871 9.976940e-01 0.998540 0.001616 9.999970e-01
1.030134 0.018038 9.996460e-01 0.996891 0.002681 9.999916e-01
0.998452 0.002324 9.999937e-01 0.985897 0.009574 9.998911e-01
0.968379 0.019911 9.995120e-01 0.966348 0.021093 9.994501e-01
0.937605 0.037835 9.981231e-01 0.937085 0.038138 9.980908e-01
0.905771 0.056335 9.955526e-01 0.897271 0.061274 9.946433e-01
0.873533 0.074767 9.916107e-01 0.847304 0.089834 9.871848e-01
0.842051 0.092021 9.863958e-01 0.789099 0.121726 9.732541e-01
0.812556 0.107021 9.803599e-01 0.725747 0.153959 9.505961e-01
0.785981 0.119100 9.741682e-01 0.660719 0.183601 9.181267e-01
0.762800 0.128118 9.684500e-01 0.597058 0.208603 8.764459e-01
0.743060 0.134363 9.636139e-01 0.536937 0.228105 8.275239e-01
0.726519 0.138343 9.598088e-01 0.481599 0.242259 7.738607e-01
0.712789 0.140618 9.569880e-01 0.431548 0.251846 7.177144e-01
