1.737592 0.977362 7.323992e-01 -0.000000 0.000000 3.000000e+04
1.737592 0.977362 7.323992e-01 -0.000000 0.000000 3.000000e+04
1.737592 0.977362 7.323992e-01 -0.000000 0.000000 3.000000e+04
1.737592 0.977362 7.323992e-01 -0.000000 0.000000 3.000000e+04
1.737592 0.977362 7.323992e-01 -0.000000 0.000000 3.000000e+04
1.737592 0.977362 7.323992e-01 -0.000000 0.000000 3.000000e+04
1.737592 0.977362 7.323992e-01 -0.000000 0.000000 3.000000e+04
1.737592 0.977362 7.323992e-01 -0.000000 0.000000 3.000000e+04
1.737592 0.977362 7.323992e-01 -0.000000 0.000000 3.000000e+04
1.737592 0.977362 7.323992e-01 -0.000000 0.000000 3.000000e+04
1.737592 0.977362 7.323992e-01 -0.000000 0.000000 3.000000e+04
1.737592 0.977362 7.323992e-01 -0.000000 0.000000 3.000000e+04
1.737592 0.977362 7.323992e-01 -0.000000 0.000000 3.000000e+04
1.737592 0.977362 7.323992e-01 -0.000000 0.000001 3.000000e+04
1.737592 0.977362 7.323992e-01 -0.000000 0.000001 3.000000e+04
1.737592 0.977362 7.323992e-01 -0.000000 0.000001 3.000000e+04
1.737592 0.977362 7.323992e-01 -0.000000 0.000001 3.000000e+04
1.737592 0.977362 7.323992e-01 -0.000000 0.000001 3.000000e+04
1.737592 0.977362 7.323992e-01 -0.000000 0.000002 3.000000e+04
1.737592 0.977362 7.323992e-01 -0.000001 0.000002 3.000000e+04
1.737592 0.977362 7.323992e-01 -0.000001 0.000003 3.000000e+04
1.737592 0.977362 7.323992e-01 -0.000001 0.000003 3.000000e+04
0.975499 0.212598 9.480008e-01 0.970756 0.006935 9.999411e-01
0.977321 0.022703 9.993772e-01 0.970455 0.006608 9.999465e-01
0.971042 0.011211 9.998461e-01 0.968207 0.010897 9.998537e-01
0.964239 0.010859 9.998536e-01 0.963789 0.010666 9.998586e-01
0.957457 0.008254 9.999142e-01 0.957341 0.008220 9.999149e-01
0.950314 0.007580 9.999265e-01 0.948399 0.007919 9.999195e-01
0.942507 0.010193 9.998650e-01 0.936280 0.013420 9.997628e-01
0.933837 0.015056 9.996999e-01 0.920217 0.023558 9.992437e-01
0.924194 0.021326 9.993855e-01 0.899458 0.037753 9.979696e-01
0.913572 0.028695 9.988620e-01 0.873411 0.056268 9.952298e-01
0.902094 0.036929 9.980684e-01 0.841828 0.079235 9.898727e-01
0.890012 0.045711 9.969629e-01 0.804968 0.106263 9.802721e-01
0.877687 0.054621 9.955473e-01 0.763677 0.136310 9.645131e-01
0.865526 0.063197 9.938809e-01 0.719301 0.167789 9.408761e-01
0.853918 0.071022 9.920747e-01 0.673465 0.198877 9.085064e-01
0.843165 0.077797 9.902640e-01 0.627790 0.227883 8.679300e-01
0.833456 0.083377 9.885749e-01 0.583641 0.253541 8.210606e-01
0.824865 0.087753 9.870985e-01 0.542001 0.275136 7.706593e-01
0.817374 0.091018 9.858824e-01 0.503451 0.292463 7.195705e-01
