-25.000000 1.819140 -47.297650 0.594295 8.902717e-01
-24.700000 1.818277 -46.729726 0.593942 8.902950e-01
-24.400000 1.817394 -46.161805 0.593580 8.903192e-01
-24.100000 1.816490 -45.593888 0.593208 8.903445e-01
-23.800000 1.815563 -45.025974 0.592825 8.903708e-01
-23.500000 1.814615 -44.458064 0.592433 8.903982e-01
-23.200000 1.813643 -43.890157 0.592029 8.904268e-01
-22.900000 1.812647 -43.322254 0.591613 8.904565e-01
-22.600000 1.811625 -42.754356 0.591186 8.904876e-01
-22.300000 1.810578 -42.186462 0.590745 8.905200e-01
-22.000000 1.809503 -41.618573 0.590292 8.905539e-01
-21.700000 1.808400 -41.050688 0.589826 8.905892e-01
-21.400000 1.807268 -40.482809 0.589345 8.906262e-01
-21.100000 1.806106 -39.914935 0.588849 8.906648e-01
-20.800000 1.804911 -39.347067 0.588337 8.907053e-01
-20.500000 1.803684 -38.779205 0.587809 8.907476e-01
-20.200000 1.802422 -38.211349 0.587264 8.907919e-01
-19.900000 1.801124 -37.643499 0.586702 8.908383e-01
-19.600000 1.799789 -37.075657 0.586120 8.908869e-01
-19.300000 1.798415 -36.507822 0.585519 8.909379e-01
-19.000000 1.797000 -35.939995 0.584897 8.909914e-01
-18.700000 1.795542 -35.372176 0.584253 8.910476e-01
-18.400000 1.794039 -34.804365 0.583587 8.911066e-01
-18.100000 1.792490 -34.236564 0.582897 8.911687e-01
-17.800000 1.790892 -33.668772 0.582181 8.912339e-01
-17.500000 1.789243 -33.100990 0.581439 8.913026e-01
-17.200000 1.787539 -32.533218 0.580668 8.913749e-01
-16.900000 1.785780 -31.965458 0.579869 8.914511e-01
-16.600000 1.783961 -31.397710 0.579037 8.915315e-01
-16.300000 1.782079 -30.829974 0.578173 8.916163e-01
-16.000000 1.780132 -30.262251 0.577273 8.917059e-01
-15.700000 1.778116 -29.694542 0.576337 8.918006e-01
-15.400000 1.776027 -29.126848 0.575361 8.919008e-01
-15.100000 1.773862 -28.559170 0.574343 8.920068e-01
-14.800000 1.771614 -27.991509 0.573281 8.921191e-01
-14.500000 1.769282 -27.423866 0.572172 8.922383e-01
-14.200000 1.766858 -26.856242 0.571012 8.923648e-01
-13.900000 1.764338 -26.288638 0.569799 8.924992e-01
-13.600000 1.761716 -25.721056 0.568528 8.926421e-01
-13.300000 1.758986 -25.153498 0.567196 8.927943e-01
-13.000000 1.756140 -24.585965 0.565799 8.929565e-01
-12.700000 1.753172 -24.018460 0.564331 8.931297e-01
-12.400000 1.750073 -23.450983 0.562787 8.933147e-01
-12.100000 1.746835 -22.883539 0.561162 8.935126e-01
-11.800000 1.743448 -22.316129 0.559450 8.937246e-01
-11.500000 1.739900 -21.748756 0.557643 8.939521e-01
-11.200000 1.736182 -21.181423 0.555734 8.941964e-01
-10.900000 1.732280 -20.614135 0.553714 8.944593e-01
-10.600000 1.728181 -20.046895 0.551574 8.947426e-01
-10.300000 1.723868 -19.479709 0.549304 8.950485e-01
-10.000000 1.719325 -18.912580 0.546892 8.953792e-01
-9.700000 1.714534 -18.345516 0.544324 8.957376e-01
-9.400000 1.709473 -17.778524 0.541586 8.961266e-01
-9.100000 1.704120 -17.211610 0.538662 8.965498e-01
-8.800000 1.698447 -16.644785 0.535532 8.970113e-01
-8.500000 1.692427 -16.078058 0.532176 8.975157e-01
-8.200000 1.686026 -15.511443 0.528569 8.980685e-01
-7.900000 1.679208 -14.944952 0.524683 8.986758e-01
-7.600000 1.671931 -14.378604 0.520487 8.993451e-01
-7.300000 1.664147 -13.812417 0.515944 9.000851e-01
-7.000000 1.655802 -13.246416 0.511011 9.009060e-01
-6.700000 1.646835 -12.680629 0.505637 9.018201e-01
-6.400000 1.637174 -12.115087 0.499765 9.028419e-01
-6.100000 1.626737 -11.549832 0.493325 9.039893e-01
-5.800000 1.615428 -10.984911 0.486234 9.052836e-01
-5.500000 1.603135 -10.420380 0.478394 9.067512e-01
-5.200000 1.589727 -9.856306 0.469684 9.084243e-01
-4.900000 1.575046 -9.292769 0.459961 9.103429e-01
-4.600000 1.558904 -8.729864 0.449046 9.125565e-01
-4.300000 1.541075 -8.167700 0.436722 9.151272e-01
-4.000000 1.521281 -7.606406 0.422718 9.181323e-01
-3.700000 1.499177 -7.046130 0.406695 9.216692e-01
-3.400000 1.474329 -6.487049 0.388228 9.258597e-01
-3.100000 1.446189 -5.929376 0.366774 9.308559e-01
-2.800000 1.414051 -5.373393 0.341644 9.368446e-01
-2.500000 1.377007 -4.819524 0.311957 9.440456e-01
-2.200000 1.333922 -4.268551 0.276620 9.526869e-01
-1.900000 1.283534 -3.722248 0.234443 9.629008e-01
-1.600000 1.225094 -3.185245 0.184800 9.743951e-01
-1.300000 1.160698 -2.669604 0.129970 9.857266e-01
-1.000000 1.099374 -2.198748 0.078721 9.941136e-01
-0.700000 1.053368 -1.790725 0.041355 9.982232e-01
-0.400000 1.024085 -1.433719 0.018055 9.996412e-01
-0.100000 1.004628 -1.105090 0.003118 9.999889e-01
0.200000 0.989653 -0.791723 0.007900 9.999264e-01
0.500000 0.976698 -0.488349 0.016935 9.996529e-01
0.800000 0.964744 -0.192949 0.024993 9.992255e-01
1.100000 15.729101 1.572910 1.530231 9.891879e-01
1.400000 0.942297 0.376919 0.039637 9.979608e-01
1.700000 0.931489 0.652042 0.046530 9.971267e-01
2.000000 0.920893 0.920893 0.053198 9.961609e-01
2.300000 0.910527 1.183685 0.059624 9.950724e-01
2.600000 0.900442 1.440707 0.065759 9.938786e-01
2.900000 0.890705 1.692339 0.071540 9.926051e-01
3.200000 0.881384 1.939044 0.076909 9.912835e-01
3.500000 0.872534 2.181335 0.081821 9.899468e-01
3.800000 0.864194 2.419742 0.086255 9.886263e-01
4.100000 0.856380 2.654777 0.090208 9.873483e-01
4.400000 0.849091 2.886911 0.093696 9.861326e-01
4.700000 0.842314 3.116563 0.096750 9.849925e-01
5.000000 0.836024 3.344094 0.099405 9.839354e-01
5.300000 0.830189 3.569815 0.101702 9.829640e-01
5.600000 0.824779 3.793983 0.103682 9.820775e-01
5.900000 0.819759 4.016817 0.105382 9.812726e-01
6.200000 0.815096 4.238499 0.106840 9.805445e-01
6.500000 0.810760 4.459182 0.108088 9.798874e-01
6.800000 0.806723 4.678994 0.109154 9.792954e-01
7.100000 0.802958 4.898044 0.110063 9.787626e-01
7.400000 0.799441 5.116425 0.110839 9.782830e-01
7.700000 0.796151 5.334215 0.111499 9.778514e-01
8.000000 0.793069 5.551482 0.112060 9.774626e-01
8.300000 0.790176 5.768286 0.112536 9.771122e-01
8.600000 0.787457 5.984676 0.112939 9.767959e-01
8.900000 0.784898 6.200697 0.113280 9.765102e-01
9.200000 0.782486 6.416389 0.113566 9.762517e-01
9.500000 0.780210 6.631785 0.113807 9.760175e-01
9.800000 0.778059 6.846915 0.114007 9.758051e-01
10.100000 0.776023 7.061807 0.114172 9.756120e-01
10.400000 0.774094 7.276483 0.114308 9.754364e-01
10.700000 0.772264 7.490964 0.114418 9.752764e-01
11.000000 0.770527 7.705270 0.114506 9.751305e-01
11.300000 0.768875 7.919416 0.114574 9.749971e-01
11.600000 0.767304 8.133419 0.114626 9.748752e-01
11.900000 0.765806 8.347290 0.114663 9.747635e-01
12.200000 0.764379 8.561043 0.114687 9.746611e-01
12.500000 0.763016 8.774688 0.114700 9.745671e-01
12.800000 0.761715 8.988234 0.114704 9.744808e-01
13.100000 0.760470 9.201692 0.114699 9.744015e-01
13.400000 0.759280 9.415067 0.114687 9.743285e-01
13.700000 0.758139 9.628369 0.114668 9.742613e-01
14.000000 0.757046 9.841602 0.114644 9.741994e-01
14.300000 0.755998 10.054774 0.114615 9.741423e-01
14.600000 0.754992 10.267889 0.114582 9.740897e-01
14.900000 0.754025 10.480952 0.114545 9.740412e-01
15.200000 0.753096 10.693968 0.114505 9.739964e-01
15.500000 0.752203 10.906940 0.114463 9.739551e-01
15.800000 0.751343 11.119873 0.114418 9.739169e-01
16.100000 0.750515 11.332770 0.114371 9.738817e-01
16.400000 0.749716 11.545633 0.114322 9.738493e-01
16.700000 0.748947 11.758466 0.114272 9.738193e-01
17.000000 0.748204 11.971271 0.114221 9.737917e-01
17.300000 0.747488 12.184050 0.114168 9.737662e-01
17.600000 0.746796 12.396806 0.114115 9.737427e-01
17.900000 0.746127 12.609540 0.114061 9.737211e-01
18.200000 0.745480 12.822254 0.114006 9.737012e-01
18.500000 0.744854 13.034950 0.113951 9.736829e-01
18.800000 0.744249 13.247629 0.113896 9.736662e-01
19.100000 0.743663 13.460293 0.113840 9.736508e-01
19.400000 0.743095 13.672943 0.113785 9.736367e-01
19.700000 0.742544 13.885579 0.113729 9.736238e-01
20.000000 0.742011 14.098204 0.113673 9.736121e-01
20.300000 0.741493 14.310818 0.113617 9.736014e-01
20.600000 0.740991 14.523422 0.113562 9.735917e-01
20.900000 0.740503 14.736016 0.113506 9.735829e-01
21.200000 0.740030 14.948602 0.113451 9.735750e-01
21.500000 0.739570 15.161180 0.113396 9.735679e-01
21.800000 0.739123 15.373750 0.113342 9.735615e-01
22.100000 0.738688 15.586314 0.113288 9.735559e-01
22.400000 0.738265 15.798872 0.113234 9.735509e-01
22.700000 0.737854 16.011424 0.113180 9.735465e-01
23.000000 0.737453 16.223971 0.113127 9.735427e-01
23.300000 0.737063 16.436513 0.113075 9.735394e-01
23.600000 0.736684 16.649050 0.113022 9.735367e-01
23.900000 0.736314 16.861584 0.112971 9.735344e-01
24.200000 0.735953 17.074113 0.112919 9.735326e-01
24.500000 0.735602 17.286639 0.112869 9.735311e-01
24.800000 0.735259 17.499162 0.112818 9.735301e-01
