1.467148 0.387606 9.254081e-01 0.731600 0.234514 8.939245e-01
1.261512 0.210082 9.689666e-01 0.907667 0.077766 9.915942e-01
1.132283 0.103026 9.905294e-01 0.980805 0.015986 9.996933e-01
1.065545 0.048756 9.975880e-01 0.998536 0.001577 9.999971e-01
1.026232 0.018210 9.996365e-01 0.996969 0.002719 9.999914e-01
0.997281 0.002934 9.999900e-01 0.986989 0.009900 9.998838e-01
0.972495 0.019841 9.995195e-01 0.970945 0.020871 9.994667e-01
0.949615 0.034924 9.984404e-01 0.949242 0.035167 9.984174e-01
0.927738 0.048986 9.967906e-01 0.921914 0.052727 9.962367e-01
0.906519 0.062356 9.945654e-01 0.889040 0.073440 9.921812e-01
0.885935 0.075055 9.917797e-01 0.850977 0.096924 9.852396e-01
0.866171 0.086902 9.885091e-01 0.808508 0.122392 9.742181e-01
0.847521 0.097624 9.849085e-01 0.762847 0.148669 9.579810e-01
0.830287 0.106959 9.811958e-01 0.715493 0.174375 9.358093e-01
0.814700 0.114735 9.776083e-01 0.667995 0.198190 9.077225e-01
0.800872 0.120914 9.743510e-01 0.621716 0.219089 8.745762e-01
0.788795 0.125580 9.715617e-01 0.577678 0.236472 8.378615e-01
0.778366 0.128901 9.693007e-01 0.536525 0.250168 7.993101e-01
0.769425 0.131094 9.675634e-01 0.498561 0.260350 7.605015e-01
0.761786 0.132379 9.663014e-01 0.463834 0.267415 7.226165e-01
