-25.000000 1.943273 -50.525094 0.355476 9.627941e-01
-24.700000 1.942365 -49.918793 0.355311 9.627941e-01
-24.400000 1.941437 -49.312492 0.355141 9.627941e-01
-24.100000 1.940486 -48.706190 0.354967 9.627941e-01
-23.800000 1.939512 -48.099889 0.354788 9.627941e-01
-23.500000 1.938514 -47.493588 0.354606 9.627941e-01
-23.200000 1.937491 -46.887287 0.354419 9.627941e-01
-22.900000 1.936443 -46.280986 0.354227 9.627941e-01
-22.600000 1.935368 -45.674685 0.354030 9.627941e-01
-22.300000 1.934265 -45.068384 0.353829 9.627941e-01
-22.000000 1.933134 -44.462082 0.353622 9.627941e-01
-21.700000 1.931973 -43.855781 0.353409 9.627941e-01
-21.400000 1.930780 -43.249480 0.353191 9.627941e-01
-21.100000 1.929556 -42.643179 0.352967 9.627941e-01
-20.800000 1.928297 -42.036878 0.352737 9.627941e-01
-20.500000 1.927004 -41.430577 0.352500 9.627941e-01
-20.200000 1.925673 -40.824276 0.352257 9.627941e-01
-19.900000 1.924305 -40.217974 0.352006 9.627941e-01
-19.600000 1.922897 -39.611673 0.351749 9.627942e-01
-19.300000 1.921447 -39.005372 0.351483 9.627942e-01
-19.000000 1.919954 -38.399071 0.351210 9.627942e-01
-18.700000 1.918415 -37.792770 0.350929 9.627942e-01
-18.400000 1.916828 -37.186469 0.350638 9.627942e-01
-18.100000 1.915192 -36.580168 0.350339 9.627943e-01
-17.800000 1.913504 -35.973867 0.350030 9.627943e-01
-17.500000 1.911760 -35.367565 0.349711 9.627944e-01
-17.200000 1.909960 -34.761264 0.349381 9.627944e-01
-16.900000 1.908099 -34.154963 0.349040 9.627945e-01
-16.600000 1.906174 -33.548662 0.348688 9.627946e-01
-16.300000 1.904183 -32.942361 0.348323 9.627946e-01
-16.000000 1.902121 -32.336060 0.347945 9.627948e-01
-15.700000 1.899986 -31.729759 0.347554 9.627949e-01
-15.400000 1.897772 -31.123458 0.347148 9.627950e-01
-15.100000 1.895476 -30.517158 0.346728 9.627952e-01
-14.800000 1.893092 -29.910857 0.346291 9.627954e-01
-14.500000 1.890617 -29.304556 0.345836 9.627957e-01
-14.200000 1.888043 -28.698256 0.345364 9.627960e-01
-13.900000 1.885366 -28.091956 0.344873 9.627964e-01
-13.600000 1.882579 -27.485656 0.344361 9.627968e-01
-13.300000 1.879675 -26.879357 0.343827 9.627974e-01
-13.000000 1.876647 -26.273058 0.343270 9.627980e-01
-12.700000 1.873486 -25.666759 0.342688 9.627988e-01
-12.400000 1.870184 -25.060461 0.342080 9.627997e-01
-12.100000 1.866730 -24.454164 0.341443 9.628008e-01
-11.800000 1.863115 -23.847869 0.340775 9.628021e-01
-11.500000 1.859326 -23.241574 0.340075 9.628037e-01
-11.200000 1.855351 -22.635281 0.339339 9.628056e-01
-10.900000 1.851176 -22.028990 0.338564 9.628079e-01
-10.600000 1.846785 -21.422702 0.337748 9.628108e-01
-10.300000 1.842161 -20.816417 0.336886 9.628141e-01
-10.000000 1.837285 -20.210136 0.335975 9.628183e-01
-9.700000 1.832136 -19.603859 0.335010 9.628233e-01
-9.400000 1.826691 -18.997589 0.333986 9.628293e-01
-9.100000 1.820923 -18.391327 0.332897 9.628367e-01
-8.800000 1.814803 -17.785074 0.331737 9.628457e-01
-8.500000 1.808298 -17.178833 0.330496 9.628568e-01
-8.200000 1.801370 -16.572607 0.329168 9.628703e-01
-7.900000 1.793977 -15.966399 0.327741 9.628869e-01
-7.600000 1.786071 -15.360214 0.326203 9.629073e-01
-7.300000 1.777597 -14.754059 0.324541 9.629326e-01
-7.000000 1.768492 -14.147939 0.322737 9.629639e-01
-6.700000 1.758684 -13.541866 0.320772 9.630027e-01
-6.400000 1.748088 -12.935850 0.318623 9.630511e-01
-6.100000 1.736607 -12.329907 0.316260 9.631118e-01
-5.800000 1.724126 -11.724056 0.313650 9.631881e-01
-5.500000 1.710511 -11.118321 0.310750 9.632846e-01
-5.200000 1.695603 -10.512736 0.307507 9.634072e-01
-4.900000 1.679210 -9.907340 0.303855 9.635642e-01
-4.600000 1.661105 -9.302188 0.299711 9.637667e-01
-4.300000 1.641010 -8.697351 0.294968 9.640299e-01
-4.000000 1.618585 -8.092927 0.289484 9.643755e-01
-3.700000 1.593414 -7.489045 0.283073 9.648344e-01
-3.400000 1.564976 -6.885893 0.275484 9.654513e-01
-3.100000 1.532622 -6.283750 0.266368 9.662923e-01
-2.800000 1.495540 -5.683053 0.255242 9.674566e-01
-2.500000 1.452729 -5.084552 0.241407 9.690954e-01
-2.200000 1.403008 -4.489624 0.223853 9.714408e-01
-1.900000 1.345170 -3.900992 0.201089 9.748418e-01
-1.600000 1.278558 -3.324251 0.171008 9.797589e-01
-1.300000 1.204589 -2.770555 0.131364 9.864520e-01
-1.000000 1.129402 -2.258804 0.083604 9.937116e-01
-0.700000 1.064524 -1.809692 0.041058 9.982850e-01
-0.400000 1.017752 -1.424853 0.017737 9.996494e-01
-0.100000 0.984987 -1.083486 0.010758 9.998622e-01
0.200000 0.959340 -0.767472 0.014143 9.997491e-01
0.500000 0.936682 -0.468341 0.020590 9.994423e-01
0.800000 0.914693 -0.182939 0.027586 9.989507e-01
1.100000 14.374823 1.437482 1.213088 9.918427e-01
1.400000 0.870656 0.348262 0.044045 9.970533e-01
1.700000 0.846774 0.592742 0.052873 9.955177e-01
2.000000 0.822423 0.822423 0.062080 9.934629e-01
2.300000 0.798314 1.037808 0.071150 9.909101e-01
2.600000 0.775263 1.240421 0.079561 9.879835e-01
2.900000 0.753918 1.432444 0.086956 9.848695e-01
3.200000 0.734632 1.616191 0.093197 9.817531e-01
3.500000 0.717493 1.793733 0.098321 9.787741e-01
3.800000 0.702407 1.966739 0.102461 9.760162e-01
4.100000 0.689183 2.136468 0.105774 9.735174e-01
4.400000 0.677598 2.303834 0.108417 9.712840e-01
4.700000 0.667431 2.469494 0.110523 9.693045e-01
5.000000 0.658477 2.633908 0.112200 9.675583e-01
5.300000 0.650559 2.797404 0.113536 9.660213e-01
5.600000 0.643525 2.960214 0.114601 9.646693e-01
5.900000 0.637246 3.122506 0.115449 9.634796e-01
6.200000 0.631615 3.284400 0.116123 9.624313e-01
6.500000 0.626542 3.445983 0.116656 9.615063e-01
6.800000 0.621952 3.607322 0.117075 9.606884e-01
7.100000 0.617781 3.768465 0.117401 9.599637e-01
7.400000 0.613977 3.929450 0.117651 9.593204e-01
7.700000 0.610493 4.090305 0.117839 9.587481e-01
8.000000 0.607293 4.251054 0.117975 9.582379e-01
8.300000 0.604344 4.411715 0.118069 9.577821e-01
8.600000 0.601618 4.572300 0.118129 9.573741e-01
8.900000 0.599091 4.732823 0.118159 9.570083e-01
9.200000 0.596743 4.893292 0.118165 9.566797e-01
9.500000 0.594555 5.053715 0.118151 9.563841e-01
9.800000 0.592511 5.214098 0.118120 9.561177e-01
10.100000 0.590599 5.374447 0.118076 9.558772e-01
10.400000 0.588805 5.534766 0.118020 9.556599e-01
10.700000 0.587119 5.695058 0.117955 9.554632e-01
11.000000 0.585533 5.855328 0.117883 9.552849e-01
11.300000 0.584037 6.015576 0.117804 9.551232e-01
11.600000 0.582623 6.175807 0.117720 9.549763e-01
11.900000 0.581286 6.336021 0.117632 9.548427e-01
12.200000 0.580020 6.496220 0.117541 9.547211e-01
12.500000 0.578818 6.656405 0.117448 9.546103e-01
12.800000 0.577676 6.816579 0.117353 9.545092e-01
13.100000 0.576590 6.976740 0.117257 9.544169e-01
13.400000 0.575556 7.136892 0.117160 9.543326e-01
13.700000 0.574570 7.297033 0.117062 9.542555e-01
14.000000 0.573628 7.457166 0.116965 9.541849e-01
14.300000 0.572729 7.617290 0.116868 9.541203e-01
14.600000 0.571868 7.777406 0.116771 9.540610e-01
14.900000 0.571044 7.937514 0.116675 9.540066e-01
15.200000 0.570255 8.097615 0.116580 9.539567e-01
15.500000 0.569497 8.257709 0.116486 9.539108e-01
15.800000 0.568770 8.417797 0.116393 9.538687e-01
16.100000 0.568071 8.577878 0.116302 9.538299e-01
16.400000 0.567400 8.737954 0.116211 9.537942e-01
16.700000 0.566753 8.898023 0.116122 9.537613e-01
17.000000 0.566130 9.058087 0.116034 9.537310e-01
17.300000 0.565530 9.218146 0.115948 9.537030e-01
17.600000 0.564952 9.378199 0.115863 9.536773e-01
17.900000 0.564393 9.538247 0.115780 9.536535e-01
18.200000 0.563854 9.698291 0.115698 9.536315e-01
18.500000 0.563333 9.858330 0.115618 9.536111e-01
18.800000 0.562829 10.018364 0.115539 9.535923e-01
19.100000 0.562342 10.178394 0.115461 9.535749e-01
19.400000 0.561871 10.338419 0.115386 9.535589e-01
19.700000 0.561414 10.498441 0.115311 9.535439e-01
20.000000 0.560971 10.658458 0.115238 9.535301e-01
20.300000 0.560543 10.818472 0.115167 9.535173e-01
20.600000 0.560127 10.978481 0.115097 9.535055e-01
20.900000 0.559723 11.138488 0.115028 9.534944e-01
21.200000 0.559331 11.298490 0.114961 9.534842e-01
21.500000 0.558951 11.458490 0.114895 9.534747e-01
21.800000 0.558581 11.618486 0.114830 9.534659e-01
22.100000 0.558222 11.778479 0.114767 9.534577e-01
22.400000 0.557872 11.938468 0.114705 9.534501e-01
22.700000 0.557532 12.098455 0.114644 9.534430e-01
23.000000 0.557202 12.258439 0.114585 9.534364e-01
23.300000 0.556880 12.418420 0.114527 9.534303e-01
23.600000 0.556566 12.578399 0.114470 9.534246e-01
23.900000 0.556261 12.738375 0.114414 9.534192e-01
24.200000 0.555963 12.898349 0.114359 9.534143e-01
24.500000 0.555673 13.058320 0.114305 9.534096e-01
24.800000 0.555390 13.218289 0.114252 9.534053e-01
