1.610504 0.421696 9.266318e-01 0.648300 0.264002 8.392721e-01
1.382099 0.247663 9.642435e-01 0.842222 0.110876 9.803782e-01
1.197248 0.093795 9.929620e-01 0.945954 0.019008 9.995339e-01
1.088690 0.032633 9.989635e-01 0.974617 0.011011 9.998526e-01
1.022463 0.011363 9.998574e-01 0.971964 0.011321 9.998434e-01
0.973349 0.009789 9.998832e-01 0.955016 0.014967 9.997164e-01
0.929654 0.022987 9.992944e-01 0.926662 0.023903 9.992322e-01
0.885787 0.038250 9.978512e-01 0.884941 0.038451 9.978244e-01
0.839293 0.055389 9.949954e-01 0.826748 0.059936 9.939672e-01
0.790291 0.074140 9.899384e-01 0.750753 0.089061 9.840080e-01
0.741194 0.092931 9.821693e-01 0.659965 0.123862 9.609119e-01
0.695576 0.109488 9.721825e-01 0.562016 0.159496 9.149053e-01
0.656422 0.122128 9.615616e-01 0.466277 0.190580 8.382749e-01
0.625034 0.130476 9.520871e-01 0.380155 0.213848 7.323652e-01
