-25.000000 2.295972 -59.695280 0.496635 9.487362e-01
-24.700000 2.294900 -58.978927 0.496401 9.487366e-01
-24.400000 2.293802 -58.262573 0.496161 9.487370e-01
-24.100000 2.292678 -57.546219 0.495916 9.487374e-01
-23.800000 2.291527 -56.829864 0.495664 9.487379e-01
-23.500000 2.290347 -56.113508 0.495407 9.487384e-01
-23.200000 2.289138 -55.397151 0.495142 9.487390e-01
-22.900000 2.287899 -54.680793 0.494871 9.487396e-01
-22.600000 2.286629 -53.964435 0.494593 9.487403e-01
-22.300000 2.285325 -53.248075 0.494307 9.487411e-01
-22.000000 2.283988 -52.531714 0.494014 9.487419e-01
-21.700000 2.282615 -51.815351 0.493712 9.487428e-01
-21.400000 2.281205 -51.098988 0.493402 9.487437e-01
-21.100000 2.279757 -50.382622 0.493083 9.487448e-01
-20.800000 2.278269 -49.666256 0.492756 9.487460e-01
-20.500000 2.276739 -48.949887 0.492418 9.487473e-01
-20.200000 2.275166 -48.233517 0.492071 9.487487e-01
-19.900000 2.273548 -47.517144 0.491713 9.487502e-01
-19.600000 2.271882 -46.800770 0.491344 9.487519e-01
-19.300000 2.270167 -46.084393 0.490964 9.487538e-01
-19.000000 2.268401 -45.368014 0.490572 9.487558e-01
-18.700000 2.266580 -44.651632 0.490167 9.487581e-01
-18.400000 2.264703 -43.935246 0.489748 9.487606e-01
-18.100000 2.262767 -43.218858 0.489316 9.487633e-01
-17.800000 2.260770 -42.502467 0.488869 9.487663e-01
-17.500000 2.258707 -41.786071 0.488406 9.487695e-01
-17.200000 2.256575 -41.069672 0.487927 9.487732e-01
-16.900000 2.254373 -40.353268 0.487431 9.487771e-01
-16.600000 2.252094 -39.636860 0.486917 9.487815e-01
-16.300000 2.249737 -38.920447 0.486383 9.487864e-01
-16.000000 2.247296 -38.204028 0.485828 9.487917e-01
-15.700000 2.244767 -37.487604 0.485252 9.487975e-01
-15.400000 2.242145 -36.771173 0.484653 9.488040e-01
-15.100000 2.239425 -36.054736 0.484030 9.488112e-01
-14.800000 2.236601 -35.338292 0.483380 9.488191e-01
-14.500000 2.233667 -34.621839 0.482703 9.488278e-01
-14.200000 2.230617 -33.905379 0.481996 9.488374e-01
-13.900000 2.227444 -33.188909 0.481257 9.488480e-01
-13.600000 2.224139 -32.472430 0.480485 9.488598e-01
-13.300000 2.220695 -31.755940 0.479677 9.488728e-01
-13.000000 2.217103 -31.039439 0.478829 9.488873e-01
-12.700000 2.213352 -30.322926 0.477941 9.489032e-01
-12.400000 2.209433 -29.606400 0.477007 9.489209e-01
-12.100000 2.205333 -28.889861 0.476026 9.489406e-01
-11.800000 2.201040 -28.173306 0.474992 9.489623e-01
-11.500000 2.196539 -27.456736 0.473903 9.489865e-01
-11.200000 2.191816 -26.740150 0.472752 9.490134e-01
-10.900000 2.186853 -26.023545 0.471537 9.490432e-01
-10.600000 2.181631 -25.306921 0.470250 9.490763e-01
-10.300000 2.176131 -24.590276 0.468885 9.491132e-01
-10.000000 2.170328 -23.873610 0.467436 9.491543e-01
-9.700000 2.164198 -23.156920 0.465895 9.492000e-01
-9.400000 2.157712 -22.440206 0.464253 9.492510e-01
-9.100000 2.150838 -21.723466 0.462500 9.493079e-01
-8.800000 2.143541 -21.006697 0.460627 9.493714e-01
-8.500000 2.135779 -20.289899 0.458620 9.494425e-01
-8.200000 2.127508 -19.573070 0.456465 9.495219e-01
-7.900000 2.118675 -18.856207 0.454148 9.496110e-01
-7.600000 2.109222 -18.139308 0.451650 9.497108e-01
-7.300000 2.099081 -17.422372 0.448950 9.498230e-01
-7.000000 2.088174 -16.705394 0.446026 9.499491e-01
-6.700000 2.076412 -15.988373 0.442850 9.500914e-01
-6.400000 2.063690 -15.271304 0.439390 9.502521e-01
-6.100000 2.049885 -14.554184 0.435610 9.504341e-01
-5.800000 2.034854 -13.837008 0.431466 9.506408e-01
-5.500000 2.018426 -13.119769 0.426907 9.508764e-01
-5.200000 2.000397 -12.402462 0.421871 9.511462e-01
-4.900000 1.980522 -11.685078 0.416282 9.514568e-01
-4.600000 1.958502 -10.967609 0.410047 9.518166e-01
-4.300000 1.933971 -10.250047 0.403051 9.522372e-01
-4.000000 1.906477 -9.532386 0.395145 9.527344e-01
-3.700000 1.875453 -8.814629 0.386133 9.533308e-01
-3.400000 1.840181 -8.096798 0.375755 9.540604e-01
-3.100000 1.799746 -7.378960 0.363645 9.549755e-01
-2.800000 1.752967 -6.661275 0.349283 9.561607e-01
-2.500000 1.698317 -5.944111 0.331911 9.577541e-01
-2.200000 1.633837 -5.228277 0.310409 9.599834e-01
-1.900000 1.557090 -4.515562 0.283156 9.632149e-01
-1.600000 1.465368 -3.809956 0.247926 9.680000e-01
-1.300000 1.356759 -3.120546 0.202053 9.750272e-01
-1.000000 1.234000 -2.468001 0.143904 9.845377e-01
-0.700000 1.113467 -1.892894 0.080258 9.940359e-01
-0.400000 1.025562 -1.435786 0.036306 9.985548e-01
-0.100000 0.979420 -1.077362 0.019035 9.995640e-01
0.200000 0.957731 -0.766185 0.012092 9.998159e-01
0.500000 0.946644 -0.473322 0.008452 9.999080e-01
0.800000 0.940010 -0.188002 0.006295 9.999482e-01
1.100000 15.257947 1.525795 1.976647 9.809869e-01
1.400000 0.931538 0.372615 0.004812 9.999692e-01
1.700000 0.928164 0.649714 0.005121 9.999648e-01
2.000000 0.924964 0.924964 0.005832 9.999541e-01
2.300000 0.921805 1.198347 0.006803 9.999371e-01
2.600000 0.918604 1.469767 0.007987 9.999127e-01
2.900000 0.915304 1.739077 0.009393 9.998784e-01
3.200000 0.911862 2.006097 0.011050 9.998304e-01
3.500000 0.908254 2.270636 0.012983 9.997641e-01
3.800000 0.904469 2.532512 0.015203 9.996738e-01
4.100000 0.900510 2.791581 0.017697 9.995542e-01
4.400000 0.896399 3.047757 0.020432 9.994004e-01
4.700000 0.892172 3.301035 0.023352 9.992095e-01
5.000000 0.887872 3.551489 0.026387 9.989810e-01
5.300000 0.883550 3.799267 0.029465 9.987174e-01
5.600000 0.879254 4.044570 0.032514 9.984233e-01
5.900000 0.875027 4.287631 0.035476 9.981053e-01
6.200000 0.870902 4.528693 0.038306 9.977709e-01
6.500000 0.866907 4.767990 0.040970 9.974272e-01
6.800000 0.863059 5.005743 0.043453 9.970811e-01
7.100000 0.859368 5.242146 0.045747 9.967380e-01
7.400000 0.855840 5.477374 0.047854 9.964025e-01
7.700000 0.852474 5.711578 0.049779 9.960776e-01
8.000000 0.849270 5.944889 0.051535 9.957656e-01
8.300000 0.846222 6.177421 0.053132 9.954679e-01
8.600000 0.843325 6.409271 0.054585 9.951850e-01
8.900000 0.840573 6.640526 0.055907 9.949173e-01
9.200000 0.837958 6.871259 0.057110 9.946645e-01
9.500000 0.835475 7.101535 0.058205 9.944262e-01
9.800000 0.833115 7.331409 0.059204 9.942019e-01
10.100000 0.830871 7.560929 0.060115 9.939909e-01
10.400000 0.828738 7.790138 0.060949 9.937925e-01
10.700000 0.826708 8.019072 0.061712 9.936060e-01
11.000000 0.824776 8.247763 0.062411 9.934307e-01
11.300000 0.822936 8.476238 0.063054 9.932659e-01
11.600000 0.821181 8.704520 0.063644 9.931109e-01
11.900000 0.819508 8.932632 0.064188 9.929650e-01
12.200000 0.817910 9.160591 0.064690 9.928277e-01
12.500000 0.816384 9.388414 0.065153 9.926984e-01
12.800000 0.814925 9.616113 0.065581 9.925766e-01
13.100000 0.813529 9.843702 0.065977 9.924616e-01
13.400000 0.812193 10.071191 0.066344 9.923532e-01
13.700000 0.810913 10.298591 0.066685 9.922508e-01
14.000000 0.809685 10.525908 0.067002 9.921540e-01
14.300000 0.808508 10.753152 0.067297 9.920625e-01
14.600000 0.807377 10.980328 0.067571 9.919759e-01
14.900000 0.806291 11.207443 0.067827 9.918938e-01
15.200000 0.805247 11.434502 0.068066 9.918160e-01
15.500000 0.804242 11.661510 0.068290 9.917423e-01
15.800000 0.803275 11.888471 0.068499 9.916722e-01
16.100000 0.802344 12.115389 0.068695 9.916056e-01
16.400000 0.801446 12.342268 0.068878 9.915423e-01
16.700000 0.800580 12.569112 0.069051 9.914820e-01
17.000000 0.799745 12.795922 0.069213 9.914247e-01
17.300000 0.798939 13.022701 0.069365 9.913699e-01
17.600000 0.798160 13.249453 0.069508 9.913177e-01
17.900000 0.797407 13.476179 0.069644 9.912679e-01
18.200000 0.796679 13.702881 0.069771 9.912203e-01
18.500000 0.795975 13.929561 0.069892 9.911747e-01
18.800000 0.795293 14.156221 0.070006 9.911312e-01
19.100000 0.794633 14.382863 0.070113 9.910894e-01
19.400000 0.793994 14.609487 0.070215 9.910495e-01
19.700000 0.793374 14.836095 0.070312 9.910111e-01
20.000000 0.792773 15.062688 0.070404 9.909743e-01
20.300000 0.792190 15.289268 0.070491 9.909390e-01
20.600000 0.791624 15.515835 0.070573 9.909050e-01
20.900000 0.791075 15.742390 0.070652 9.908724e-01
21.200000 0.790541 15.968934 0.070727 9.908410e-01
21.500000 0.790023 16.195468 0.070798 9.908108e-01
21.800000 0.789519 16.421993 0.070866 9.907816e-01
22.100000 0.789029 16.648509 0.070931 9.907536e-01
22.400000 0.788552 16.875017 0.070993 9.907265e-01
22.700000 0.788088 17.101517 0.071052 9.907004e-01
23.000000 0.787637 17.328011 0.071108 9.906752e-01
23.300000 0.787197 17.554497 0.071162 9.906508e-01
23.600000 0.786769 17.780978 0.071214 9.906273e-01
23.900000 0.786352 18.007453 0.071263 9.906045e-01
24.200000 0.785945 18.233922 0.071310 9.905825e-01
24.500000 0.785548 18.460387 0.071356 9.905612e-01
24.800000 0.785162 18.686847 0.071399 9.905406e-01
