1.547095 0.333215 9.491517e-01 0.548952 0.289995 7.562687e-01
1.485987 0.302142 9.544317e-01 0.655449 0.234203 8.715011e-01
1.408001 0.252970 9.640615e-01 0.768153 0.162731 9.507254e-01
1.320275 0.190514 9.765183e-01 0.868953 0.090677 9.875806e-01
1.236084 0.129913 9.874041e-01 0.940760 0.038448 9.980748e-01
1.164265 0.082922 9.941760e-01 0.980596 0.011941 9.998288e-01
1.103900 0.049192 9.977119e-01 0.995910 0.003352 9.999869e-01
1.049567 0.022515 9.994689e-01 0.993277 0.004508 9.999762e-01
0.996817 0.002679 9.999917e-01 0.974820 0.013082 9.997921e-01
0.943972 0.027890 9.989929e-01 0.940470 0.029615 9.988562e-01
0.891926 0.053692 9.958326e-01 0.891072 0.054118 9.957583e-01
0.843010 0.078147 9.901737e-01 0.830038 0.084631 9.881368e-01
0.799505 0.099444 9.824472e-01 0.762761 0.117565 9.732978e-01
0.762609 0.116669 9.736822e-01 0.694672 0.149392 9.492984e-01
0.732305 0.129907 9.649328e-01 0.629677 0.177915 9.155860e-01
0.707816 0.139808 9.568871e-01 0.569810 0.202385 8.728394e-01
0.688101 0.147151 9.498354e-01 0.515701 0.222960 8.224592e-01
0.672170 0.152616 9.438109e-01 0.467196 0.240170 7.661741e-01
0.659201 0.156717 9.387285e-01 0.423814 0.254588 7.058527e-01
