1.342892 0.335157 9.328928e-01 0.757525 0.261528 8.790072e-01
1.238008 0.218122 9.653916e-01 0.878149 0.126743 9.765086e-01
1.148743 0.121179 9.873121e-01 0.954707 0.043114 9.976504e-01
1.087566 0.061416 9.963307e-01 0.989005 0.009223 9.998996e-01
1.047295 0.028186 9.991642e-01 0.999470 0.000386 9.999998e-01
1.019172 0.009315 9.999035e-01 0.998288 0.001078 9.999987e-01
0.998009 0.002051 9.999951e-01 0.991013 0.004904 9.999717e-01
0.981079 0.009076 9.999012e-01 0.980092 0.009414 9.998935e-01
0.966902 0.013591 9.997719e-01 0.966680 0.013654 9.997696e-01
0.954625 0.016500 9.996551e-01 0.951374 0.017263 9.996199e-01
0.943735 0.018353 9.995634e-01 0.934525 0.020134 9.994642e-01
0.933912 0.019491 9.994972e-01 0.916375 0.022283 9.993176e-01
0.924946 0.020141 9.994527e-01 0.897117 0.023787 9.991887e-01
0.916695 0.020457 9.994252e-01 0.876919 0.024771 9.990794e-01
0.909059 0.020553 9.994100e-01 0.855933 0.025388 9.989850e-01
0.901962 0.020512 9.994031e-01 0.834302 0.025816 9.988955e-01
0.895349 0.020396 9.994011e-01 0.812160 0.026239 9.987960e-01
0.889175 0.020250 9.994014e-01 0.789635 0.026830 9.986685e-01
0.883404 0.020108 9.994020e-01 0.766847 0.027724 9.984928e-01
0.878005 0.019991 9.994017e-01 0.743914 0.029000 9.982480e-01
0.872955 0.019911 9.993996e-01 0.720944 0.030676 9.979135e-01
0.868232 0.019874 9.993953e-01 0.698042 0.032715 9.974699e-01
0.863815 0.019880 9.993887e-01 0.675302 0.035045 9.968995e-01
0.859687 0.019926 9.993800e-01 0.652815 0.037582 9.961872e-01
0.855833 0.020006 9.993693e-01 0.630658 0.040241 9.953202e-01
0.852236 0.020114 9.993571e-01 0.608901 0.042945 9.942884e-01
0.848881 0.020242 9.993438e-01 0.587606 0.045630 9.930843e-01
0.845755 0.020384 9.993296e-01 0.566823 0.048246 9.917029e-01
0.842843 0.020533 9.993151e-01 0.546594 0.050753 9.901415e-01
0.840133 0.020685 9.993004e-01 0.526949 0.053123 9.883995e-01
0.837611 0.020835 9.992860e-01 0.507913 0.055335 9.864780e-01
0.835265 0.020980 9.992720e-01 0.489501 0.057379 9.843799e-01
0.833083 0.021117 9.992585e-01 0.471721 0.059247 9.821088e-01
0.831054 0.021246 9.992458e-01 0.454577 0.060937 9.796692e-01
0.829166 0.021364 9.992339e-01 0.438065 0.062453 9.770657e-01
0.827410 0.021472 9.992229e-01 0.422177 0.063801 9.743025e-01
0.825776 0.021569 9.992127e-01 0.406903 0.064990 9.713830e-01
0.824255 0.021656 9.992035e-01 0.392228 0.066030 9.683088e-01
0.822839 0.021732 9.991951e-01 0.378136 0.066933 9.650798e-01
0.821519 0.021799 9.991875e-01 0.364609 0.067715 9.616932e-01
0.820288 0.021857 9.991808e-01 0.351628 0.068390 9.581430e-01
0.819140 0.021907 9.991747e-01 0.339173 0.068973 9.544200e-01
0.818068 0.021950 9.991693e-01 0.327224 0.069480 9.505110e-01
0.817067 0.021986 9.991645e-01 0.315761 0.069927 9.463992e-01
0.816131 0.022017 9.991602e-01 0.304763 0.070329 9.420634e-01
0.815255 0.022043 9.991564e-01 0.294211 0.070702 9.374785e-01
0.814435 0.022065 9.991530e-01 0.284086 0.071058 9.326158e-01
0.813667 0.022084 9.991500e-01 0.274369 0.071412 9.274428e-01
0.812947 0.022100 9.991473e-01 0.265043 0.071774 9.219237e-01
0.812271 0.022113 9.991449e-01 0.256090 0.072155 9.160203e-01
0.811637 0.022124 9.991426e-01 0.247493 0.072563 9.096922e-01
0.811040 0.022134 9.991406e-01 0.239238 0.073007 9.028981e-01
0.810480 0.022142 9.991388e-01 0.231308 0.073491 8.955959e-01
0.809953 0.022150 9.991371e-01 0.223691 0.074020 8.877444e-01
0.809457 0.022157 9.991354e-01 0.216373 0.074596 8.793039e-01
0.808989 0.022164 9.991339e-01 0.209340 0.075222 8.702375e-01
0.808549 0.022170 9.991325e-01 0.202581 0.075897 8.605120e-01
0.808134 0.022176 9.991311e-01 0.196083 0.076621 8.500992e-01
0.807742 0.022182 9.991298e-01 0.189838 0.077391 8.389768e-01
0.807372 0.022188 9.991286e-01 0.183832 0.078205 8.271296e-01
0.807023 0.022194 9.991274e-01 0.178058 0.079059 8.145500e-01
0.806694 0.022200 9.991262e-01 0.172505 0.079951 8.012390e-01
0.806382 0.022206 9.991250e-01 0.167164 0.080875 7.872067e-01
0.806088 0.022212 9.991239e-01 0.162027 0.081828 7.724722e-01
0.805810 0.022218 9.991228e-01 0.157086 0.082804 7.570642e-01
0.805546 0.022224 9.991217e-01 0.152332 0.083801 7.410202e-01
0.805297 0.022231 9.991207e-01 0.147759 0.084812 7.243865e-01
0.805061 0.022237 9.991197e-01 0.143359 0.085834 7.072171e-01
