-25.000000 1.961670 -51.003418 0.569857 9.111991e-01
-24.700000 1.960810 -50.392823 0.569580 9.112067e-01
-24.400000 1.959930 -49.782225 0.569296 9.112147e-01
-24.100000 1.959029 -49.171625 0.569005 9.112231e-01
-23.800000 1.958106 -48.561022 0.568706 9.112318e-01
-23.500000 1.957160 -47.950417 0.568400 9.112409e-01
-23.200000 1.956190 -47.339808 0.568085 9.112505e-01
-22.900000 1.955197 -46.729197 0.567761 9.112605e-01
-22.600000 1.954177 -46.118583 0.567428 9.112709e-01
-22.300000 1.953132 -45.507966 0.567086 9.112819e-01
-22.000000 1.952059 -44.897346 0.566734 9.112934e-01
-21.700000 1.950957 -44.286722 0.566372 9.113054e-01
-21.400000 1.949826 -43.676095 0.566000 9.113181e-01
-21.100000 1.948664 -43.065465 0.565616 9.113313e-01
-20.800000 1.947469 -42.454832 0.565221 9.113452e-01
-20.500000 1.946242 -41.844195 0.564813 9.113598e-01
-20.200000 1.944979 -41.233554 0.564393 9.113751e-01
-19.900000 1.943680 -40.622910 0.563960 9.113913e-01
-19.600000 1.942343 -40.012262 0.563513 9.114082e-01
-19.300000 1.940966 -39.401610 0.563051 9.114260e-01
-19.000000 1.939548 -38.790955 0.562574 9.114448e-01
-18.700000 1.938086 -38.180295 0.562082 9.114646e-01
-18.400000 1.936579 -37.569631 0.561572 9.114855e-01
-18.100000 1.935024 -36.958964 0.561045 9.115075e-01
-17.800000 1.933420 -36.348292 0.560499 9.115307e-01
-17.500000 1.931763 -35.737616 0.559933 9.115552e-01
-17.200000 1.930051 -35.126936 0.559347 9.115811e-01
-16.900000 1.928282 -34.516251 0.558740 9.116085e-01
-16.600000 1.926452 -33.905562 0.558109 9.116374e-01
-16.300000 1.924559 -33.294869 0.557454 9.116681e-01
-16.000000 1.922598 -32.684172 0.556774 9.117006e-01
-15.700000 1.920567 -32.073470 0.556067 9.117351e-01
-15.400000 1.918461 -31.462764 0.555331 9.117717e-01
-15.100000 1.916277 -30.852054 0.554564 9.118105e-01
-14.800000 1.914009 -30.241340 0.553766 9.118519e-01
-14.500000 1.911653 -29.630622 0.552933 9.118958e-01
-14.200000 1.909204 -29.019899 0.552063 9.119427e-01
-13.900000 1.906656 -28.409174 0.551155 9.119926e-01
-13.600000 1.904003 -27.798444 0.550205 9.120460e-01
-13.300000 1.901239 -27.187712 0.549211 9.121030e-01
-13.000000 1.898355 -26.576977 0.548170 9.121640e-01
-12.700000 1.895346 -25.966239 0.547078 9.122293e-01
-12.400000 1.892201 -25.355499 0.545931 9.122994e-01
-12.100000 1.888913 -24.744758 0.544725 9.123748e-01
-11.800000 1.885470 -24.134016 0.543457 9.124559e-01
-11.500000 1.881862 -23.523274 0.542120 9.125433e-01
-11.200000 1.878077 -22.912533 0.540709 9.126378e-01
-10.900000 1.874100 -22.301795 0.539219 9.127399e-01
-10.600000 1.869919 -21.691059 0.537641 9.128507e-01
-10.300000 1.865516 -21.080329 0.535969 9.129711e-01
-10.000000 1.860873 -20.469607 0.534194 9.131022e-01
-9.700000 1.855971 -19.858893 0.532307 9.132453e-01
-9.400000 1.850788 -19.248192 0.530295 9.134020e-01
-9.100000 1.845298 -18.637507 0.528147 9.135740e-01
-8.800000 1.839474 -18.026842 0.525848 9.137634e-01
-8.500000 1.833284 -17.416201 0.523382 9.139727e-01
-8.200000 1.826695 -16.805592 0.520731 9.142048e-01
-7.900000 1.819665 -16.195021 0.517872 9.144632e-01
-7.600000 1.812151 -15.584497 0.514781 9.147520e-01
-7.300000 1.804100 -14.974031 0.511428 9.150762e-01
-7.000000 1.795455 -14.363638 0.507779 9.154419e-01
-6.700000 1.786147 -13.753333 0.503792 9.158565e-01
-6.400000 1.776100 -13.143137 0.499421 9.163291e-01
-6.100000 1.765222 -12.533076 0.494606 9.168709e-01
-5.800000 1.753409 -11.923181 0.489279 9.174959e-01
-5.500000 1.740537 -11.313490 0.483355 9.182217e-01
-5.200000 1.726460 -10.704054 0.476732 9.190703e-01
-4.900000 1.711005 -10.094932 0.469282 9.200698e-01
-4.600000 1.693964 -9.486201 0.460850 9.212564e-01
-4.300000 1.675086 -8.877956 0.451237 9.226768e-01
-4.000000 1.654064 -8.270318 0.440196 9.243918e-01
-3.700000 1.630519 -7.663438 0.427409 9.264813e-01
-3.400000 1.603980 -7.057511 0.412468 9.290510e-01
-3.100000 1.573850 -6.452786 0.394839 9.322411e-01
-2.800000 1.539368 -5.849598 0.373829 9.362367e-01
-2.500000 1.499548 -5.248417 0.348528 9.412783e-01
-2.200000 1.453124 -4.649997 0.317774 9.476628e-01
-1.900000 1.398539 -4.055763 0.280179 9.557036e-01
-1.600000 1.334222 -3.468977 0.234471 9.655628e-01
-1.300000 1.259954 -2.897893 0.180778 9.767778e-01
-1.000000 1.180508 -2.361015 0.123173 9.875838e-01
-0.700000 1.107775 -1.883218 0.070338 9.953657e-01
-0.400000 1.051414 -1.471979 0.030576 9.990243e-01
-0.100000 1.009713 -1.110684 0.004552 9.999765e-01
0.200000 0.976154 -0.780923 0.014173 9.997566e-01
0.500000 0.946502 -0.473251 0.028273 9.989706e-01
0.800000 0.918862 -0.183772 0.039977 9.978188e-01
1.100000 14.393828 1.439383 0.971394 9.947678e-01
1.400000 0.869136 0.347654 0.059387 9.946372e-01
1.700000 0.846074 0.592252 0.067097 9.927895e-01
2.000000 0.824622 0.824622 0.073894 9.908120e-01
2.300000 0.804858 1.046316 0.079885 9.887514e-01
2.600000 0.786843 1.258949 0.085154 9.866549e-01
2.900000 0.770577 1.464096 0.089766 9.845702e-01
3.200000 0.755997 1.663193 0.093776 9.825412e-01
3.500000 0.742992 1.857480 0.097239 9.806033e-01
3.800000 0.731421 2.047979 0.100213 9.787810e-01
4.100000 0.721132 2.235510 0.102759 9.770877e-01
4.400000 0.711975 2.420715 0.104934 9.755283e-01
4.700000 0.703809 2.604093 0.106791 9.741008e-01
5.000000 0.696507 2.786026 0.108378 9.727993e-01
5.300000 0.689956 2.966811 0.109738 9.716152e-01
5.600000 0.684059 3.146673 0.110905 9.705389e-01
5.900000 0.678733 3.325789 0.111910 9.695605e-01
6.200000 0.673903 3.504296 0.112778 9.686704e-01
6.500000 0.669509 3.682299 0.113531 9.678597e-01
6.800000 0.665497 3.859883 0.114185 9.671200e-01
7.100000 0.661822 4.037114 0.114756 9.664440e-01
7.400000 0.658445 4.214045 0.115256 9.658249e-01
7.700000 0.655331 4.390719 0.115694 9.652567e-01
8.000000 0.652453 4.567169 0.116081 9.647342e-01
8.300000 0.649784 4.743424 0.116422 9.642526e-01
8.600000 0.647303 4.919505 0.116723 9.638079e-01
8.900000 0.644991 5.095433 0.116991 9.633963e-01
9.200000 0.642832 5.271221 0.117229 9.630147e-01
9.500000 0.640810 5.446883 0.117440 9.626601e-01
9.800000 0.638913 5.622430 0.117629 9.623300e-01
10.100000 0.637129 5.797871 0.117798 9.620221e-01
10.400000 0.635448 5.973214 0.117949 9.617345e-01
10.700000 0.633862 6.148465 0.118084 9.614654e-01
11.000000 0.632363 6.323630 0.118205 9.612131e-01
11.300000 0.630943 6.498714 0.118314 9.609763e-01
11.600000 0.629597 6.673723 0.118411 9.607536e-01
11.900000 0.628317 6.848659 0.118499 9.605440e-01
12.200000 0.627101 7.023528 0.118578 9.603463e-01
12.500000 0.625942 7.198331 0.118648 9.601597e-01
12.800000 0.624837 7.373072 0.118712 9.599833e-01
13.100000 0.623781 7.547754 0.118768 9.598163e-01
13.400000 0.622773 7.722380 0.118819 9.596582e-01
13.700000 0.621807 7.896951 0.118865 9.595082e-01
14.000000 0.620882 8.071471 0.118905 9.593657e-01
14.300000 0.619996 8.245942 0.118942 9.592303e-01
14.600000 0.619144 8.420365 0.118974 9.591015e-01
14.900000 0.618327 8.594743 0.119002 9.589789e-01
15.200000 0.617541 8.769077 0.119027 9.588620e-01
15.500000 0.616784 8.943369 0.119049 9.587505e-01
15.800000 0.616056 9.117622 0.119069 9.586441e-01
16.100000 0.615353 9.291836 0.119085 9.585424e-01
16.400000 0.614676 9.466013 0.119100 9.584452e-01
16.700000 0.614023 9.640156 0.119112 9.583522e-01
17.000000 0.613392 9.814264 0.119122 9.582632e-01
17.300000 0.612782 9.988340 0.119131 9.581779e-01
17.600000 0.612192 10.162386 0.119137 9.580961e-01
17.900000 0.611621 10.336401 0.119142 9.580177e-01
18.200000 0.611069 10.510388 0.119146 9.579424e-01
18.500000 0.610534 10.684348 0.119149 9.578701e-01
18.800000 0.610016 10.858282 0.119150 9.578007e-01
19.100000 0.609513 11.032191 0.119150 9.577339e-01
19.400000 0.609026 11.206076 0.119149 9.576697e-01
19.700000 0.608553 11.379939 0.119147 9.576079e-01
20.000000 0.608094 11.553779 0.119145 9.575483e-01
20.300000 0.607648 11.727598 0.119141 9.574910e-01
20.600000 0.607214 11.901398 0.119137 9.574357e-01
20.900000 0.606793 12.075178 0.119132 9.573825e-01
21.200000 0.606383 12.248940 0.119127 9.573311e-01
21.500000 0.605985 12.422684 0.119121 9.572815e-01
21.800000 0.605597 12.596411 0.119114 9.572336e-01
22.100000 0.605219 12.770123 0.119107 9.571873e-01
22.400000 0.604851 12.943819 0.119100 9.571427e-01
22.700000 0.604493 13.117500 0.119092 9.570995e-01
23.000000 0.604144 13.291167 0.119084 9.570577e-01
23.300000 0.603804 13.464821 0.119075 9.570173e-01
23.600000 0.603472 13.638461 0.119066 9.569782e-01
23.900000 0.603148 13.812090 0.119057 9.569404e-01
24.200000 0.602832 13.985706 0.119047 9.569037e-01
24.500000 0.602524 14.159312 0.119038 9.568682e-01
24.800000 0.602223 14.332906 0.119028 9.568338e-01
