1.703223 0.509595 9.063071e-01 0.657793 0.269854 8.372694e-01
1.477395 0.338897 9.427143e-01 0.849041 0.118335 9.780588e-01
1.275250 0.181661 9.771019e-01 0.961879 0.030104 9.988701e-01
1.144101 0.082830 9.939834e-01 0.996274 0.004113 9.999803e-01
1.059228 0.028373 9.991721e-01 0.992769 0.005988 9.999580e-01
0.993890 0.007768 9.999295e-01 0.970196 0.017707 9.996155e-01
0.936955 0.032939 9.985747e-01 0.933337 0.034341 9.984391e-01
0.885005 0.053571 9.957864e-01 0.884093 0.053842 9.957350e-01
0.837320 0.070457 9.918895e-01 0.824593 0.074947 9.905501e-01
0.794118 0.084430 9.871141e-01 0.757749 0.096935 9.814516e-01
0.755882 0.096045 9.816962e-01 0.687141 0.119307 9.663566e-01
0.722979 0.105583 9.759622e-01 0.616536 0.141299 9.428116e-01
0.695455 0.113169 9.703272e-01 0.549234 0.161794 9.089129e-01
0.672994 0.118926 9.651928e-01 0.487586 0.179682 8.644304e-01
0.655012 0.123060 9.608339e-01 0.432844 0.194245 8.113100e-01
0.640800 0.125851 9.573553e-01 0.385321 0.205288 7.531260e-01
