1.442256 0.452323 8.979971e-01 0.657912 0.350328 7.533271e-01
1.383881 0.407987 9.087823e-01 0.741877 0.286878 8.527435e-01
1.293542 0.312889 9.367082e-01 0.844938 0.178999 9.507245e-01
1.184891 0.185798 9.723886e-01 0.937342 0.070885 9.934388e-01
1.098431 0.086412 9.929037e-01 0.985813 0.014719 9.997426e-01
1.047040 0.034180 9.987708e-01 0.999405 0.000534 9.999997e-01
1.017424 0.010154 9.998850e-01 0.998287 0.001297 9.999980e-01
0.997826 0.002435 9.999931e-01 0.991588 0.005459 9.999650e-01
0.982755 0.010009 9.998802e-01 0.981869 0.010411 9.998702e-01
0.970016 0.015706 9.996973e-01 0.969811 0.015790 9.996940e-01
0.958716 0.020309 9.994820e-01 0.955715 0.021530 9.994142e-01
0.948452 0.024191 9.992493e-01 0.939828 0.027556 9.990082e-01
0.939017 0.027536 9.990079e-01 0.922393 0.033778 9.984537e-01
0.930292 0.030454 9.987639e-01 0.903651 0.040112 9.977297e-01
0.922198 0.033021 9.985216e-01 0.883836 0.046487 9.968154e-01
0.914680 0.035290 9.982839e-01 0.863174 0.052846 9.956900e-01
0.907693 0.037305 9.980531e-01 0.841877 0.059146 9.943323e-01
0.901200 0.039102 9.978306e-01 0.820139 0.065352 9.927206e-01
0.895169 0.040710 9.976172e-01 0.798136 0.071440 9.908325e-01
0.889568 0.042155 9.974133e-01 0.776022 0.077390 9.886450e-01
0.884367 0.043459 9.972189e-01 0.753929 0.083191 9.861341e-01
0.879539 0.044641 9.970338e-01 0.731966 0.088834 9.832748e-01
0.875054 0.045718 9.968576e-01 0.710223 0.094317 9.800402e-01
0.870886 0.046705 9.966896e-01 0.688769 0.099642 9.764010e-01
0.867011 0.047614 9.965292e-01 0.667658 0.104818 9.723240e-01
0.863405 0.048457 9.963756e-01 0.646928 0.109857 9.677713e-01
0.860045 0.049245 9.962281e-01 0.626606 0.114775 9.626987e-01
0.856911 0.049984 9.960861e-01 0.606711 0.119593 9.570556e-01
0.853985 0.050683 9.959489e-01 0.587255 0.124331 9.507837e-01
0.851249 0.051346 9.958159e-01 0.568245 0.129011 9.438183e-01
0.848688 0.051979 9.956868e-01 0.549685 0.133655 9.360881e-01
0.846290 0.052585 9.955611e-01 0.531579 0.138280 9.275179e-01
0.844041 0.053166 9.954388e-01 0.513927 0.142901 9.180308e-01
0.841930 0.053725 9.953196e-01 0.496733 0.147528 9.075517e-01
0.839950 0.054262 9.952036e-01 0.479999 0.152165 8.960114e-01
0.838090 0.054778 9.950908e-01 0.463727 0.156810 8.833507e-01
0.836343 0.055273 9.949813e-01 0.447921 0.161458 8.695257e-01
0.834702 0.055747 9.948753e-01 0.432585 0.166098 8.545113e-01
0.833162 0.056199 9.947731e-01 0.417720 0.170714 8.383056e-01
0.831715 0.056629 9.946747e-01 0.403330 0.175288 8.209325e-01
0.830358 0.057037 9.945806e-01 0.389418 0.179801 8.024431e-01
0.829084 0.057423 9.944907e-01 0.375982 0.184231 7.829159e-01
0.827890 0.057785 9.944054e-01 0.363024 0.188556 7.624550e-01
0.826770 0.058123 9.943247e-01 0.350542 0.192755 7.411874e-01
0.825721 0.058439 9.942488e-01 0.338532 0.196810 7.192585e-01
