1.196786 0.234683 9.574809e-01 0.728431 0.342674 7.964516e-01
1.169961 0.200556 9.671784e-01 0.791343 0.262613 8.871677e-01
1.139383 0.161015 9.774568e-01 0.853972 0.181545 9.503964e-01
1.108545 0.121192 9.863852e-01 0.907980 0.111676 9.828300e-01
1.080923 0.086182 9.927123e-01 0.948145 0.060624 9.953009e-01
1.058299 0.058570 9.964753e-01 0.974294 0.028574 9.990076e-01
1.040622 0.038226 9.984441e-01 0.989433 0.011047 9.998561e-01
1.026902 0.023638 9.993884e-01 0.997063 0.002867 9.999905e-01
1.016027 0.013126 9.998073e-01 0.999841 0.000145 1.000000e+00
1.007114 0.005360 9.999673e-01 0.999435 0.000479 9.999997e-01
0.999555 0.000620 9.999996e-01 0.996818 0.002522 9.999926e-01
0.992958 0.005281 9.999673e-01 0.992550 0.005547 9.999639e-01
0.987072 0.009104 9.999018e-01 0.986974 0.009161 9.999005e-01
0.981734 0.012297 9.998189e-01 0.980314 0.013141 9.997925e-01
0.976838 0.015015 9.997272e-01 0.972735 0.017354 9.996326e-01
0.972309 0.017363 9.996319e-01 0.964364 0.021716 9.994148e-01
0.968093 0.019414 9.995358e-01 0.955307 0.026164 9.991345e-01
0.964151 0.021221 9.994409e-01 0.945655 0.030654 9.987880e-01
0.960452 0.022821 9.993485e-01 0.935489 0.035146 9.983726e-01
0.956971 0.024243 9.992594e-01 0.924879 0.039606 9.978867e-01
0.953689 0.025509 9.991744e-01 0.913889 0.044003 9.973298e-01
0.950588 0.026638 9.990939e-01 0.902575 0.048310 9.967024e-01
0.947654 0.027644 9.990182e-01 0.890990 0.052503 9.960060e-01
0.944874 0.028540 9.989475e-01 0.879177 0.056561 9.952431e-01
0.942236 0.029335 9.988818e-01 0.867177 0.060466 9.944165e-01
0.939730 0.030041 9.988213e-01 0.855025 0.064207 9.935298e-01
0.937346 0.030664 9.987657e-01 0.842752 0.067776 9.925862e-01
0.935076 0.031212 9.987150e-01 0.830386 0.071167 9.915889e-01
0.932913 0.031693 9.986689e-01 0.817950 0.074383 9.905400e-01
0.930849 0.032114 9.986273e-01 0.805465 0.077429 9.894408e-01
0.928878 0.032480 9.985899e-01 0.792949 0.080317 9.882906e-01
0.926993 0.032798 9.985564e-01 0.780420 0.083063 9.870867e-01
0.925191 0.033073 9.985265e-01 0.767892 0.085687 9.858240e-01
0.923464 0.033309 9.984998e-01 0.755377 0.088214 9.844945e-01
0.921810 0.033513 9.984760e-01 0.742889 0.090673 9.830868e-01
0.920224 0.033687 9.984547e-01 0.730439 0.093096 9.815860e-01
0.918702 0.033838 9.984358e-01 0.718037 0.095516 9.799737e-01
0.917241 0.033968 9.984187e-01 0.705695 0.097969 9.782276e-01
0.915838 0.034081 9.984033e-01 0.693422 0.100488 9.763217e-01
0.914491 0.034181 9.983892e-01 0.681229 0.103107 9.742266e-01
0.913196 0.034271 9.983762e-01 0.669126 0.105854 9.719099e-01
0.911952 0.034352 9.983640e-01 0.657123 0.108757 9.693367e-01
0.910757 0.034428 9.983525e-01 0.645230 0.111834 9.664703e-01
0.909608 0.034500 9.983414e-01 0.633457 0.115100 9.632728e-01
0.908504 0.034570 9.983306e-01 0.621814 0.118562 9.597065e-01
0.907444 0.034639 9.983200e-01 0.610310 0.122222 9.557350e-01
0.906426 0.034709 9.983095e-01 0.598957 0.126075 9.513236e-01
0.905448 0.034779 9.982990e-01 0.587762 0.130109 9.464412e-01
0.904509 0.034851 9.982885e-01 0.576735 0.134309 9.410612e-01
0.903609 0.034924 9.982779e-01 0.565885 0.138655 9.351622e-01
0.902745 0.034999 9.982672e-01 0.555220 0.143125 9.287290e-01
0.901917 0.035075 9.982565e-01 0.544747 0.147692 9.217534e-01
0.901124 0.035153 9.982457e-01 0.534472 0.152332 9.142345e-01
0.900364 0.035231 9.982348e-01 0.524403 0.157017 9.061791e-01
0.899636 0.035311 9.982240e-01 0.514544 0.161721 8.976012e-01
0.898940 0.035390 9.982133e-01 0.504901 0.166419 8.885224e-01
0.898274 0.035470 9.982026e-01 0.495476 0.171088 8.789705e-01
0.897637 0.035549 9.981921e-01 0.486274 0.175704 8.689798e-01
0.897028 0.035626 9.981817e-01 0.477295 0.180249 8.585894e-01
0.896446 0.035702 9.981716e-01 0.468542 0.184704 8.478427e-01
0.895891 0.035777 9.981617e-01 0.460016 0.189052 8.367862e-01
0.895361 0.035849 9.981521e-01 0.451716 0.193281 8.254683e-01
0.894854 0.035919 9.981428e-01 0.443642 0.197379 8.139389e-01
0.894371 0.035985 9.981339e-01 0.435792 0.201337 8.022474e-01
0.893910 0.036049 9.981254e-01 0.428165 0.205147 7.904429e-01
0.893471 0.036110 9.981172e-01 0.420758 0.208803 7.785727e-01
0.893051 0.036168 9.981094e-01 0.413569 0.212301 7.666819e-01
0.892652 0.036222 9.981021e-01 0.406594 0.215639 7.548131e-01
0.892271 0.036273 9.980951e-01 0.399830 0.218816 7.430056e-01
0.891907 0.036320 9.980886e-01 0.393273 0.221831 7.312955e-01
0.891561 0.036364 9.980825e-01 0.386919 0.224686 7.197154e-01
0.891231 0.036405 9.980768e-01 0.380763 0.227383 7.082942e-01
