1.491371 0.544111 8.667619e-01 0.670639 0.399607 7.092060e-01
1.365831 0.389395 9.141883e-01 0.813809 0.222818 9.203253e-01
1.228151 0.218840 9.646300e-01 0.931514 0.075667 9.924375e-01
1.134443 0.113420 9.885882e-01 0.984267 0.015133 9.997271e-01
1.076934 0.059348 9.965050e-01 0.999232 0.000649 9.999995e-01
1.034570 0.025242 9.993130e-01 0.997332 0.002084 9.999950e-01
0.998275 0.001815 9.999962e-01 0.984734 0.011426 9.998446e-01
0.965605 0.025093 9.992207e-01 0.963580 0.026499 9.991274e-01
0.936089 0.045364 9.972952e-01 0.935617 0.045683 9.972544e-01
0.909593 0.062733 9.945369e-01 0.902570 0.067323 9.936158e-01
0.885901 0.077386 9.912648e-01 0.865914 0.089974 9.876853e-01
0.864709 0.089613 9.877490e-01 0.826768 0.112542 9.790497e-01
0.845702 0.099731 9.841935e-01 0.785953 0.134262 9.673982e-01
0.828609 0.108031 9.807479e-01 0.744121 0.154582 9.525285e-01
0.813230 0.114745 9.775253e-01 0.701869 0.173064 9.343919e-01
0.799423 0.120061 9.746133e-01 0.659797 0.189341 9.131567e-01
0.787087 0.124134 9.720769e-01 0.618504 0.203114 8.892505e-01
0.776132 0.127109 9.699559e-01 0.578553 0.214187 8.633496e-01
0.766471 0.129127 9.682635e-01 0.540423 0.222487 8.363069e-01
0.758008 0.130329 9.669875e-01 0.504483 0.228070 8.090413e-01
0.750637 0.130855 9.660948e-01 0.470975 0.231114 7.824188e-01
0.744250 0.130839 9.655386e-01 0.440019 0.231887 7.571588e-01
0.738734 0.130403 9.652650e-01 0.411632 0.230721 7.337783e-01
0.733982 0.129653 9.652188e-01 0.385749 0.227975 7.125767e-01
