1.297888 0.190859 9.756352e-01 0.547504 0.305310 7.357739e-01
1.274759 0.178250 9.779184e-01 0.615624 0.262473 8.264977e-01
1.247339 0.162107 9.808677e-01 0.688185 0.213027 9.003673e-01
1.216496 0.143567 9.841699e-01 0.760598 0.162891 9.496971e-01
1.183857 0.123991 9.874906e-01 0.827488 0.117661 9.771840e-01
1.151294 0.104212 9.906266e-01 0.884496 0.080052 9.906290e-01
1.120386 0.084559 9.934648e-01 0.929369 0.050232 9.966376e-01
1.092186 0.065430 9.958725e-01 0.961877 0.027778 9.990378e-01
1.067248 0.047542 9.977136e-01 0.983159 0.012424 9.998156e-01
1.045725 0.031658 9.989427e-01 0.995081 0.003612 9.999848e-01
1.027455 0.018267 9.996351e-01 0.999726 0.000197 1.000000e+00
1.012067 0.007469 9.999371e-01 0.999023 0.000673 9.999995e-01
0.999096 0.000947 9.999990e-01 0.994538 0.003561 9.999852e-01
0.988076 0.007318 9.999367e-01 0.987417 0.007661 9.999305e-01
0.978593 0.012062 9.998246e-01 0.978443 0.012131 9.998225e-01
0.970311 0.015540 9.997039e-01 0.968117 0.016454 9.996665e-01
0.962967 0.018061 9.995939e-01 0.956755 0.020351 9.994777e-01
0.956364 0.019868 9.995018e-01 0.944556 0.023714 9.992726e-01
0.950355 0.021148 9.994285e-01 0.931648 0.026536 9.990640e-01
0.944830 0.022042 9.993719e-01 0.918124 0.028877 9.988588e-01
0.939711 0.022655 9.993292e-01 0.904055 0.030836 9.986582e-01
0.934936 0.023066 9.992976e-01 0.889502 0.032533 9.984575e-01
0.930463 0.023333 9.992743e-01 0.874523 0.034102 9.982470e-01
0.926256 0.023501 9.992571e-01 0.859174 0.035681 9.980122e-01
0.922290 0.023604 9.992441e-01 0.843513 0.037404 9.977343e-01
0.918543 0.023669 9.992338e-01 0.827594 0.039392 9.973904e-01
0.914999 0.023715 9.992249e-01 0.811475 0.041742 9.969535e-01
0.911645 0.023757 9.992164e-01 0.795212 0.044521 9.963932e-01
0.908469 0.023806 9.992076e-01 0.778861 0.047761 9.956762e-01
0.905463 0.023869 9.991981e-01 0.762479 0.051462 9.947669e-01
0.902617 0.023952 9.991874e-01 0.746118 0.055597 9.936286e-01
0.899924 0.024057 9.991754e-01 0.729832 0.060121 9.922244e-01
0.897378 0.024183 9.991620e-01 0.713668 0.064975 9.905183e-01
0.894973 0.024330 9.991472e-01 0.697675 0.070095 9.884771e-01
0.892702 0.024496 9.991312e-01 0.681894 0.075416 9.860708e-01
0.890559 0.024676 9.991141e-01 0.666367 0.080873 9.832747e-01
0.888540 0.024869 9.990962e-01 0.651127 0.086404 9.800697e-01
0.886639 0.025069 9.990777e-01 0.636207 0.091953 9.764439e-01
0.884851 0.025273 9.990588e-01 0.621632 0.097469 9.723922e-01
0.883169 0.025478 9.990398e-01 0.607425 0.102907 9.679176e-01
0.881589 0.025680 9.990210e-01 0.593604 0.108227 9.630304e-01
0.880106 0.025878 9.990026e-01 0.580182 0.113397 9.577481e-01
0.878714 0.026067 9.989847e-01 0.567170 0.118386 9.520949e-01
0.877408 0.026247 9.989676e-01 0.554572 0.123174 9.461009e-01
0.876184 0.026416 9.989514e-01 0.542392 0.127740 9.398008e-01
0.875036 0.026573 9.989361e-01 0.530630 0.132073 9.332332e-01
0.873960 0.026718 9.989219e-01 0.519282 0.136162 9.264391e-01
0.872952 0.026849 9.989088e-01 0.508342 0.140001 9.194611e-01
0.872007 0.026967 9.988968e-01 0.497805 0.143586 9.123420e-01
0.871121 0.027071 9.988860e-01 0.487659 0.146919 9.051243e-01
0.870290 0.027163 9.988763e-01 0.477896 0.150000 8.978490e-01
0.869510 0.027242 9.988677e-01 0.468503 0.152833 8.905550e-01
0.868778 0.027309 9.988602e-01 0.459468 0.155425 8.832787e-01
0.868091 0.027364 9.988538e-01 0.450779 0.157781 8.760534e-01
0.867446 0.027409 9.988483e-01 0.442422 0.159909 8.689093e-01
0.866839 0.027443 9.988438e-01 0.434385 0.161819 8.618731e-01
0.866269 0.027469 9.988402e-01 0.426653 0.163519 8.549682e-01
0.865731 0.027485 9.988374e-01 0.419213 0.165019 8.482145e-01
0.865225 0.027493 9.988353e-01 0.412052 0.166329 8.416288e-01
0.864748 0.027494 9.988339e-01 0.405158 0.167458 8.352248e-01
0.864298 0.027488 9.988332e-01 0.398517 0.168417 8.290132e-01
0.863873 0.027477 9.988331e-01 0.392118 0.169215 8.230023e-01
0.863471 0.027459 9.988335e-01 0.385950 0.169862 8.171977e-01
0.863091 0.027437 9.988343e-01 0.380000 0.170367 8.116033e-01
0.862731 0.027410 9.988357e-01 0.374259 0.170740 8.062207e-01
0.862389 0.027379 9.988373e-01 0.368715 0.170990 8.010500e-01
0.862066 0.027345 9.988394e-01 0.363360 0.171125 7.960898e-01
0.861759 0.027307 9.988417e-01 0.358184 0.171153 7.913376e-01
0.861467 0.027267 9.988443e-01 0.353179 0.171083 7.867895e-01
0.861189 0.027225 9.988472e-01 0.348335 0.170922 7.824411e-01
0.860925 0.027180 9.988503e-01 0.343646 0.170677 7.782870e-01
0.860673 0.027134 9.988535e-01 0.339103 0.170355 7.743214e-01
0.860433 0.027086 9.988569e-01 0.334701 0.169963 7.705378e-01
0.860204 0.027037 9.988604e-01 0.330432 0.169506 7.669296e-01
0.859986 0.026987 9.988641e-01 0.326290 0.168991 7.634897e-01
0.859777 0.026936 9.988678e-01 0.322269 0.168424 7.602108e-01
0.859577 0.026884 9.988716e-01 0.318365 0.167809 7.570858e-01
0.859386 0.026832 9.988755e-01 0.314571 0.167152 7.541071e-01
0.859203 0.026780 9.988794e-01 0.310883 0.166458 7.512675e-01
0.859028 0.026727 9.988833e-01 0.307297 0.165730 7.485594e-01
0.858860 0.026675 9.988873e-01 0.303808 0.164973 7.459756e-01
0.858698 0.026622 9.988912e-01 0.300412 0.164191 7.435089e-01
0.858543 0.026569 9.988952e-01 0.297106 0.163387 7.411523e-01
0.858395 0.026517 9.988992e-01 0.293886 0.162565 7.388987e-01
0.858252 0.026465 9.989031e-01 0.290748 0.161729 7.367414e-01
0.858114 0.026413 9.989071e-01 0.287690 0.160881 7.346739e-01
0.857982 0.026361 9.989110e-01 0.284708 0.160024 7.326896e-01
0.857855 0.026310 9.989149e-01 0.281801 0.159161 7.307824e-01
0.857732 0.026260 9.989187e-01 0.278964 0.158295 7.289463e-01
0.857614 0.026210 9.989225e-01 0.276196 0.157426 7.271754e-01
0.857500 0.026160 9.989263e-01 0.273495 0.156559 7.254642e-01
0.857391 0.026111 9.989301e-01 0.270858 0.155695 7.238072e-01
0.857285 0.026063 9.989338e-01 0.268283 0.154835 7.221993e-01
0.857183 0.026015 9.989374e-01 0.265768 0.153981 7.206355e-01
