-25.000000 1.773728 -46.116932 0.577627 8.908888e-01
-24.700000 1.772908 -45.563737 0.577301 8.909087e-01
-24.400000 1.772069 -45.010540 0.576967 8.909293e-01
-24.100000 1.771209 -44.457342 0.576624 8.909506e-01
-23.800000 1.770328 -43.904144 0.576272 8.909726e-01
-23.500000 1.769426 -43.350944 0.575911 8.909953e-01
-23.200000 1.768502 -42.797742 0.575540 8.910189e-01
-22.900000 1.767554 -42.244540 0.575159 8.910433e-01
-22.600000 1.766582 -41.691336 0.574768 8.910686e-01
-22.300000 1.765585 -41.138131 0.574366 8.910948e-01
-22.000000 1.764562 -40.584925 0.573953 8.911220e-01
-21.700000 1.763512 -40.031717 0.573528 8.911502e-01
-21.400000 1.762433 -39.478508 0.573091 8.911794e-01
-21.100000 1.761326 -38.925297 0.572641 8.912097e-01
-20.800000 1.760187 -38.372084 0.572178 8.912412e-01
-20.500000 1.759017 -37.818870 0.571701 8.912740e-01
-20.200000 1.757814 -37.265655 0.571210 8.913080e-01
-19.900000 1.756576 -36.712438 0.570703 8.913433e-01
-19.600000 1.755302 -36.159219 0.570181 8.913801e-01
-19.300000 1.753990 -35.605998 0.569642 8.914184e-01
-19.000000 1.752639 -35.052775 0.569086 8.914583e-01
-18.700000 1.751246 -34.499551 0.568512 8.914998e-01
-18.400000 1.749811 -33.946325 0.567919 8.915431e-01
-18.100000 1.748330 -33.393096 0.567306 8.915882e-01
-17.800000 1.746801 -32.839867 0.566672 8.916353e-01
-17.500000 1.745223 -32.286635 0.566016 8.916845e-01
-17.200000 1.743593 -31.733401 0.565336 8.917360e-01
-16.900000 1.741909 -31.180165 0.564633 8.917897e-01
-16.600000 1.740166 -30.626928 0.563904 8.918460e-01
-16.300000 1.738364 -30.073689 0.563147 8.919049e-01
-16.000000 1.736497 -29.520448 0.562363 8.919666e-01
-15.700000 1.734563 -28.967205 0.561548 8.920313e-01
-15.400000 1.732559 -28.413962 0.560701 8.920993e-01
-15.100000 1.730479 -27.860716 0.559820 8.921706e-01
-14.800000 1.728321 -27.307470 0.558904 8.922457e-01
-14.500000 1.726079 -26.754223 0.557950 8.923247e-01
-14.200000 1.723748 -26.200976 0.556955 8.924079e-01
-13.900000 1.721324 -25.647729 0.555917 8.924957e-01
-13.600000 1.718800 -25.094482 0.554834 8.925884e-01
-13.300000 1.716170 -24.541236 0.553702 8.926863e-01
-13.000000 1.713428 -23.987992 0.552518 8.927901e-01
-12.700000 1.710566 -23.434751 0.551278 8.929000e-01
-12.400000 1.707576 -22.881514 0.549979 8.930168e-01
-12.100000 1.704449 -22.328282 0.548615 8.931409e-01
-11.800000 1.701176 -21.775056 0.547182 8.932730e-01
-11.500000 1.697747 -21.221839 0.545675 8.934140e-01
-11.200000 1.694150 -20.668633 0.544088 8.935647e-01
-10.900000 1.690373 -20.115440 0.542415 8.937261e-01
-10.600000 1.686402 -19.562264 0.540647 8.938993e-01
-10.300000 1.682222 -19.009107 0.538777 8.940856e-01
-10.000000 1.677816 -18.455976 0.536795 8.942866e-01
-9.700000 1.673166 -17.902875 0.534692 8.945038e-01
-9.400000 1.668251 -17.349810 0.532456 8.947394e-01
-9.100000 1.663049 -16.796791 0.530073 8.949957e-01
-8.800000 1.657533 -16.243825 0.527529 8.952754e-01
-8.500000 1.651676 -15.690926 0.524805 8.955818e-01
-8.200000 1.645446 -15.138105 0.521884 8.959186e-01
-7.900000 1.638807 -14.585382 0.518741 8.962905e-01
-7.600000 1.631718 -14.032776 0.515350 8.967029e-01
-7.300000 1.624134 -13.480313 0.511681 8.971626e-01
-7.000000 1.616003 -12.928025 0.507698 8.976775e-01
-6.700000 1.607266 -12.375948 0.503357 8.982576e-01
-6.400000 1.597856 -11.824131 0.498608 8.989150e-01
-6.100000 1.587695 -11.272634 0.493390 8.996650e-01
-5.800000 1.576695 -10.721528 0.487631 9.005265e-01
-5.500000 1.564755 -10.170906 0.481240 9.015237e-01
-5.200000 1.551755 -9.620884 0.474108 9.026870e-01
-4.900000 1.537560 -9.071604 0.466102 9.040560e-01
-4.600000 1.522009 -8.523251 0.457052 9.056817e-01
-4.300000 1.504916 -7.976053 0.446744 9.076309e-01
-4.000000 1.486059 -7.430296 0.434907 9.099916e-01
-3.700000 1.465178 -6.886337 0.421190 9.128808e-01
-3.400000 1.441957 -6.344609 0.405134 9.164534e-01
-3.100000 1.416006 -5.805623 0.386135 9.209154e-01
-2.800000 1.386833 -5.269965 0.363386 9.265359e-01
-2.500000 1.353794 -4.738279 0.335811 9.336567e-01
-2.200000 1.316026 -4.211283 0.301975 9.426807e-01
-1.900000 1.272398 -3.689955 0.260041 9.539847e-01
-1.600000 1.221703 -3.176428 0.208098 9.675799e-01
-1.300000 1.164118 -2.677472 0.146368 9.820706e-01
-1.000000 1.106123 -2.212246 0.084421 9.933180e-01
-0.700000 1.060969 -1.803647 0.041265 9.982561e-01
-0.400000 1.030332 -1.442465 0.018109 9.996434e-01
-0.100000 1.006131 -1.106744 0.003107 9.999890e-01
0.200000 0.983926 -0.787140 0.010399 9.998710e-01
0.500000 0.962551 -0.481276 0.022952 9.993438e-01
0.800000 0.941929 -0.188386 0.035088 9.984000e-01
1.100000 15.028409 1.502841 1.175990 9.929783e-01
1.400000 0.903631 0.361452 0.057326 9.953737e-01
1.700000 0.886165 0.620316 0.067175 9.934076e-01
2.000000 0.869789 0.869789 0.076190 9.912166e-01
2.300000 0.854399 1.110718 0.084468 9.888387e-01
2.600000 0.839885 1.343817 0.092113 9.862995e-01
2.900000 0.826170 1.569724 0.099201 9.836224e-01
3.200000 0.813215 1.789072 0.105769 9.808385e-01
3.500000 0.801012 2.002529 0.111821 9.779896e-01
3.800000 0.789570 2.210797 0.117348 9.751256e-01
4.100000 0.778900 2.414590 0.122340 9.722987e-01
4.400000 0.768999 2.614598 0.126801 9.695567e-01
4.700000 0.759852 2.811453 0.130747 9.669381e-01
5.000000 0.751428 3.005711 0.134207 9.644703e-01
5.300000 0.743685 3.197846 0.137221 9.621696e-01
5.600000 0.736577 3.388253 0.139832 9.600431e-01
5.900000 0.730052 3.577253 0.142083 9.580907e-01
6.200000 0.724059 3.765108 0.144019 9.563071e-01
6.500000 0.718550 3.952027 0.145678 9.546836e-01
6.800000 0.713479 4.138180 0.147097 9.532096e-01
7.100000 0.708803 4.323700 0.148308 9.518737e-01
7.400000 0.704484 4.508697 0.149340 9.506642e-01
7.700000 0.700486 4.693259 0.150217 9.495696e-01
8.000000 0.696779 4.877455 0.150962 9.485791e-01
8.300000 0.693335 5.061345 0.151591 9.476826e-01
8.600000 0.690128 5.244976 0.152121 9.468707e-01
8.900000 0.687137 5.428385 0.152566 9.461350e-01
9.200000 0.684342 5.611607 0.152938 9.454677e-01
9.500000 0.681726 5.794667 0.153246 9.448619e-01
9.800000 0.679271 5.977589 0.153499 9.443114e-01
10.100000 0.676966 6.160391 0.153706 9.438105e-01
10.400000 0.674797 6.343089 0.153871 9.433542e-01
10.700000 0.672752 6.525698 0.154001 9.429381e-01
11.000000 0.670823 6.708230 0.154101 9.425580e-01
11.300000 0.668999 6.890693 0.154175 9.422105e-01
11.600000 0.667273 7.073098 0.154226 9.418924e-01
11.900000 0.665638 7.255452 0.154257 9.416007e-01
12.200000 0.664086 7.437762 0.154272 9.413329e-01
12.500000 0.662611 7.620032 0.154272 9.410868e-01
12.800000 0.661209 7.802269 0.154260 9.408603e-01
13.100000 0.659874 7.984477 0.154237 9.406515e-01
13.400000 0.658602 8.166659 0.154205 9.404588e-01
13.700000 0.657387 8.348819 0.154166 9.402808e-01
14.000000 0.656228 8.530961 0.154119 9.401160e-01
14.300000 0.655119 8.713086 0.154067 9.399634e-01
14.600000 0.654059 8.895197 0.154011 9.398219e-01
14.900000 0.653043 9.077297 0.153950 9.396904e-01
15.200000 0.652069 9.259386 0.153887 9.395681e-01
15.500000 0.651136 9.441468 0.153820 9.394542e-01
15.800000 0.650239 9.623542 0.153752 9.393480e-01
16.100000 0.649378 9.805611 0.153682 9.392490e-01
16.400000 0.648550 9.987675 0.153610 9.391564e-01
16.700000 0.647754 10.169736 0.153538 9.390698e-01
17.000000 0.646987 10.351795 0.153465 9.389886e-01
17.300000 0.646249 10.533851 0.153391 9.389126e-01
17.600000 0.645537 10.715906 0.153318 9.388412e-01
17.900000 0.644850 10.897961 0.153244 9.387741e-01
18.200000 0.644187 11.080016 0.153170 9.387110e-01
18.500000 0.643547 11.262071 0.153097 9.386515e-01
18.800000 0.642928 11.444127 0.153025 9.385955e-01
19.100000 0.642331 11.626184 0.152952 9.385427e-01
19.400000 0.641752 11.808243 0.152881 9.384927e-01
19.700000 0.641193 11.990303 0.152810 9.384456e-01
20.000000 0.640651 12.172366 0.152740 9.384009e-01
20.300000 0.640126 12.354431 0.152670 9.383586e-01
20.600000 0.639617 12.536498 0.152602 9.383185e-01
20.900000 0.639124 12.718567 0.152534 9.382805e-01
21.200000 0.638646 12.900640 0.152468 9.382444e-01
21.500000 0.638181 13.082715 0.152402 9.382101e-01
21.800000 0.637730 13.264793 0.152337 9.381775e-01
22.100000 0.637293 13.446874 0.152273 9.381464e-01
22.400000 0.636867 13.628958 0.152210 9.381169e-01
22.700000 0.636454 13.811044 0.152148 9.380887e-01
23.000000 0.636052 13.993134 0.152088 9.380618e-01
23.300000 0.635660 14.175227 0.152028 9.380362e-01
23.600000 0.635280 14.357323 0.151969 9.380117e-01
23.900000 0.634909 14.539422 0.151910 9.379882e-01
24.200000 0.634548 14.721525 0.151853 9.379659e-01
24.500000 0.634197 14.903630 0.151797 9.379444e-01
24.800000 0.633855 15.085738 0.151742 9.379239e-01
