1.462928 0.457683 8.984454e-01 0.749318 0.291782 8.509852e-01
1.268633 0.221269 9.660612e-01 0.915604 0.086745 9.897406e-01
1.152821 0.100845 9.912404e-01 0.981337 0.015571 9.997093e-01
1.089874 0.053389 9.972364e-01 0.997757 0.002546 9.999925e-01
1.041872 0.023895 9.993929e-01 0.995515 0.003718 9.999839e-01
0.997586 0.002565 9.999924e-01 0.980068 0.012653 9.998075e-01
0.955389 0.027180 9.990662e-01 0.952697 0.028762 9.989486e-01
0.915847 0.050320 9.965258e-01 0.915208 0.050692 9.964696e-01
0.879585 0.071043 9.925227e-01 0.869967 0.076530 9.911424e-01
0.846718 0.089159 9.873571e-01 0.819104 0.104551 9.815324e-01
0.816909 0.104964 9.812908e-01 0.764029 0.133754 9.658170e-01
0.789678 0.118924 9.744768e-01 0.705540 0.163754 9.414328e-01
0.764662 0.131388 9.670287e-01 0.644304 0.194298 9.049598e-01
0.741734 0.142474 9.591326e-01 0.581305 0.224808 8.527196e-01
0.720960 0.152111 9.511063e-01 0.518000 0.254246 7.823436e-01
