1.273315 0.134657 9.872492e-01 0.449293 0.272479 7.018791e-01
1.249839 0.125411 9.885060e-01 0.532547 0.238177 8.123490e-01
1.223314 0.113319 9.901876e-01 0.618691 0.197622 8.945922e-01
1.194946 0.099190 9.921055e-01 0.702348 0.154862 9.468399e-01
1.166358 0.084322 9.940003e-01 0.778122 0.114545 9.755854e-01
1.139132 0.070049 9.956521e-01 0.842155 0.080266 9.896182e-01
1.114373 0.057274 9.969587e-01 0.892981 0.053543 9.958653e-01
1.092546 0.046308 9.979296e-01 0.931252 0.034006 9.984625e-01
1.073593 0.037004 9.986299e-01 0.958803 0.020318 9.994817e-01
1.057164 0.029021 9.991305e-01 0.977753 0.011036 9.998529e-01
1.042828 0.022011 9.994858e-01 0.989986 0.005030 9.999702e-01
1.030187 0.015713 9.997314e-01 0.996977 0.001542 9.999972e-01
1.018920 0.009964 9.998896e-01 0.999824 0.000091 1.000000e+00
1.008788 0.004678 9.999752e-01 0.999344 0.000344 9.999999e-01
0.999615 0.000196 1.000000e+00 0.996155 0.002037 9.999952e-01
0.991272 0.004648 9.999746e-01 0.990751 0.004927 9.999714e-01
0.983657 0.008718 9.999093e-01 0.983534 0.008783 9.999079e-01
0.976690 0.012411 9.998136e-01 0.974841 0.013390 9.997822e-01
0.970303 0.015747 9.996959e-01 0.964955 0.018555 9.995732e-01
0.964437 0.018751 9.995637e-01 0.954115 0.024110 9.992631e-01
0.959039 0.021450 9.994226e-01 0.942520 0.029917 9.988378e-01
0.954062 0.023872 9.992775e-01 0.930336 0.035867 9.982864e-01
0.949463 0.026046 9.991317e-01 0.917699 0.041872 9.976015e-01
0.945206 0.027995 9.989879e-01 0.904724 0.047863 9.967782e-01
0.941258 0.029744 9.988481e-01 0.891504 0.053785 9.958143e-01
0.937588 0.031313 9.987136e-01 0.878117 0.059592 9.947096e-01
0.934172 0.032719 9.985854e-01 0.864629 0.065246 9.934667e-01
0.930986 0.033977 9.984642e-01 0.851094 0.070716 9.920903e-01
0.928010 0.035102 9.983504e-01 0.837556 0.075974 9.905872e-01
0.925225 0.036105 9.982445e-01 0.824056 0.080995 9.889666e-01
0.922616 0.036996 9.981466e-01 0.810623 0.085759 9.872394e-01
0.920168 0.037784 9.980566e-01 0.797284 0.090251 9.854178e-01
0.917868 0.038478 9.979746e-01 0.784061 0.094459 9.835150e-01
0.915704 0.039087 9.979003e-01 0.770972 0.098374 9.815447e-01
0.913665 0.039615 9.978336e-01 0.758032 0.101995 9.795203e-01
0.911743 0.040072 9.977742e-01 0.745250 0.105323 9.774542e-01
0.909928 0.040462 9.977217e-01 0.732638 0.108364 9.753576e-01
0.908212 0.040792 9.976757e-01 0.720200 0.111129 9.732394e-01
0.906588 0.041067 9.976359e-01 0.707941 0.113632 9.711064e-01
0.905049 0.041293 9.976018e-01 0.695865 0.115892 9.689624e-01
0.903590 0.041474 9.975730e-01 0.683974 0.117930 9.668081e-01
0.902204 0.041615 9.975490e-01 0.672268 0.119770 9.646407e-01
0.900888 0.041720 9.975294e-01 0.660748 0.121440 9.624544e-01
0.899635 0.041795 9.975137e-01 0.649412 0.122968 9.602400e-01
0.898442 0.041841 9.975016e-01 0.638260 0.124382 9.579849e-01
0.897305 0.041863 9.974926e-01 0.627290 0.125713 9.556742e-01
0.896220 0.041865 9.974864e-01 0.616500 0.126988 9.532903e-01
0.895185 0.041848 9.974826e-01 0.605888 0.128235 9.508134e-01
0.894196 0.041817 9.974808e-01 0.595453 0.129479 9.482228e-01
0.893250 0.041772 9.974809e-01 0.585192 0.130743 9.454965e-01
0.892345 0.041716 9.974824e-01 0.575103 0.132046 9.426125e-01
0.891479 0.041652 9.974853e-01 0.565185 0.133404 9.395490e-01
0.890649 0.041581 9.974892e-01 0.555435 0.134830 9.362853e-01
0.889854 0.041504 9.974940e-01 0.545851 0.136331 9.328020e-01
0.889091 0.041423 9.974995e-01 0.536432 0.137913 9.290819e-01
0.888359 0.041338 9.975056e-01 0.527176 0.139575 9.251101e-01
0.887657 0.041251 9.975121e-01 0.518080 0.141317 9.208744e-01
0.886982 0.041163 9.975190e-01 0.509143 0.143132 9.163656e-01
0.886334 0.041073 9.975262e-01 0.500364 0.145013 9.115776e-01
0.885711 0.040983 9.975335e-01 0.491740 0.146952 9.065076e-01
0.885113 0.040894 9.975409e-01 0.483269 0.148937 9.011558e-01
0.884537 0.040804 9.975485e-01 0.474950 0.150957 8.955254e-01
0.883983 0.040716 9.975560e-01 0.466781 0.152999 8.896224e-01
0.883450 0.040628 9.975636e-01 0.458761 0.155052 8.834554e-01
0.882937 0.040542 9.975711e-01 0.450886 0.157104 8.770352e-01
0.882443 0.040456 9.975786e-01 0.443155 0.159142 8.703744e-01
0.881967 0.040372 9.975860e-01 0.435566 0.161158 8.634872e-01
0.881509 0.040290 9.975934e-01 0.428118 0.163140 8.563892e-01
0.881067 0.040209 9.976006e-01 0.420808 0.165079 8.490966e-01
0.880641 0.040129 9.976078e-01 0.413633 0.166969 8.416262e-01
0.880231 0.040051 9.976148e-01 0.406593 0.168801 8.339952e-01
0.879835 0.039974 9.976218e-01 0.399684 0.170571 8.262206e-01
0.879453 0.039899 9.976286e-01 0.392904 0.172273 8.183192e-01
0.879084 0.039826 9.976353e-01 0.386253 0.173904 8.103073e-01
0.878729 0.039754 9.976419e-01 0.379726 0.175460 8.022007e-01
0.878385 0.039684 9.976484e-01 0.373323 0.176940 7.940142e-01
0.878054 0.039615 9.976548e-01 0.367041 0.178342 7.857620e-01
0.877734 0.039548 9.976610e-01 0.360877 0.179666 7.774574e-01
0.877424 0.039482 9.976671e-01 0.354830 0.180910 7.691126e-01
0.877125 0.039418 9.976731e-01 0.348898 0.182077 7.607388e-01
0.876837 0.039356 9.976789e-01 0.343078 0.183166 7.523466e-01
0.876557 0.039295 9.976846e-01 0.337369 0.184179 7.439452e-01
0.876287 0.039235 9.976902e-01 0.331768 0.185117 7.355431e-01
0.876026 0.039177 9.976957e-01 0.326273 0.185982 7.271481e-01
0.875774 0.039120 9.977010e-01 0.320883 0.186777 7.187670e-01
0.875530 0.039065 9.977062e-01 0.315595 0.187503 7.104059e-01
0.875293 0.039011 9.977113e-01 0.310407 0.188164 7.020701e-01
