-25.000000 1.314825 -34.185448 0.107073 9.923996e-01
-24.700000 1.314203 -33.775028 0.107004 9.924022e-01
-24.400000 1.313567 -33.364606 0.106934 9.924048e-01
-24.100000 1.312916 -32.954182 0.106861 9.924076e-01
-23.800000 1.312248 -32.543756 0.106786 9.924105e-01
-23.500000 1.311564 -32.133329 0.106709 9.924135e-01
-23.200000 1.310864 -31.722901 0.106630 9.924167e-01
-22.900000 1.310145 -31.312470 0.106548 9.924200e-01
-22.600000 1.309408 -30.902038 0.106464 9.924234e-01
-22.300000 1.308653 -30.491605 0.106377 9.924270e-01
-22.000000 1.307877 -30.081170 0.106287 9.924308e-01
-21.700000 1.307081 -29.670733 0.106194 9.924348e-01
-21.400000 1.306263 -29.260295 0.106098 9.924389e-01
-21.100000 1.305423 -28.849855 0.105999 9.924433e-01
-20.800000 1.304560 -28.439414 0.105897 9.924478e-01
-20.500000 1.303673 -28.028972 0.105791 9.924526e-01
-20.200000 1.302761 -27.618528 0.105682 9.924576e-01
-19.900000 1.301822 -27.208083 0.105569 9.924629e-01
-19.600000 1.300856 -26.797636 0.105451 9.924684e-01
-19.300000 1.299862 -26.387189 0.105330 9.924742e-01
-19.000000 1.298837 -25.976740 0.105204 9.924803e-01
-18.700000 1.297781 -25.566290 0.105073 9.924868e-01
-18.400000 1.296693 -25.155839 0.104937 9.924936e-01
-18.100000 1.295570 -24.745387 0.104795 9.925007e-01
-17.800000 1.294411 -24.334934 0.104649 9.925083e-01
-17.500000 1.293215 -23.924480 0.104496 9.925163e-01
-17.200000 1.291979 -23.514025 0.104336 9.925247e-01
-16.900000 1.290702 -23.103569 0.104171 9.925337e-01
-16.600000 1.289381 -22.693113 0.103997 9.925431e-01
-16.300000 1.288015 -22.282656 0.103817 9.925532e-01
-16.000000 1.286600 -21.872199 0.103628 9.925638e-01
-15.700000 1.285134 -21.461742 0.103430 9.925752e-01
-15.400000 1.283615 -21.051285 0.103223 9.925872e-01
-15.100000 1.282039 -20.640828 0.103007 9.926001e-01
-14.800000 1.280403 -20.230371 0.102779 9.926138e-01
-14.500000 1.278704 -19.819915 0.102540 9.926285e-01
-14.200000 1.276938 -19.409460 0.102288 9.926442e-01
-13.900000 1.275101 -18.999006 0.102024 9.926610e-01
-13.600000 1.273189 -18.588555 0.101744 9.926791e-01
-13.300000 1.271196 -18.178106 0.101449 9.926985e-01
-13.000000 1.269119 -17.767661 0.101136 9.927195e-01
-12.700000 1.266950 -17.357221 0.100805 9.927422e-01
-12.400000 1.264686 -16.946786 0.100454 9.927667e-01
-12.100000 1.262317 -16.536359 0.100080 9.927933e-01
-11.800000 1.259839 -16.125941 0.099681 9.928222e-01
-11.500000 1.257243 -15.715535 0.099256 9.928537e-01
-11.200000 1.254520 -15.305143 0.098801 9.928881e-01
-10.900000 1.251661 -14.894769 0.098312 9.929257e-01
-10.600000 1.248657 -14.484419 0.097787 9.929670e-01
-10.300000 1.245495 -14.074097 0.097222 9.930125e-01
-10.000000 1.242165 -13.663812 0.096611 9.930627e-01
-9.700000 1.238651 -13.253571 0.095948 9.931182e-01
-9.400000 1.234941 -12.843386 0.095228 9.931799e-01
-9.100000 1.231017 -12.433272 0.094443 9.932485e-01
-8.800000 1.226862 -12.023247 0.093585 9.933252e-01
-8.500000 1.222456 -11.613332 0.092643 9.934111e-01
-8.200000 1.217778 -11.203558 0.091605 9.935077e-01
-7.900000 1.212805 -10.793961 0.090458 9.936166e-01
-7.600000 1.207510 -10.384588 0.089185 9.937396e-01
-7.300000 1.201867 -9.975499 0.087767 9.938792e-01
-7.000000 1.195846 -9.566770 0.086183 9.940377e-01
-6.700000 1.189416 -9.158502 0.084405 9.942180e-01
-6.400000 1.182544 -8.750823 0.082406 9.944233e-01
-6.100000 1.175197 -8.343901 0.080151 9.946569e-01
-5.800000 1.167346 -7.937951 0.077604 9.949221e-01
-5.500000 1.158963 -7.533258 0.074726 9.952220e-01
-5.200000 1.150030 -7.130185 0.071477 9.955587e-01
-4.900000 1.140544 -6.729207 0.067825 9.959326e-01
-4.600000 1.130522 -6.330926 0.063745 9.963418e-01
-4.300000 1.120018 -5.936095 0.059234 9.967803e-01
-4.000000 1.109125 -5.545625 0.054322 9.972374e-01
-3.700000 1.097991 -5.160560 0.049085 9.976974e-01
-3.400000 1.086818 -4.782000 0.043649 9.981407e-01
-3.100000 1.075845 -4.410963 0.038187 9.985471e-01
-2.800000 1.065315 -4.048197 0.032886 9.989007e-01
-2.500000 1.055434 -3.694017 0.027908 9.991932e-01
-2.200000 1.046326 -3.348245 0.023348 9.994253e-01
-1.900000 1.038031 -3.010289 0.019226 9.996040e-01
-1.600000 1.030510 -2.679326 0.015506 9.997386e-01
-1.300000 1.023684 -2.354473 0.012123 9.998381e-01
-1.000000 1.017459 -2.034917 0.009009 9.999095e-01
-0.700000 1.011745 -1.719966 0.006110 9.999579e-01
-0.400000 1.006465 -1.409051 0.003389 9.999869e-01
-0.100000 1.001560 -1.101716 0.000823 9.999992e-01
0.200000 0.996982 -0.797586 0.001600 9.999970e-01
0.500000 0.992695 -0.496348 0.003887 9.999823e-01
0.800000 0.988670 -0.197734 0.006040 9.999569e-01
1.100000 16.479656 1.647966 2.075110 9.820183e-01
1.400000 0.981312 0.392525 0.009962 9.998810e-01
1.700000 0.977943 0.684560 0.011738 9.998337e-01
2.000000 0.974759 0.974759 0.013398 9.997819e-01
2.300000 0.971746 1.263269 0.014949 9.997268e-01
2.600000 0.968890 1.550224 0.016396 9.996694e-01
2.900000 0.966181 1.835744 0.017748 9.996105e-01
3.200000 0.963607 2.119936 0.019011 9.995507e-01
3.500000 0.961159 2.402899 0.020191 9.994907e-01
3.800000 0.958828 2.684719 0.021294 9.994307e-01
4.100000 0.956605 2.965477 0.022326 9.993713e-01
4.400000 0.954484 3.245245 0.023293 9.993127e-01
4.700000 0.952457 3.524089 0.024199 9.992551e-01
5.000000 0.950518 3.802070 0.025047 9.991987e-01
5.300000 0.948661 4.079242 0.025843 9.991437e-01
5.600000 0.946882 4.355656 0.026588 9.990903e-01
5.900000 0.945175 4.631358 0.027287 9.990384e-01
6.200000 0.943537 4.906390 0.027943 9.989882e-01
6.500000 0.941962 5.180792 0.028557 9.989397e-01
6.800000 0.940448 5.454601 0.029133 9.988930e-01
7.100000 0.938992 5.727849 0.029673 9.988481e-01
7.400000 0.937589 6.000567 0.030178 9.988050e-01
7.700000 0.936237 6.272785 0.030651 9.987638e-01
8.000000 0.934933 6.544528 0.031094 9.987243e-01
8.300000 0.933674 6.815822 0.031508 9.986866e-01
8.600000 0.932459 7.086690 0.031895 9.986507e-01
8.900000 0.931285 7.357152 0.032257 9.986165e-01
9.200000 0.930150 7.627229 0.032594 9.985839e-01
9.500000 0.929052 7.896939 0.032910 9.985530e-01
9.800000 0.927989 8.166299 0.033204 9.985237e-01
10.100000 0.926959 8.435327 0.033478 9.984959e-01
10.400000 0.925961 8.704037 0.033734 9.984696e-01
10.700000 0.924994 8.972443 0.033973 9.984447e-01
11.000000 0.924056 9.240559 0.034195 9.984211e-01
11.300000 0.923145 9.508397 0.034401 9.983988e-01
11.600000 0.922261 9.775969 0.034594 9.983778e-01
11.900000 0.921403 10.043288 0.034773 9.983579e-01
12.200000 0.920568 10.310362 0.034940 9.983391e-01
12.500000 0.919757 10.577203 0.035095 9.983214e-01
12.800000 0.918968 10.843820 0.035239 9.983047e-01
13.100000 0.918200 11.110222 0.035374 9.982889e-01
13.400000 0.917453 11.376417 0.035498 9.982741e-01
13.700000 0.916725 11.642413 0.035615 9.982600e-01
14.000000 0.916017 11.908220 0.035723 9.982467e-01
14.300000 0.915327 12.173843 0.035823 9.982342e-01
14.600000 0.914654 12.439290 0.035917 9.982224e-01
14.900000 0.913998 12.704567 0.036004 9.982112e-01
15.200000 0.913358 12.969682 0.036086 9.982006e-01
15.500000 0.912734 13.234639 0.036161 9.981906e-01
15.800000 0.912125 13.499446 0.036232 9.981811e-01
16.100000 0.911530 13.764107 0.036297 9.981722e-01
16.400000 0.910950 14.028628 0.036359 9.981637e-01
16.700000 0.910383 14.293014 0.036416 9.981556e-01
17.000000 0.909829 14.557270 0.036469 9.981480e-01
17.300000 0.909288 14.821400 0.036519 9.981407e-01
17.600000 0.908760 15.085410 0.036565 9.981338e-01
17.900000 0.908243 15.349302 0.036609 9.981273e-01
18.200000 0.907737 15.613083 0.036649 9.981210e-01
18.500000 0.907243 15.876754 0.036687 9.981151e-01
18.800000 0.906760 16.140321 0.036723 9.981095e-01
19.100000 0.906287 16.403787 0.036756 9.981041e-01
19.400000 0.905824 16.667155 0.036787 9.980989e-01
19.700000 0.905370 16.930428 0.036816 9.980940e-01
20.000000 0.904927 17.193610 0.036843 9.980894e-01
20.300000 0.904492 17.456704 0.036869 9.980849e-01
20.600000 0.904067 17.719713 0.036893 9.980806e-01
20.900000 0.903650 17.982640 0.036915 9.980765e-01
21.200000 0.903242 18.245486 0.036936 9.980726e-01
21.500000 0.902842 18.508256 0.036956 9.980688e-01
21.800000 0.902450 18.770952 0.036974 9.980652e-01
22.100000 0.902065 19.033575 0.036992 9.980617e-01
22.400000 0.901688 19.296128 0.037008 9.980584e-01
22.700000 0.901319 19.558614 0.037023 9.980552e-01
23.000000 0.900956 19.821035 0.037038 9.980521e-01
23.300000 0.900601 20.083392 0.037051 9.980492e-01
23.600000 0.900252 20.345688 0.037064 9.980463e-01
23.900000 0.899909 20.607925 0.037076 9.980436e-01
24.200000 0.899573 20.870104 0.037087 9.980409e-01
24.500000 0.899244 21.132227 0.037098 9.980384e-01
24.800000 0.898920 21.394297 0.037108 9.980359e-01
