1.534961 0.547828 8.717623e-01 0.682187 0.347451 7.694830e-01
1.438711 0.450527 8.982748e-01 0.791632 0.237609 9.057636e-01
1.301774 0.292109 9.450462e-01 0.907501 0.103439 9.852180e-01
1.176826 0.149840 9.816219e-01 0.977227 0.023212 9.993489e-01
1.095102 0.068969 9.954402e-01 0.998628 0.001390 9.999978e-01
1.040902 0.025981 9.992811e-01 0.996347 0.002956 9.999898e-01
0.997670 0.003167 9.999884e-01 0.981370 0.012830 9.998027e-01
0.958454 0.026819 9.990966e-01 0.955942 0.028299 9.989890e-01
0.921273 0.048507 9.968086e-01 0.920665 0.048857 9.967584e-01
0.886079 0.068190 9.932070e-01 0.876728 0.073408 9.919688e-01
0.853444 0.085381 9.885736e-01 0.826216 0.100002 9.833634e-01
0.823922 0.099647 9.833886e-01 0.771683 0.126367 9.699621e-01
0.797772 0.110901 9.781702e-01 0.715545 0.150616 9.513235e-01
0.774933 0.119407 9.733124e-01 0.659670 0.171666 9.274668e-01
0.755130 0.125641 9.690203e-01 0.605284 0.189268 8.985391e-01
0.737998 0.130131 9.653377e-01 0.553094 0.203766 8.644956e-01
0.723171 0.133355 9.622138e-01 0.503474 0.215780 8.249969e-01
0.710321 0.135690 9.595623e-01 0.456620 0.225953 7.795559e-01
0.699176 0.137412 9.572979e-01 0.412638 0.234797 7.278481e-01
