1.351556 0.358254 9.249490e-01 0.598929 0.345192 7.227446e-01
1.242331 0.268472 9.488278e-01 0.756936 0.211566 9.172465e-01
1.138497 0.170553 9.747379e-01 0.876970 0.094741 9.867010e-01
1.067535 0.098828 9.901996e-01 0.938172 0.031630 9.986890e-01
1.025691 0.054991 9.966914e-01 0.961737 0.010442 9.998639e-01
0.999840 0.030415 9.989325e-01 0.968470 0.010471 9.998650e-01
0.981765 0.017143 9.996480e-01 0.967700 0.010142 9.998732e-01
0.967704 0.010081 9.998747e-01 0.962852 0.008538 9.999092e-01
0.955994 0.007527 9.999284e-01 0.955287 0.007499 9.999288e-01
0.945841 0.008523 9.999062e-01 0.945674 0.008555 9.999055e-01
0.936817 0.010818 9.998460e-01 0.934419 0.011568 9.998230e-01
0.928667 0.013223 9.997659e-01 0.921806 0.015579 9.996702e-01
0.921226 0.015465 9.996747e-01 0.908057 0.020088 9.994352e-01
0.914381 0.017525 9.995760e-01 0.893354 0.024940 9.991008e-01
0.908051 0.019435 9.994713e-01 0.877857 0.030105 9.986436e-01
0.902174 0.021229 9.993610e-01 0.861706 0.035578 9.980352e-01
0.896703 0.022927 9.992456e-01 0.845028 0.041339 9.972439e-01
0.891599 0.024542 9.991257e-01 0.827939 0.047348 9.962373e-01
0.886831 0.026079 9.990023e-01 0.810544 0.053550 9.949846e-01
0.882372 0.027539 9.988764e-01 0.792938 0.059880 9.934572e-01
0.878199 0.028920 9.987492e-01 0.775208 0.066274 9.916301e-01
0.874291 0.030224 9.986218e-01 0.757435 0.072669 9.894820e-01
0.870631 0.031448 9.984955e-01 0.739691 0.079009 9.869957e-01
0.867203 0.032593 9.983714e-01 0.722042 0.085245 9.841582e-01
0.863992 0.033660 9.982502e-01 0.704546 0.091338 9.809604e-01
0.860984 0.034651 9.981330e-01 0.687256 0.097253 9.773971e-01
0.858167 0.035567 9.980202e-01 0.670218 0.102965 9.734667e-01
0.855529 0.036412 9.979124e-01 0.653471 0.108454 9.691710e-01
0.853059 0.037189 9.978101e-01 0.637050 0.113705 9.645148e-01
0.850747 0.037900 9.977133e-01 0.620982 0.118711 9.595054e-01
0.848582 0.038550 9.976224e-01 0.605291 0.123467 9.541524e-01
0.846555 0.039141 9.975373e-01 0.589993 0.127972 9.484671e-01
0.844658 0.039679 9.974580e-01 0.575101 0.132229 9.424620e-01
0.842881 0.040166 9.973843e-01 0.560625 0.136244 9.361505e-01
0.841218 0.040607 9.973162e-01 0.546569 0.140023 9.295465e-01
0.839659 0.041004 9.972535e-01 0.532935 0.143576 9.226642e-01
0.838199 0.041362 9.971958e-01 0.519722 0.146912 9.155178e-01
0.836830 0.041683 9.971429e-01 0.506925 0.150043 9.081214e-01
0.835546 0.041970 9.970946e-01 0.494539 0.152980 9.004888e-01
0.834342 0.042227 9.970506e-01 0.482556 0.155734 8.926339e-01
0.833211 0.042456 9.970106e-01 0.470969 0.158315 8.845702e-01
0.832149 0.042659 9.969744e-01 0.459767 0.160735 8.763114e-01
0.831151 0.042838 9.969416e-01 0.448939 0.163003 8.678711e-01
0.830212 0.042996 9.969121e-01 0.438475 0.165129 8.592629e-01
0.829329 0.043135 9.968855e-01 0.428362 0.167121 8.505009e-01
0.828497 0.043257 9.968618e-01 0.418591 0.168987 8.415990e-01
0.827714 0.043362 9.968406e-01 0.409148 0.170735 8.325718e-01
0.826975 0.043452 9.968218e-01 0.400023 0.172370 8.234338e-01
0.826277 0.043530 9.968051e-01 0.391204 0.173899 8.142000e-01
0.825619 0.043595 9.967905e-01 0.382679 0.175328 8.048854e-01
0.824997 0.043649 9.967777e-01 0.374438 0.176660 7.955052e-01
0.824409 0.043693 9.967666e-01 0.366470 0.177900 7.860746e-01
0.823853 0.043729 9.967570e-01 0.358765 0.179052 7.766086e-01
0.823326 0.043756 9.967489e-01 0.351313 0.180121 7.671222e-01
0.822827 0.043775 9.967421e-01 0.344103 0.181108 7.576298e-01
0.822354 0.043788 9.967364e-01 0.337128 0.182018 7.481455e-01
0.821905 0.043794 9.967319e-01 0.330377 0.182853 7.386831e-01
0.821479 0.043795 9.967284e-01 0.323842 0.183616 7.292554e-01
0.821075 0.043791 9.967258e-01 0.317515 0.184310 7.198747e-01
0.820691 0.043783 9.967240e-01 0.311387 0.184938 7.105526e-01
0.820326 0.043770 9.967229e-01 0.305452 0.185501 7.012998e-01
