-25.000000 1.715208 -44.595404 0.483301 9.160103e-01
-24.700000 1.714428 -44.060805 0.483084 9.160093e-01
-24.400000 1.713630 -43.526199 0.482862 9.160084e-01
-24.100000 1.712812 -42.991587 0.482634 9.160075e-01
-23.800000 1.711975 -42.456968 0.482401 9.160067e-01
-23.500000 1.711116 -41.922342 0.482161 9.160060e-01
-23.200000 1.710236 -41.387708 0.481915 9.160053e-01
-22.900000 1.709333 -40.853067 0.481663 9.160047e-01
-22.600000 1.708408 -40.318417 0.481404 9.160042e-01
-22.300000 1.707457 -39.783759 0.481137 9.160037e-01
-22.000000 1.706482 -39.249093 0.480864 9.160034e-01
-21.700000 1.705481 -38.714417 0.480582 9.160031e-01
-21.400000 1.704452 -38.179732 0.480293 9.160030e-01
-21.100000 1.703395 -37.645037 0.479995 9.160030e-01
-20.800000 1.702309 -37.110332 0.479688 9.160031e-01
-20.500000 1.701191 -36.575617 0.479373 9.160033e-01
-20.200000 1.700042 -36.040890 0.479048 9.160037e-01
-19.900000 1.698859 -35.506152 0.478713 9.160043e-01
-19.600000 1.697641 -34.971402 0.478367 9.160050e-01
-19.300000 1.696386 -34.436639 0.478011 9.160058e-01
-19.000000 1.695093 -33.901864 0.477643 9.160069e-01
-18.700000 1.693760 -33.367075 0.477264 9.160082e-01
-18.400000 1.692385 -32.832272 0.476872 9.160097e-01
-18.100000 1.690966 -32.297455 0.476466 9.160115e-01
-17.800000 1.689501 -31.762623 0.476047 9.160135e-01
-17.500000 1.687988 -31.227776 0.475614 9.160158e-01
-17.200000 1.686424 -30.692913 0.475165 9.160185e-01
-16.900000 1.684806 -30.158033 0.474700 9.160214e-01
-16.600000 1.683133 -29.623136 0.474218 9.160248e-01
-16.300000 1.681400 -29.088222 0.473718 9.160286e-01
-16.000000 1.679605 -28.553289 0.473200 9.160327e-01
-15.700000 1.677745 -28.018338 0.472661 9.160374e-01
-15.400000 1.675815 -27.483368 0.472101 9.160426e-01
-15.100000 1.673812 -26.948378 0.471519 9.160485e-01
-14.800000 1.671732 -26.413368 0.470914 9.160549e-01
-14.500000 1.669570 -25.878338 0.470283 9.160621e-01
-14.200000 1.667321 -25.343287 0.469625 9.160700e-01
-13.900000 1.664981 -24.808215 0.468939 9.160788e-01
-13.600000 1.662543 -24.273121 0.468222 9.160886e-01
-13.300000 1.660000 -23.738007 0.467473 9.160995e-01
-13.000000 1.657348 -23.202872 0.466690 9.161116e-01
-12.700000 1.654578 -22.667715 0.465869 9.161251e-01
-12.400000 1.651682 -22.132539 0.465008 9.161401e-01
-12.100000 1.648652 -21.597343 0.464105 9.161568e-01
-11.800000 1.645479 -21.062129 0.463155 9.161755e-01
-11.500000 1.642152 -20.526899 0.462155 9.161965e-01
-11.200000 1.638660 -19.991654 0.461102 9.162201e-01
-10.900000 1.634991 -19.456397 0.459990 9.162466e-01
-10.600000 1.631132 -18.921133 0.458814 9.162766e-01
-10.300000 1.627068 -18.385864 0.457570 9.163106e-01
-10.000000 1.622782 -17.850598 0.456249 9.163492e-01
-9.700000 1.618256 -17.315342 0.454846 9.163934e-01
-9.400000 1.613471 -16.780103 0.453351 9.164440e-01
-9.100000 1.608405 -16.244895 0.451756 9.165024e-01
-8.800000 1.603034 -15.709730 0.450048 9.165699e-01
-8.500000 1.597329 -15.174627 0.448216 9.166486e-01
-8.200000 1.591262 -14.639607 0.446244 9.167407e-01
-7.900000 1.584797 -14.104697 0.444116 9.168491e-01
-7.600000 1.577899 -13.569932 0.441810 9.169776e-01
-7.300000 1.570524 -13.035351 0.439302 9.171309e-01
-7.000000 1.562626 -12.501009 0.436563 9.173150e-01
-6.700000 1.554152 -11.966968 0.433558 9.175375e-01
-6.400000 1.545042 -11.433309 0.430245 9.178083e-01
-6.100000 1.535229 -10.900129 0.426572 9.181401e-01
-5.800000 1.524639 -10.367548 0.422475 9.185493e-01
-5.500000 1.513187 -9.835715 0.417877 9.190571e-01
-5.200000 1.500775 -9.304807 0.412681 9.196909e-01
-4.900000 1.487295 -8.775043 0.406769 9.204859e-01
-4.600000 1.472622 -8.246683 0.399993 9.214878e-01
-4.300000 1.456611 -7.720038 0.392169 9.227550e-01
-4.000000 1.439096 -7.195479 0.383067 9.243626e-01
-3.700000 1.419881 -6.673442 0.372399 9.264065e-01
-3.400000 1.398737 -6.154445 0.359802 9.290097e-01
-3.100000 1.375388 -5.639092 0.344810 9.323291e-01
-2.800000 1.349498 -5.128091 0.326823 9.365628e-01
-2.500000 1.320647 -4.622265 0.305065 9.419550e-01
-2.200000 1.288305 -4.122577 0.278531 9.487846e-01
-1.900000 1.251812 -3.630255 0.245990 9.573094e-01
-1.600000 1.210481 -3.147251 0.206175 9.675832e-01
-1.300000 1.164190 -2.677637 0.158714 9.789873e-01
-1.000000 1.115171 -2.230343 0.106788 9.895213e-01
-0.700000 1.069849 -1.818742 0.059780 9.964072e-01
-0.400000 1.034255 -1.447958 0.026398 9.992482e-01
-0.100000 1.007398 -1.108138 0.005048 9.999710e-01
0.200000 0.985208 -0.788167 0.010137 9.998778e-01
0.500000 0.965070 -0.482535 0.022742 9.993591e-01
0.800000 0.945892 -0.189178 0.034221 9.984907e-01
1.100000 15.142263 1.514226 1.239121 9.923260e-01
1.400000 0.909455 0.363782 0.055151 9.957711e-01
1.700000 0.892341 0.624638 0.064516 9.939995e-01
2.000000 0.876161 0.876161 0.072982 9.920508e-01
2.300000 0.861023 1.119330 0.080474 9.900127e-01
2.600000 0.846972 1.355156 0.086990 9.879645e-01
2.900000 0.833997 1.584593 0.092589 9.859663e-01
3.200000 0.822046 1.808501 0.097367 9.840568e-01
3.500000 0.811049 2.027623 0.101437 9.822561e-01
3.800000 0.800929 2.242601 0.104911 9.805708e-01
4.100000 0.791608 2.453986 0.107889 9.789990e-01
4.400000 0.783016 2.662254 0.110460 9.775342e-01
4.700000 0.775086 2.867820 0.112694 9.761684e-01
5.000000 0.767761 3.071043 0.114652 9.748931e-01
5.300000 0.760986 3.272240 0.116379 9.737005e-01
5.600000 0.754715 3.471687 0.117913 9.725839e-01
5.900000 0.748903 3.669624 0.119282 9.715371e-01
6.200000 0.743512 3.866261 0.120509 9.705551e-01
6.500000 0.738505 4.061778 0.121615 9.696334e-01
6.800000 0.733851 4.256333 0.122613 9.687680e-01
7.100000 0.729518 4.450061 0.123516 9.679553e-01
7.400000 0.725481 4.643078 0.124336 9.671920e-01
7.700000 0.721714 4.835484 0.125081 9.664751e-01
8.000000 0.718195 5.027364 0.125759 9.658017e-01
8.300000 0.714903 5.218793 0.126376 9.651691e-01
8.600000 0.711820 5.409833 0.126939 9.645747e-01
8.900000 0.708929 5.600538 0.127454 9.640162e-01
9.200000 0.706214 5.790953 0.127923 9.634911e-01
9.500000 0.703661 5.981119 0.128353 9.629975e-01
9.800000 0.701258 6.171068 0.128745 9.625331e-01
10.100000 0.698992 6.360831 0.129105 9.620961e-01
10.400000 0.696854 6.550431 0.129434 9.616848e-01
10.700000 0.694834 6.739891 0.129736 9.612972e-01
11.000000 0.692923 6.929228 0.130013 9.609320e-01
11.300000 0.691112 7.118459 0.130267 9.605876e-01
11.600000 0.689396 7.307596 0.130500 9.602627e-01
11.900000 0.687766 7.496653 0.130714 9.599559e-01
12.200000 0.686218 7.685638 0.130911 9.596660e-01
12.500000 0.684744 7.874562 0.131091 9.593920e-01
12.800000 0.683342 8.063430 0.131257 9.591328e-01
13.100000 0.682004 8.252251 0.131410 9.588875e-01
13.400000 0.680728 8.441030 0.131550 9.586551e-01
13.700000 0.679510 8.629772 0.131679 9.584348e-01
14.000000 0.678345 8.818481 0.131798 9.582259e-01
14.300000 0.677230 9.007162 0.131907 9.580276e-01
14.600000 0.676163 9.195817 0.132007 9.578393e-01
14.900000 0.675140 9.384449 0.132099 9.576604e-01
15.200000 0.674159 9.573062 0.132184 9.574902e-01
15.500000 0.673218 9.761656 0.132261 9.573283e-01
15.800000 0.672313 9.950236 0.132333 9.571742e-01
16.100000 0.671444 10.138801 0.132398 9.570274e-01
16.400000 0.670607 10.327354 0.132458 9.568874e-01
16.700000 0.669802 10.515897 0.132513 9.567539e-01
17.000000 0.669027 10.704429 0.132563 9.566265e-01
17.300000 0.668279 10.892953 0.132609 9.565049e-01
17.600000 0.667558 11.081470 0.132651 9.563887e-01
17.900000 0.666863 11.269980 0.132689 9.562776e-01
18.200000 0.666191 11.458484 0.132723 9.561714e-01
18.500000 0.665542 11.646983 0.132755 9.560698e-01
18.800000 0.664914 11.835477 0.132783 9.559725e-01
19.100000 0.664308 12.023967 0.132809 9.558793e-01
19.400000 0.663720 12.212454 0.132832 9.557900e-01
19.700000 0.663152 12.400938 0.132852 9.557044e-01
20.000000 0.662601 12.589419 0.132871 9.556222e-01
20.300000 0.662067 12.777897 0.132887 9.555434e-01
20.600000 0.661550 12.966374 0.132901 9.554677e-01
20.900000 0.661048 13.154850 0.132914 9.553951e-01
21.200000 0.660561 13.343323 0.132925 9.553252e-01
21.500000 0.660088 13.531796 0.132934 9.552581e-01
21.800000 0.659628 13.720268 0.132942 9.551935e-01
22.100000 0.659182 13.908739 0.132948 9.551314e-01
22.400000 0.658748 14.097210 0.132953 9.550716e-01
22.700000 0.658326 14.285681 0.132957 9.550140e-01
23.000000 0.657916 14.474151 0.132960 9.549586e-01
23.300000 0.657517 14.662621 0.132962 9.549052e-01
23.600000 0.657128 14.851091 0.132963 9.548536e-01
23.900000 0.656749 15.039562 0.132963 9.548040e-01
24.200000 0.656381 15.228033 0.132962 9.547560e-01
24.500000 0.656021 15.416504 0.132960 9.547098e-01
24.800000 0.655671 15.604976 0.132958 9.546651e-01
