1.573599 0.423490 9.228142e-01 0.597783 0.338627 7.296186e-01
1.492962 0.365391 9.353013e-01 0.714040 0.254363 8.721818e-01
1.387821 0.272484 9.573790e-01 0.834474 0.148273 9.648220e-01
1.277706 0.167918 9.804439e-01 0.928337 0.058914 9.953705e-01
1.188665 0.089682 9.934692e-01 0.977993 0.014653 9.997408e-01
1.123134 0.045654 9.980954e-01 0.994812 0.003237 9.999878e-01
1.066758 0.021143 9.995465e-01 0.992017 0.004109 9.999802e-01
1.004009 0.001556 9.999972e-01 0.969724 0.011186 9.998464e-01
0.922969 0.026797 9.990275e-01 0.916492 0.029145 9.988335e-01
0.820779 0.064500 9.929189e-01 0.818970 0.065178 9.927386e-01
0.710631 0.104083 9.758249e-01 0.681364 0.114520 9.684073e-01
0.614069 0.131608 9.496262e-01 0.532250 0.156852 9.088485e-01
0.542626 0.142857 9.258881e-01 0.400730 0.177751 8.148496e-01
0.494543 0.142929 9.120240e-01 0.297857 0.178862 7.059998e-01
0.398395 0.095389 9.379058e-01 -0.000001 0.000003 3.000000e+04
0.398395 0.095389 9.379059e-01 -0.000001 0.000003 3.000000e+04
0.398395 0.095389 9.379059e-01 -0.000001 0.000002 3.000000e+04
0.398395 0.095389 9.379059e-01 -0.000000 0.000002 3.000000e+04
0.398395 0.095389 9.379059e-01 -0.000000 0.000001 3.000000e+04
0.398395 0.095389 9.379059e-01 -0.000000 0.000001 3.000000e+04
0.398395 0.095389 9.379059e-01 -0.000000 0.000001 3.000000e+04
0.398395 0.095389 9.379059e-01 -0.000000 0.000001 3.000000e+04
0.398395 0.095389 9.379059e-01 -0.000000 0.000001 3.000000e+04
0.398395 0.095389 9.379059e-01 -0.000000 0.000001 3.000000e+04
0.398395 0.095389 9.379059e-01 -0.000000 0.000000 3.000000e+04
0.398395 0.095389 9.379059e-01 -0.000000 0.000000 3.000000e+04
0.398395 0.095389 9.379059e-01 -0.000000 0.000000 3.000000e+04
0.398395 0.095389 9.379059e-01 -0.000000 0.000000 3.000000e+04
0.398395 0.095389 9.379059e-01 -0.000000 0.000000 3.000000e+04
0.398395 0.095389 9.379059e-01 -0.000000 0.000000 3.000000e+04
0.398395 0.095389 9.379059e-01 -0.000000 0.000000 3.000000e+04
0.398395 0.095389 9.379059e-01 -0.000000 0.000000 3.000000e+04
0.398395 0.095389 9.379059e-01 -0.000000 0.000000 3.000000e+04
0.398395 0.095389 9.379059e-01 -0.000000 0.000000 3.000000e+04
