1.748633 0.458589 9.264165e-01 0.530657 0.299912 7.305241e-01
1.461901 0.278021 9.599066e-01 0.772019 0.135572 9.656115e-01
1.200542 0.128251 9.869922e-01 0.919090 0.026804 9.990188e-01
1.069529 0.072573 9.947109e-01 0.954353 0.021629 9.994072e-01
1.001073 0.034433 9.986355e-01 0.951746 0.020430 9.994681e-01
0.952283 0.016449 9.996555e-01 0.934930 0.016738 9.996300e-01
0.910456 0.019319 9.994803e-01 0.907856 0.020002 9.994397e-01
0.872408 0.030828 9.985600e-01 0.871793 0.031038 9.985383e-01
0.837726 0.043787 9.968548e-01 0.828528 0.047246 9.962588e-01
0.806738 0.055953 9.944753e-01 0.780595 0.066082 9.917915e-01
0.779743 0.066189 9.917474e-01 0.730755 0.084989 9.846192e-01
0.756732 0.074082 9.890531e-01 0.681379 0.101949 9.747986e-01
0.737395 0.079734 9.866775e-01 0.634089 0.115815 9.629032e-01
0.721243 0.083507 9.847546e-01 0.589744 0.126258 9.497294e-01
0.707740 0.085843 9.832943e-01 0.548620 0.133501 9.359938e-01
0.696388 0.087145 9.822366e-01 0.510637 0.138048 9.221663e-01
0.686764 0.087744 9.814975e-01 0.475547 0.140483 9.084442e-01
0.678529 0.087882 9.809954e-01 0.443050 0.141358 8.948070e-01
0.671420 0.087734 9.806629e-01 0.412863 0.141134 8.810959e-01
0.665234 0.087415 9.804487e-01 0.384740 0.140173 8.670834e-01
0.659817 0.087003 9.803161e-01 0.358484 0.138743 8.525257e-01
0.655048 0.086545 9.802396e-01 0.333938 0.137033 8.371953e-01
0.650833 0.086072 9.802020e-01 0.310980 0.135168 8.209001e-01
0.647097 0.085600 9.801920e-01 0.289509 0.133229 8.034929e-01
0.643779 0.085139 9.802020e-01 0.269444 0.131266 7.848746e-01
0.640828 0.084694 9.802270e-01 0.250711 0.129307 7.649938e-01
0.638200 0.084267 9.802634e-01 0.233246 0.127368 7.438449e-01
0.635860 0.083860 9.803088e-01 0.216985 0.125458 7.214654e-01
