-25.000000 1.981058 -51.507501 0.386520 9.578896e-01
-24.700000 1.980142 -50.889653 0.386315 9.578952e-01
-24.400000 1.979205 -50.271807 0.386104 9.579009e-01
-24.100000 1.978246 -49.653963 0.385888 9.579069e-01
-23.800000 1.977263 -49.036122 0.385667 9.579131e-01
-23.500000 1.976256 -48.418283 0.385440 9.579195e-01
-23.200000 1.975225 -47.800448 0.385208 9.579261e-01
-22.900000 1.974168 -47.182615 0.384969 9.579329e-01
-22.600000 1.973084 -46.564784 0.384723 9.579400e-01
-22.300000 1.971972 -45.946956 0.384472 9.579474e-01
-22.000000 1.970832 -45.329132 0.384213 9.579550e-01
-21.700000 1.969661 -44.711310 0.383947 9.579629e-01
-21.400000 1.968459 -44.093490 0.383674 9.579711e-01
-21.100000 1.967225 -43.475674 0.383392 9.579796e-01
-20.800000 1.965957 -42.857861 0.383103 9.579885e-01
-20.500000 1.964654 -42.240051 0.382806 9.579977e-01
-20.200000 1.963313 -41.622244 0.382499 9.580072e-01
-19.900000 1.961935 -41.004440 0.382184 9.580171e-01
-19.600000 1.960516 -40.386639 0.381858 9.580274e-01
-19.300000 1.959056 -39.768842 0.381523 9.580381e-01
-19.000000 1.957552 -39.151047 0.381178 9.580492e-01
-18.700000 1.956003 -38.533257 0.380821 9.580608e-01
-18.400000 1.954406 -37.915469 0.380453 9.580728e-01
-18.100000 1.952758 -37.297686 0.380073 9.580854e-01
-17.800000 1.951059 -36.679906 0.379680 9.580984e-01
-17.500000 1.949304 -36.062129 0.379275 9.581120e-01
-17.200000 1.947492 -35.444357 0.378855 9.581262e-01
-16.900000 1.945619 -34.826589 0.378421 9.581411e-01
-16.600000 1.943683 -34.208825 0.377971 9.581565e-01
-16.300000 1.941680 -33.591065 0.377506 9.581727e-01
-16.000000 1.939606 -32.973309 0.377023 9.581895e-01
-15.700000 1.937459 -32.355558 0.376523 9.582072e-01
-15.400000 1.935232 -31.737813 0.376003 9.582257e-01
-15.100000 1.932924 -31.120072 0.375464 9.582450e-01
-14.800000 1.930528 -30.502336 0.374904 9.582653e-01
-14.500000 1.928039 -29.884607 0.374321 9.582865e-01
-14.200000 1.925453 -29.266883 0.373715 9.583088e-01
-13.900000 1.922763 -28.649166 0.373083 9.583322e-01
-13.600000 1.919963 -28.031456 0.372425 9.583569e-01
-13.300000 1.917046 -27.413753 0.371738 9.583828e-01
-13.000000 1.914004 -26.796058 0.371021 9.584101e-01
-12.700000 1.910830 -26.178373 0.370272 9.584389e-01
-12.400000 1.907515 -25.560697 0.369488 9.584694e-01
-12.100000 1.904048 -24.943031 0.368668 9.585015e-01
-11.800000 1.900420 -24.325377 0.367808 9.585356e-01
-11.500000 1.896619 -23.707736 0.366905 9.585717e-01
-11.200000 1.892632 -23.090110 0.365957 9.586101e-01
-10.900000 1.888445 -22.472500 0.364959 9.586510e-01
-10.600000 1.884044 -21.854908 0.363909 9.586945e-01
-10.300000 1.879410 -21.237336 0.362800 9.587410e-01
-10.000000 1.874526 -20.619787 0.361630 9.587908e-01
-9.700000 1.869371 -20.002265 0.360391 9.588443e-01
-9.400000 1.863920 -19.384772 0.359079 9.589018e-01
-9.100000 1.858150 -18.767314 0.357685 9.589639e-01
-8.800000 1.852030 -18.149894 0.356202 9.590310e-01
-8.500000 1.845528 -17.532519 0.354622 9.591040e-01
-8.200000 1.838608 -16.915195 0.352934 9.591835e-01
-7.900000 1.831228 -16.297930 0.351127 9.592705e-01
-7.600000 1.823341 -15.680733 0.349187 9.593661e-01
-7.300000 1.814893 -15.063615 0.347098 9.594716e-01
-7.000000 1.805823 -14.446588 0.344843 9.595888e-01
-6.700000 1.796060 -13.829665 0.342400 9.597195e-01
-6.400000 1.785522 -13.212864 0.339745 9.598662e-01
-6.100000 1.774113 -12.596205 0.336847 9.600319e-01
-5.800000 1.761722 -11.979709 0.333672 9.602205e-01
-5.500000 1.748216 -11.363404 0.330175 9.604368e-01
-5.200000 1.733439 -10.747320 0.326305 9.606869e-01
-4.900000 1.717203 -10.131496 0.321997 9.609789e-01
-4.600000 1.699281 -9.515975 0.317171 9.613233e-01
-4.300000 1.679399 -8.900813 0.311723 9.617344e-01
-4.000000 1.657215 -8.286077 0.305521 9.622317e-01
-3.700000 1.632310 -7.671858 0.298392 9.628424e-01
-3.400000 1.604154 -7.058277 0.290101 9.636060e-01
-3.100000 1.572076 -6.445510 0.280325 9.645806e-01
-2.800000 1.535217 -5.833826 0.268606 9.658549e-01
-2.500000 1.492476 -5.223666 0.254273 9.675667e-01
-2.200000 1.442435 -4.615793 0.236328 9.699320e-01
-1.900000 1.383326 -4.011644 0.213289 9.732793e-01
-1.600000 1.313164 -3.414227 0.183082 9.780450e-01
-1.300000 1.230749 -2.830723 0.143604 9.845209e-01
-1.000000 1.139645 -2.279290 0.096730 9.917490e-01
-0.700000 1.056088 -1.795349 0.058588 9.964584e-01
-0.400000 0.999505 -1.399307 0.039035 9.982417e-01
-0.100000 0.964824 -1.061306 0.025422 9.991989e-01
0.200000 0.939414 -0.751531 0.018291 9.995624e-01
0.500000 0.917577 -0.458788 0.018495 9.995310e-01
0.800000 0.897455 -0.179491 0.022811 9.992545e-01
1.100000 13.976828 1.397683 1.298490 9.901309e-01
1.400000 0.860720 0.344288 0.035155 9.980772e-01
1.700000 0.844087 0.590861 0.041508 9.972152e-01
2.000000 0.828732 0.828732 0.047425 9.962324e-01
2.300000 0.814697 1.059106 0.052702 9.951906e-01
2.600000 0.801962 1.283139 0.057263 9.941465e-01
2.900000 0.790454 1.501862 0.061120 9.931428e-01
3.200000 0.780068 1.716150 0.064333 9.922064e-01
3.500000 0.770688 1.926721 0.066988 9.913505e-01
3.800000 0.762198 2.134155 0.069171 9.905784e-01
4.100000 0.754490 2.338918 0.070963 9.898872e-01
4.400000 0.747466 2.541385 0.072436 9.892707e-01
4.700000 0.741044 2.741862 0.073649 9.887216e-01
5.000000 0.735151 2.940602 0.074651 9.882320e-01
5.300000 0.729725 3.137817 0.075482 9.877945e-01
5.600000 0.724714 3.333686 0.076172 9.874026e-01
5.900000 0.720074 3.528365 0.076749 9.870505e-01
6.200000 0.715767 3.721987 0.077231 9.867331e-01
6.500000 0.711758 3.914669 0.077636 9.864462e-01
6.800000 0.708020 4.106516 0.077976 9.861860e-01
7.100000 0.704527 4.297618 0.078262 9.859495e-01
7.400000 0.701259 4.488057 0.078503 9.857340e-01
7.700000 0.698195 4.677905 0.078705 9.855372e-01
8.000000 0.695318 4.867225 0.078875 9.853571e-01
8.300000 0.692613 5.056076 0.079016 9.851920e-01
8.600000 0.690067 5.244508 0.079134 9.850404e-01
8.900000 0.687667 5.432567 0.079231 9.849010e-01
9.200000 0.685401 5.620292 0.079310 9.847726e-01
9.500000 0.683261 5.807720 0.079374 9.846543e-01
9.800000 0.681237 5.994883 0.079424 9.845450e-01
10.100000 0.679320 6.181809 0.079463 9.844440e-01
10.400000 0.677503 6.368524 0.079492 9.843505e-01
10.700000 0.675778 6.555050 0.079513 9.842638e-01
11.000000 0.674141 6.741407 0.079525 9.841834e-01
11.300000 0.672584 6.927613 0.079532 9.841088e-01
11.600000 0.671102 7.113685 0.079532 9.840394e-01
11.900000 0.669691 7.299636 0.079528 9.839748e-01
12.200000 0.668346 7.485479 0.079520 9.839146e-01
12.500000 0.667063 7.671225 0.079508 9.838585e-01
12.800000 0.665838 7.856885 0.079493 9.838061e-01
13.100000 0.664667 8.042467 0.079475 9.837571e-01
13.400000 0.663547 8.227978 0.079455 9.837112e-01
13.700000 0.662475 8.413428 0.079433 9.836682e-01
14.000000 0.661448 8.598821 0.079409 9.836279e-01
14.300000 0.660463 8.784163 0.079384 9.835900e-01
14.600000 0.659519 8.969459 0.079358 9.835544e-01
14.900000 0.658613 9.154714 0.079331 9.835210e-01
15.200000 0.657742 9.339933 0.079303 9.834894e-01
15.500000 0.656905 9.525117 0.079275 9.834597e-01
15.800000 0.656099 9.710272 0.079246 9.834316e-01
16.100000 0.655324 9.895399 0.079216 9.834051e-01
16.400000 0.654578 10.080501 0.079187 9.833800e-01
16.700000 0.653859 10.265581 0.079157 9.833563e-01
17.000000 0.653165 10.450640 0.079128 9.833338e-01
17.300000 0.652496 10.635681 0.079098 9.833125e-01
17.600000 0.651850 10.820705 0.079068 9.832922e-01
17.900000 0.651226 11.005713 0.079039 9.832730e-01
18.200000 0.650623 11.190708 0.079010 9.832547e-01
18.500000 0.650039 11.375689 0.078981 9.832373e-01
18.800000 0.649475 11.560659 0.078952 9.832207e-01
19.100000 0.648929 11.745618 0.078923 9.832049e-01
19.400000 0.648400 11.930567 0.078895 9.831898e-01
19.700000 0.647888 12.115508 0.078867 9.831755e-01
20.000000 0.647392 12.300439 0.078839 9.831617e-01
20.300000 0.646910 12.485363 0.078812 9.831486e-01
20.600000 0.646443 12.670280 0.078785 9.831360e-01
20.900000 0.645989 12.855190 0.078758 9.831240e-01
21.200000 0.645549 13.040094 0.078732 9.831124e-01
21.500000 0.645122 13.224992 0.078706 9.831014e-01
21.800000 0.644706 13.409885 0.078680 9.830908e-01
22.100000 0.644302 13.594772 0.078655 9.830806e-01
22.400000 0.643909 13.779655 0.078630 9.830708e-01
22.700000 0.643527 13.964534 0.078605 9.830615e-01
23.000000 0.643155 14.149408 0.078581 9.830524e-01
23.300000 0.642793 14.334278 0.078557 9.830438e-01
23.600000 0.642440 14.519145 0.078534 9.830354e-01
23.900000 0.642096 14.704008 0.078511 9.830274e-01
24.200000 0.641762 14.888868 0.078488 9.830196e-01
24.500000 0.641435 15.073724 0.078466 9.830122e-01
24.800000 0.641117 15.258578 0.078444 9.830050e-01
