-25.000000 1.498288 -38.955494 0.364994 9.358616e-01
-24.700000 1.497576 -38.487713 0.364789 9.358722e-01
-24.400000 1.496848 -38.019933 0.364578 9.358832e-01
-24.100000 1.496102 -37.552154 0.364362 9.358946e-01
-23.800000 1.495338 -37.084376 0.364140 9.359063e-01
-23.500000 1.494555 -36.616600 0.363912 9.359185e-01
-23.200000 1.493753 -36.148826 0.363679 9.359311e-01
-22.900000 1.492931 -35.681053 0.363439 9.359442e-01
-22.600000 1.492088 -35.213281 0.363193 9.359578e-01
-22.300000 1.491224 -34.745512 0.362940 9.359718e-01
-22.000000 1.490337 -34.277744 0.362680 9.359864e-01
-21.700000 1.489426 -33.809978 0.362413 9.360016e-01
-21.400000 1.488492 -33.342215 0.362138 9.360173e-01
-21.100000 1.487532 -32.874453 0.361855 9.360336e-01
-20.800000 1.486546 -32.406694 0.361563 9.360506e-01
-20.500000 1.485532 -31.938937 0.361263 9.360683e-01
-20.200000 1.484490 -31.471184 0.360954 9.360868e-01
-19.900000 1.483418 -31.003433 0.360636 9.361059e-01
-19.600000 1.482315 -30.535685 0.360308 9.361259e-01
-19.300000 1.481179 -30.067941 0.359969 9.361468e-01
-19.000000 1.480010 -29.600201 0.359619 9.361686e-01
-18.700000 1.478805 -29.132464 0.359258 9.361913e-01
-18.400000 1.477563 -28.664732 0.358885 9.362151e-01
-18.100000 1.476283 -28.197004 0.358499 9.362400e-01
-17.800000 1.474962 -27.729282 0.358100 9.362661e-01
-17.500000 1.473598 -27.261565 0.357687 9.362934e-01
-17.200000 1.472190 -26.793854 0.357259 9.363221e-01
-16.900000 1.470735 -26.326150 0.356816 9.363522e-01
-16.600000 1.469230 -25.858454 0.356356 9.363838e-01
-16.300000 1.467674 -25.390765 0.355879 9.364172e-01
-16.000000 1.466064 -24.923085 0.355384 9.364523e-01
-15.700000 1.464396 -24.455415 0.354869 9.364894e-01
-15.400000 1.462668 -23.987755 0.354333 9.365286e-01
-15.100000 1.460876 -23.520108 0.353776 9.365700e-01
-14.800000 1.459017 -23.052473 0.353195 9.366140e-01
-14.500000 1.457087 -22.584853 0.352589 9.366607e-01
-14.200000 1.455082 -22.117249 0.351957 9.367103e-01
-13.900000 1.452998 -21.649664 0.351296 9.367632e-01
-13.600000 1.450829 -21.182098 0.350604 9.368196e-01
-13.300000 1.448570 -20.714555 0.349880 9.368800e-01
-13.000000 1.446217 -20.247037 0.349120 9.369447e-01
-12.700000 1.443763 -19.779548 0.348322 9.370143e-01
-12.400000 1.441201 -19.312090 0.347484 9.370892e-01
-12.100000 1.438524 -18.844668 0.346600 9.371701e-01
-11.800000 1.435726 -18.377287 0.345669 9.372576e-01
-11.500000 1.432796 -17.909952 0.344684 9.373527e-01
-11.200000 1.429727 -17.442668 0.343643 9.374563e-01
-10.900000 1.426508 -16.975444 0.342538 9.375695e-01
-10.600000 1.423128 -16.508287 0.341364 9.376936e-01
-10.300000 1.419576 -16.041206 0.340114 9.378301e-01
-10.000000 1.415838 -15.574214 0.338779 9.379809e-01
-9.700000 1.411899 -15.107322 0.337351 9.381480e-01
-9.400000 1.407745 -14.640547 0.335819 9.383341e-01
-9.100000 1.403357 -14.173904 0.334170 9.385422e-01
-8.800000 1.398716 -13.707415 0.332390 9.387759e-01
-8.500000 1.393800 -13.241103 0.330461 9.390395e-01
-8.200000 1.388587 -12.774996 0.328365 9.393382e-01
-7.900000 1.383048 -12.309126 0.326078 9.396784e-01
-7.600000 1.377155 -11.843530 0.323573 9.400675e-01
-7.300000 1.370874 -11.378250 0.320816 9.405148e-01
-7.000000 1.364167 -10.913336 0.317771 9.410313e-01
-6.700000 1.356992 -10.448841 0.314390 9.416303e-01
-6.400000 1.349301 -9.984828 0.310620 9.423277e-01
-6.100000 1.341037 -9.521363 0.306396 9.431426e-01
-5.800000 1.332135 -9.058518 0.301642 9.440977e-01
-5.500000 1.322518 -8.596369 0.296268 9.452197e-01
-5.200000 1.312095 -8.134990 0.290168 9.465398e-01
-4.900000 1.300756 -7.674459 0.283216 9.480938e-01
-4.600000 1.288366 -7.214847 0.275267 9.499226e-01
-4.300000 1.274760 -6.756226 0.266150 9.520720e-01
-4.000000 1.259734 -6.298669 0.255666 9.545921e-01
-3.700000 1.243037 -5.842272 0.243587 9.575361e-01
-3.400000 1.224360 -5.387184 0.229650 9.609569e-01
-3.100000 1.203340 -4.933694 0.213570 9.648997e-01
-2.800000 1.179580 -4.482405 0.195063 9.693864e-01
-2.500000 1.152740 -4.034590 0.173914 9.743868e-01
-2.200000 1.122769 -3.592860 0.150124 9.797713e-01
-1.900000 1.090368 -3.162066 0.124110 9.852584e-01
-1.600000 1.057525 -2.749565 0.096972 9.903831e-01
-1.300000 1.027455 -2.363145 0.070885 9.945332e-01
-1.000000 1.003291 -2.006582 0.049022 9.972505e-01
-0.700000 0.986192 -1.676527 0.033460 9.986724e-01
-0.400000 0.974942 -1.364919 0.023535 9.993275e-01
-0.100000 0.967499 -1.064249 0.017319 9.996301e-01
0.200000 0.962267 -0.769814 0.013344 9.997780e-01
0.500000 0.958296 -0.479148 0.010865 9.998516e-01
0.800000 0.955068 -0.191014 0.009526 9.998851e-01
1.100000 15.679233 1.567923 1.982486 9.818720e-01
1.400000 0.949856 0.379943 0.009215 9.998913e-01
1.700000 0.947627 0.663339 0.009712 9.998787e-01
2.000000 0.945563 0.945563 0.010382 9.998608e-01
2.300000 0.943628 1.226717 0.011122 9.998396e-01
2.600000 0.941798 1.506878 0.011879 9.998163e-01
2.900000 0.940056 1.786107 0.012629 9.997916e-01
3.200000 0.938389 2.064456 0.013363 9.997659e-01
3.500000 0.936788 2.341969 0.014076 9.997393e-01
3.800000 0.935245 2.618686 0.014771 9.997120e-01
4.100000 0.933755 2.894641 0.015448 9.996840e-01
4.400000 0.932314 3.169868 0.016110 9.996553e-01
4.700000 0.930918 3.444396 0.016757 9.996260e-01
5.000000 0.929563 3.718253 0.017390 9.995960e-01
5.300000 0.928248 3.991467 0.018011 9.995654e-01
5.600000 0.926970 4.264062 0.018620 9.995342e-01
5.900000 0.925727 4.536063 0.019217 9.995026e-01
6.200000 0.924518 4.807495 0.019802 9.994705e-01
6.500000 0.923341 5.078378 0.020375 9.994380e-01
6.800000 0.922196 5.348736 0.020936 9.994052e-01
7.100000 0.921080 5.618589 0.021484 9.993721e-01
7.400000 0.919993 5.887958 0.022019 9.993389e-01
7.700000 0.918935 6.156863 0.022542 9.993056e-01
8.000000 0.917903 6.425322 0.023052 9.992722e-01
8.300000 0.916898 6.693355 0.023548 9.992388e-01
8.600000 0.915918 6.960979 0.024032 9.992056e-01
8.900000 0.914963 7.228210 0.024503 9.991725e-01
9.200000 0.914033 7.495067 0.024960 9.991396e-01
9.500000 0.913125 7.761563 0.025405 9.991069e-01
9.800000 0.912240 8.027716 0.025837 9.990745e-01
10.100000 0.911378 8.293538 0.026256 9.990425e-01
10.400000 0.910537 8.559043 0.026662 9.990108e-01
10.700000 0.909716 8.824246 0.027056 9.989795e-01
11.000000 0.908916 9.089158 0.027438 9.989487e-01
11.300000 0.908135 9.353792 0.027809 9.989183e-01
11.600000 0.907373 9.618158 0.028168 9.988883e-01
11.900000 0.906630 9.882268 0.028515 9.988589e-01
12.200000 0.905905 10.146132 0.028852 9.988299e-01
12.500000 0.905197 10.409760 0.029178 9.988015e-01
12.800000 0.904505 10.673160 0.029494 9.987736e-01
13.100000 0.903830 10.936343 0.029800 9.987462e-01
13.400000 0.903171 11.199315 0.030096 9.987193e-01
13.700000 0.902526 11.462086 0.030383 9.986929e-01
14.000000 0.901897 11.724662 0.030661 9.986671e-01
14.300000 0.901282 11.987051 0.030930 9.986418e-01
14.600000 0.900681 12.249260 0.031191 9.986170e-01
14.900000 0.900093 12.511295 0.031443 9.985927e-01
15.200000 0.899518 12.773162 0.031688 9.985689e-01
15.500000 0.898956 13.034868 0.031924 9.985457e-01
15.800000 0.898407 13.296417 0.032154 9.985229e-01
16.100000 0.897869 13.557815 0.032377 9.985006e-01
16.400000 0.897342 13.819067 0.032593 9.984788e-01
16.700000 0.896827 14.080179 0.032802 9.984575e-01
17.000000 0.896322 14.341154 0.033005 9.984366e-01
17.300000 0.895828 14.601997 0.033202 9.984162e-01
17.600000 0.895344 14.862713 0.033393 9.983962e-01
17.900000 0.894870 15.123305 0.033578 9.983767e-01
18.200000 0.894406 15.383778 0.033758 9.983576e-01
18.500000 0.893951 15.644135 0.033932 9.983389e-01
18.800000 0.893504 15.904380 0.034102 9.983206e-01
19.100000 0.893067 16.164516 0.034267 9.983027e-01
19.400000 0.892638 16.424547 0.034427 9.982852e-01
19.700000 0.892218 16.684475 0.034583 9.982680e-01
20.000000 0.891806 16.944305 0.034734 9.982513e-01
20.300000 0.891401 17.204039 0.034881 9.982348e-01
20.600000 0.891004 17.463679 0.035024 9.982188e-01
20.900000 0.890615 17.723230 0.035163 9.982031e-01
21.200000 0.890232 17.982692 0.035298 9.981877e-01
21.500000 0.889857 18.242070 0.035430 9.981726e-01
21.800000 0.889489 18.501365 0.035558 9.981579e-01
22.100000 0.889127 18.760581 0.035683 9.981435e-01
22.400000 0.888772 19.019718 0.035804 9.981293e-01
22.700000 0.888423 19.278780 0.035923 9.981155e-01
23.000000 0.888080 19.537769 0.036038 9.981019e-01
23.300000 0.887744 19.796687 0.036150 9.980886e-01
23.600000 0.887413 20.055536 0.036260 9.980756e-01
23.900000 0.887088 20.314318 0.036367 9.980629e-01
24.200000 0.886769 20.573036 0.036471 9.980504e-01
24.500000 0.886455 20.831690 0.036572 9.980382e-01
24.800000 0.886146 21.090282 0.036671 9.980262e-01
