1.781194 0.368794 9.528280e-01 0.505053 0.246203 7.846624e-01
1.614277 0.295429 9.627614e-01 0.695648 0.162557 9.406803e-01
1.416671 0.185144 9.806571e-01 0.863610 0.068918 9.926991e-01
1.249189 0.093012 9.936383e-01 0.957049 0.018828 9.995533e-01
1.134203 0.041177 9.984802e-01 0.986947 0.009494 9.998931e-01
1.053018 0.013379 9.998136e-01 0.983441 0.010234 9.998749e-01
0.986026 0.008721 9.999097e-01 0.960189 0.016301 9.996673e-01
0.923936 0.027243 9.989969e-01 0.919906 0.028501 9.988927e-01
0.864979 0.046341 9.966962e-01 0.863990 0.046634 9.966468e-01
0.811074 0.063932 9.928759e-01 0.796768 0.068560 9.915217e-01
0.764657 0.078103 9.880951e-01 0.725031 0.090458 9.823410e-01
0.726826 0.088120 9.833083e-01 0.655259 0.109037 9.690134e-01
0.697125 0.094465 9.792352e-01 0.591591 0.123031 9.524286e-01
0.674234 0.098151 9.761113e-01 0.535658 0.132937 9.335955e-01
0.656661 0.100136 9.738476e-01 0.487449 0.139953 9.130765e-01
0.643106 0.101095 9.722543e-01 0.446192 0.145170 8.910702e-01
0.632555 0.101436 9.711596e-01 0.410910 0.149268 8.677596e-01
0.624255 0.101387 9.704382e-01 0.380663 0.152551 8.435467e-01
0.617657 0.101073 9.700033e-01 0.354640 0.155104 8.190678e-01
0.612361 0.100569 9.697926e-01 0.332159 0.156922 7.950710e-01
0.608070 0.099923 9.697580e-01 0.312658 0.157993 7.722645e-01
0.604563 0.099173 9.698604e-01 0.295667 0.158336 7.512068e-01
0.601673 0.098350 9.700667e-01 0.280798 0.158000 7.322580e-01
0.599272 0.097480 9.703492e-01 0.267721 0.157061 7.155819e-01
0.597260 0.096585 9.706845e-01 0.256160 0.155612 7.011776e-01
