1.491037 0.581307 8.506781e-01 0.697264 0.389999 7.345964e-01
1.257547 0.274336 9.479038e-01 0.895192 0.129508 9.763999e-01
1.104771 0.082739 9.935643e-01 0.982577 0.018309 9.995992e-01
1.046814 0.026474 9.992619e-01 0.998382 0.001954 9.999956e-01
1.018230 0.008266 9.999239e-01 0.997281 0.002429 9.999931e-01
0.997459 0.002981 9.999897e-01 0.990118 0.005791 9.999605e-01
0.979781 0.010286 9.998727e-01 0.978685 0.010712 9.998617e-01
0.964094 0.016545 9.996600e-01 0.963826 0.016631 9.996563e-01
0.950055 0.021697 9.993980e-01 0.946315 0.023054 9.993151e-01
0.937492 0.025889 9.991201e-01 0.926878 0.029562 9.988266e-01
0.926272 0.029251 9.988497e-01 0.906154 0.035831 9.981975e-01
0.916269 0.031905 9.986018e-01 0.884677 0.041638 9.974483e-01
0.907355 0.033964 9.983845e-01 0.862863 0.046849 9.966071e-01
0.899407 0.035533 9.982007e-01 0.841027 0.051411 9.957032e-01
0.892306 0.036706 9.980496e-01 0.819390 0.055336 9.947607e-01
0.885947 0.037564 9.979281e-01 0.798103 0.058690 9.937938e-01
0.880232 0.038180 9.978320e-01 0.777259 0.061573 9.928048e-01
0.875078 0.038612 9.977566e-01 0.756914 0.064111 9.917831e-01
0.870412 0.038910 9.976975e-01 0.737095 0.066433 9.907063e-01
0.866171 0.039113 9.976507e-01 0.717808 0.068661 9.895440e-01
0.862302 0.039252 9.976128e-01 0.699052 0.070899 9.882602e-01
0.858759 0.039349 9.975812e-01 0.680815 0.073220 9.868184e-01
0.855504 0.039420 9.975540e-01 0.663083 0.075667 9.851844e-01
0.852505 0.039477 9.975297e-01 0.645841 0.078250 9.833296e-01
0.849732 0.039527 9.975073e-01 0.629073 0.080956 9.812329e-01
0.847164 0.039574 9.974862e-01 0.612766 0.083752 9.788821e-01
0.844778 0.039621 9.974661e-01 0.596907 0.086592 9.762734e-01
0.842558 0.039667 9.974468e-01 0.581482 0.089428 9.734115e-01
0.840489 0.039714 9.974282e-01 0.566482 0.092212 9.703081e-01
0.838556 0.039760 9.974104e-01 0.551898 0.094901 9.669806e-01
0.836750 0.039805 9.973934e-01 0.537720 0.097459 9.634505e-01
0.835059 0.039848 9.973772e-01 0.523941 0.099855 9.597421e-01
0.833475 0.039889 9.973619e-01 0.510555 0.102068 9.558811e-01
0.831988 0.039926 9.973475e-01 0.497554 0.104085 9.518932e-01
0.830594 0.039960 9.973342e-01 0.484933 0.105896 9.478038e-01
0.829284 0.039990 9.973218e-01 0.472686 0.107499 9.436368e-01
0.828052 0.040015 9.973104e-01 0.460807 0.108896 9.394143e-01
0.826895 0.040037 9.972999e-01 0.449290 0.110092 9.351565e-01
0.825806 0.040055 9.972904e-01 0.438128 0.111094 9.308812e-01
0.824781 0.040068 9.972819e-01 0.427315 0.111911 9.266043e-01
0.823815 0.040078 9.972742e-01 0.416846 0.112556 9.223393e-01
0.822906 0.040085 9.972673e-01 0.406712 0.113039 9.180976e-01
0.822050 0.040087 9.972613e-01 0.396907 0.113373 9.138888e-01
0.821243 0.040087 9.972560e-01 0.387423 0.113570 9.097204e-01
0.820482 0.040083 9.972513e-01 0.378254 0.113643 9.055985e-01
0.819764 0.040077 9.972474e-01 0.369391 0.113604 9.015273e-01
0.819087 0.040068 9.972441e-01 0.360826 0.113464 8.975097e-01
0.818448 0.040057 9.972413e-01 0.352551 0.113235 8.935473e-01
0.817845 0.040044 9.972390e-01 0.344558 0.112927 8.896403e-01
0.817275 0.040029 9.972373e-01 0.336839 0.112551 8.857878e-01
0.816736 0.040012 9.972359e-01 0.329385 0.112117 8.819878e-01
0.816228 0.039994 9.972350e-01 0.322187 0.111634 8.782372e-01
0.815747 0.039975 9.972344e-01 0.315238 0.111110 8.745322e-01
0.815292 0.039954 9.972342e-01 0.308529 0.110554 8.708679e-01
0.814862 0.039932 9.972343e-01 0.302052 0.109973 8.672389e-01
0.814454 0.039910 9.972346e-01 0.295799 0.109374 8.636389e-01
0.814068 0.039887 9.972352e-01 0.289761 0.108763 8.600609e-01
0.813703 0.039863 9.972360e-01 0.283932 0.108148 8.564977e-01
0.813356 0.039839 9.972370e-01 0.278302 0.107532 8.529413e-01
0.813028 0.039814 9.972382e-01 0.272864 0.106922 8.493835e-01
0.812716 0.039790 9.972395e-01 0.267612 0.106323 8.458159e-01
0.812420 0.039765 9.972409e-01 0.262538 0.105737 8.422298e-01
0.812139 0.039740 9.972425e-01 0.257635 0.105170 8.386164e-01
0.811872 0.039715 9.972442e-01 0.252897 0.104624 8.349671e-01
0.811618 0.039690 9.972459e-01 0.248316 0.104103 8.312732e-01
0.811377 0.039665 9.972477e-01 0.243887 0.103609 8.275264e-01
0.811147 0.039640 9.972496e-01 0.239603 0.103144 8.237184e-01
0.810929 0.039616 9.972515e-01 0.235459 0.102711 8.198417e-01
0.810720 0.039592 9.972534e-01 0.231449 0.102310 8.158890e-01
0.810522 0.039568 9.972554e-01 0.227568 0.101943 8.118535e-01
0.810332 0.039544 9.972574e-01 0.223810 0.101611 8.077293e-01
0.810152 0.039521 9.972594e-01 0.220170 0.101314 8.035108e-01
0.809979 0.039498 9.972614e-01 0.216644 0.101053 7.991935e-01
0.809815 0.039475 9.972634e-01 0.213227 0.100827 7.947735e-01
0.809657 0.039453 9.972654e-01 0.209915 0.100636 7.902476e-01
0.809507 0.039431 9.972674e-01 0.206703 0.100480 7.856137e-01
0.809363 0.039410 9.972694e-01 0.203587 0.100357 7.808702e-01
0.809225 0.039389 9.972714e-01 0.200564 0.100268 7.760167e-01
0.809093 0.039368 9.972733e-01 0.197630 0.100211 7.710533e-01
0.808967 0.039348 9.972752e-01 0.194781 0.100184 7.659812e-01
0.808846 0.039328 9.972772e-01 0.192013 0.100187 7.608022e-01
0.808730 0.039309 9.972791e-01 0.189325 0.100218 7.555190e-01
0.808618 0.039290 9.972809e-01 0.186712 0.100275 7.501349e-01
0.808511 0.039272 9.972828e-01 0.184171 0.100357 7.446539e-01
0.808409 0.039253 9.972846e-01 0.181700 0.100462 7.390806e-01
0.808310 0.039236 9.972864e-01 0.179296 0.100588 7.334201e-01
0.808215 0.039218 9.972882e-01 0.176957 0.100734 7.276781e-01
