1.790206 0.740327 8.350734e-01 0.704920 0.308897 8.184956e-01
1.380655 0.304641 9.467678e-01 0.933023 0.071161 9.933270e-01
1.166164 0.059528 9.969999e-01 0.991624 0.003905 9.999821e-01
1.068169 0.020488 9.995753e-01 0.987899 0.004806 9.999727e-01
0.991243 0.003255 9.999875e-01 0.961110 0.012784 9.997957e-01
0.918538 0.028201 9.989126e-01 0.913979 0.029881 9.987672e-01
0.853633 0.052854 9.955922e-01 0.852579 0.053207 9.955225e-01
0.800484 0.072304 9.906659e-01 0.786458 0.077377 9.889446e-01
0.759477 0.085961 9.854212e-01 0.723180 0.098449 9.790466e-01
0.728620 0.094951 9.807651e-01 0.666316 0.115116 9.666788e-01
0.705381 0.100730 9.769915e-01 0.616514 0.127806 9.527171e-01
0.687619 0.104454 9.740430e-01 0.573113 0.137508 9.376631e-01
0.673780 0.106884 9.717592e-01 0.535136 0.145138 9.217023e-01
0.662790 0.108488 9.699877e-01 0.501680 0.151350 9.048884e-01
0.653918 0.109544 9.686090e-01 0.472005 0.156560 8.872681e-01
0.646655 0.110228 9.675339e-01 0.445527 0.161020 8.689249e-01
0.640634 0.110651 9.666953e-01 0.421775 0.164889 8.499775e-01
0.635591 0.110890 9.660413e-01 0.400361 0.168270 8.305639e-01
0.631324 0.110999 9.655317e-01 0.380967 0.171234 8.108264e-01
0.627683 0.111015 9.651347e-01 0.363321 0.173837 7.909008e-01
0.624550 0.110967 9.648258e-01 0.347196 0.176122 7.709112e-01
0.621833 0.110875 9.645854e-01 0.332399 0.178121 7.509670e-01
0.619461 0.110753 9.643986e-01 0.318766 0.179866 7.311625e-01
0.617376 0.110613 9.642537e-01 0.306158 0.181380 7.115761e-01
