-25.000000 2.413965 -62.763085 0.635212 9.259558e-01
-24.700000 2.412835 -62.009861 0.634912 9.259564e-01
-24.400000 2.411678 -61.256633 0.634605 9.259571e-01
-24.100000 2.410494 -60.503402 0.634290 9.259578e-01
-23.800000 2.409281 -59.750168 0.633967 9.259585e-01
-23.500000 2.408038 -58.996930 0.633637 9.259593e-01
-23.200000 2.406764 -58.243688 0.633298 9.259602e-01
-22.900000 2.405458 -57.490443 0.632950 9.259611e-01
-22.600000 2.404118 -56.737193 0.632593 9.259621e-01
-22.300000 2.402744 -55.983938 0.632226 9.259631e-01
-22.000000 2.401334 -55.230679 0.631850 9.259643e-01
-21.700000 2.399886 -54.477415 0.631463 9.259655e-01
-21.400000 2.398399 -53.724146 0.631066 9.259668e-01
-21.100000 2.396872 -52.970872 0.630658 9.259682e-01
-20.800000 2.395302 -52.217591 0.630238 9.259697e-01
-20.500000 2.393689 -51.464305 0.629806 9.259713e-01
-20.200000 2.392029 -50.711012 0.629361 9.259730e-01
-19.900000 2.390321 -49.957712 0.628904 9.259748e-01
-19.600000 2.388563 -49.204405 0.628432 9.259768e-01
-19.300000 2.386753 -48.451090 0.627946 9.259790e-01
-19.000000 2.384888 -47.697768 0.627445 9.259813e-01
-18.700000 2.382966 -46.944437 0.626928 9.259837e-01
-18.400000 2.380984 -46.191098 0.626394 9.259864e-01
-18.100000 2.378940 -45.437750 0.625843 9.259892e-01
-17.800000 2.376829 -44.684391 0.625274 9.259923e-01
-17.500000 2.374650 -43.931023 0.624686 9.259956e-01
-17.200000 2.372398 -43.177644 0.624077 9.259992e-01
-16.900000 2.370070 -42.424253 0.623447 9.260030e-01
-16.600000 2.367662 -41.670851 0.622795 9.260072e-01
-16.300000 2.365170 -40.917437 0.622119 9.260116e-01
-16.000000 2.362589 -40.164009 0.621419 9.260164e-01
-15.700000 2.359914 -39.410568 0.620692 9.260216e-01
-15.400000 2.357141 -38.657113 0.619937 9.260272e-01
-15.100000 2.354264 -37.903642 0.619153 9.260332e-01
-14.800000 2.351276 -37.150156 0.618338 9.260397e-01
-14.500000 2.348171 -36.396654 0.617490 9.260468e-01
-14.200000 2.344943 -35.643134 0.616606 9.260544e-01
-13.900000 2.341584 -34.889597 0.615686 9.260626e-01
-13.600000 2.338085 -34.136040 0.614726 9.260715e-01
-13.300000 2.334438 -33.382464 0.613724 9.260812e-01
-13.000000 2.330633 -32.628868 0.612677 9.260916e-01
-12.700000 2.326661 -31.875250 0.611582 9.261030e-01
-12.400000 2.322508 -31.121609 0.610436 9.261153e-01
-12.100000 2.318164 -30.367945 0.609234 9.261286e-01
-11.800000 2.313614 -29.614257 0.607974 9.261431e-01
-11.500000 2.308843 -28.860544 0.606650 9.261589e-01
-11.200000 2.303836 -28.106803 0.605259 9.261761e-01
-10.900000 2.298574 -27.353036 0.603793 9.261949e-01
-10.600000 2.293038 -26.599239 0.602249 9.262154e-01
-10.300000 2.287205 -25.845412 0.600618 9.262378e-01
-10.000000 2.281050 -25.091554 0.598895 9.262623e-01
-9.700000 2.274548 -24.337663 0.597070 9.262892e-01
-9.400000 2.267667 -23.583737 0.595135 9.263187e-01
-9.100000 2.260374 -22.829776 0.593079 9.263512e-01
-8.800000 2.252630 -22.075776 0.590892 9.263871e-01
-8.500000 2.244393 -21.321737 0.588560 9.264269e-01
-8.200000 2.235615 -20.567657 0.586068 9.264710e-01
-7.900000 2.226240 -19.813532 0.583400 9.265202e-01
-7.600000 2.216205 -19.059360 0.580536 9.265751e-01
-7.300000 2.205438 -18.305137 0.577453 9.266368e-01
-7.000000 2.193858 -17.550861 0.574127 9.267065e-01
-6.700000 2.181367 -16.796526 0.570526 9.267854e-01
-6.400000 2.167855 -16.042128 0.566616 9.268755e-01
-6.100000 2.153192 -15.287661 0.562353 9.269790e-01
-5.800000 2.137223 -14.533116 0.557689 9.270988e-01
-5.500000 2.119767 -13.778487 0.552562 9.272386e-01
-5.200000 2.100607 -13.023763 0.546899 9.274031e-01
-4.900000 2.079480 -12.268934 0.540612 9.275987e-01
-4.600000 2.056069 -11.513987 0.533590 9.278337e-01
-4.300000 2.029983 -10.758912 0.525696 9.281192e-01
-4.000000 2.000740 -10.003700 0.516759 9.284701e-01
-3.700000 1.967734 -9.248349 0.506561 9.289070e-01
-3.400000 1.930198 -8.492870 0.494821 9.294582e-01
-3.100000 1.887147 -7.737303 0.481175 9.301641e-01
-2.800000 1.837301 -6.981745 0.465139 9.310843e-01
-2.500000 1.778973 -6.226405 0.446046 9.323126e-01
-2.200000 1.709928 -5.471770 0.422934 9.340118e-01
-1.900000 1.627267 -4.719074 0.394269 9.365101e-01
-1.600000 1.527665 -3.971929 0.357231 9.406018e-01
-1.300000 1.409275 -3.241333 0.305799 9.484286e-01
-1.000000 1.277528 -2.555057 0.228744 9.642978e-01
-0.700000 1.151803 -1.958064 0.123664 9.868625e-01
-0.400000 1.060917 -1.485284 0.036563 9.986302e-01
-0.100000 1.007491 -1.108240 0.005160 9.999697e-01
0.200000 0.967832 -0.774266 0.011051 9.998495e-01
0.500000 0.930978 -0.465489 0.023598 9.992585e-01
0.800000 0.895743 -0.179149 0.036618 9.980737e-01
1.100000 13.777992 1.377799 0.941618 9.946350e-01
1.400000 0.835551 0.334221 0.059635 9.941517e-01
1.700000 0.811329 0.567930 0.068173 9.919123e-01
2.000000 0.790923 0.790923 0.074933 9.897405e-01
2.300000 0.773740 1.005862 0.080230 9.877354e-01
2.600000 0.759186 1.214697 0.084393 9.859304e-01
2.900000 0.746750 1.418824 0.087694 9.843235e-01
3.200000 0.736022 1.619249 0.090344 9.828980e-01
3.500000 0.726684 1.816709 0.092497 9.816332e-01
3.800000 0.718486 2.011760 0.094266 9.805083e-01
4.100000 0.711234 2.204826 0.095735 9.795050e-01
4.400000 0.704776 2.396238 0.096966 9.786070e-01
4.700000 0.698989 2.586258 0.098007 9.778004e-01
5.000000 0.693774 2.775095 0.098892 9.770733e-01
5.300000 0.689051 2.962919 0.099652 9.764154e-01
5.600000 0.684754 3.149867 0.100308 9.758180e-01
5.900000 0.680827 3.336053 0.100877 9.752737e-01
6.200000 0.677225 3.521572 0.101374 9.747760e-01
6.500000 0.673910 3.706503 0.101810 9.743195e-01
6.800000 0.670847 3.890912 0.102195 9.738996e-01
7.100000 0.668009 4.074856 0.102535 9.735120e-01
7.400000 0.665372 4.258384 0.102839 9.731534e-01
7.700000 0.662916 4.441537 0.103109 9.728207e-01
8.000000 0.660622 4.624352 0.103352 9.725114e-01
8.300000 0.658474 4.806859 0.103571 9.722230e-01
8.600000 0.656459 4.989088 0.103767 9.719536e-01
8.900000 0.654565 5.171061 0.103945 9.717015e-01
9.200000 0.652781 5.352802 0.104107 9.714651e-01
9.500000 0.651097 5.534328 0.104254 9.712430e-01
9.800000 0.649506 5.715656 0.104387 9.710341e-01
10.100000 0.648000 5.896803 0.104509 9.708372e-01
10.400000 0.646573 6.077782 0.104621 9.706514e-01
10.700000 0.645217 6.258606 0.104723 9.704758e-01
11.000000 0.643928 6.439285 0.104816 9.703097e-01
11.300000 0.642702 6.619830 0.104902 9.701523e-01
11.600000 0.641533 6.800249 0.104981 9.700030e-01
11.900000 0.640418 6.980553 0.105053 9.698613e-01
12.200000 0.639352 7.160747 0.105120 9.697266e-01
12.500000 0.638334 7.340840 0.105181 9.695985e-01
12.800000 0.637359 7.520838 0.105237 9.694765e-01
13.100000 0.636425 7.700747 0.105290 9.693602e-01
13.400000 0.635530 7.880571 0.105338 9.692493e-01
13.700000 0.634671 8.060318 0.105382 9.691434e-01
14.000000 0.633845 8.239990 0.105423 9.690423e-01
14.300000 0.633052 8.419593 0.105460 9.689456e-01
14.600000 0.632289 8.599131 0.105495 9.688531e-01
14.900000 0.631554 8.778607 0.105527 9.687645e-01
15.200000 0.630847 8.958025 0.105556 9.686797e-01
15.500000 0.630165 9.137388 0.105584 9.685983e-01
15.800000 0.629507 9.316700 0.105608 9.685203e-01
16.100000 0.628872 9.495962 0.105631 9.684455e-01
16.400000 0.628258 9.675179 0.105652 9.683736e-01
16.700000 0.627666 9.854352 0.105672 9.683046e-01
17.000000 0.627093 10.033483 0.105689 9.682382e-01
17.300000 0.626538 10.212576 0.105705 9.681744e-01
17.600000 0.626002 10.391631 0.105720 9.681130e-01
17.900000 0.625482 10.570652 0.105733 9.680540e-01
18.200000 0.624979 10.749639 0.105745 9.679971e-01
18.500000 0.624491 10.928595 0.105756 9.679423e-01
18.800000 0.624018 11.107521 0.105766 9.678895e-01
19.100000 0.623559 11.286419 0.105775 9.678385e-01
19.400000 0.623114 11.465290 0.105782 9.677894e-01
19.700000 0.622681 11.644136 0.105789 9.677421e-01
20.000000 0.622261 11.822957 0.105795 9.676964e-01
20.300000 0.621853 12.001756 0.105801 9.676522e-01
20.600000 0.621456 12.180532 0.105805 9.676096e-01
20.900000 0.621070 12.359289 0.105809 9.675684e-01
21.200000 0.620694 12.538025 0.105812 9.675286e-01
21.500000 0.620329 12.716743 0.105814 9.674902e-01
21.800000 0.619973 12.895443 0.105816 9.674530e-01
22.100000 0.619627 13.074127 0.105817 9.674170e-01
22.400000 0.619289 13.252794 0.105818 9.673822e-01
22.700000 0.618961 13.431447 0.105818 9.673486e-01
23.000000 0.618640 13.610084 0.105818 9.673160e-01
23.300000 0.618328 13.788709 0.105817 9.672844e-01
23.600000 0.618023 13.967320 0.105816 9.672539e-01
23.900000 0.617726 14.145919 0.105815 9.672243e-01
24.200000 0.617436 14.324506 0.105813 9.671957e-01
24.500000 0.617152 14.503081 0.105810 9.671679e-01
24.800000 0.616876 14.681646 0.105808 9.671410e-01
