-25.000000 1.574720 -40.942731 0.279470 9.649028e-01
-24.700000 1.574004 -40.451905 0.279339 9.649039e-01
-24.400000 1.573271 -39.961074 0.279204 9.649051e-01
-24.100000 1.572519 -39.470239 0.279065 9.649064e-01
-23.800000 1.571750 -38.979399 0.278923 9.649078e-01
-23.500000 1.570961 -38.488555 0.278776 9.649094e-01
-23.200000 1.570153 -37.997706 0.278626 9.649111e-01
-22.900000 1.569324 -37.506852 0.278471 9.649130e-01
-22.600000 1.568474 -37.015994 0.278311 9.649151e-01
-22.300000 1.567602 -36.525130 0.278147 9.649173e-01
-22.000000 1.566707 -36.034261 0.277978 9.649198e-01
-21.700000 1.565788 -35.543387 0.277804 9.649226e-01
-21.400000 1.564844 -35.052507 0.277624 9.649256e-01
-21.100000 1.563874 -34.561621 0.277439 9.649289e-01
-20.800000 1.562878 -34.070730 0.277247 9.649325e-01
-20.500000 1.561853 -33.579833 0.277049 9.649364e-01
-20.200000 1.560799 -33.088930 0.276844 9.649407e-01
-19.900000 1.559714 -32.598022 0.276633 9.649455e-01
-19.600000 1.558597 -32.107107 0.276413 9.649506e-01
-19.300000 1.557448 -31.616186 0.276186 9.649563e-01
-19.000000 1.556263 -31.125258 0.275951 9.649625e-01
-18.700000 1.555042 -30.634325 0.275707 9.649693e-01
-18.400000 1.553783 -30.143385 0.275453 9.649768e-01
-18.100000 1.552484 -29.652438 0.275189 9.649850e-01
-17.800000 1.551143 -29.161485 0.274915 9.649940e-01
-17.500000 1.549758 -28.670526 0.274630 9.650038e-01
-17.200000 1.548328 -28.179561 0.274332 9.650147e-01
-16.900000 1.546849 -27.688589 0.274022 9.650266e-01
-16.600000 1.545319 -27.197612 0.273698 9.650397e-01
-16.300000 1.543736 -26.706628 0.273359 9.650541e-01
-16.000000 1.542096 -26.215639 0.273004 9.650699e-01
-15.700000 1.540398 -25.724644 0.272633 9.650874e-01
-15.400000 1.538637 -25.233645 0.272243 9.651067e-01
-15.100000 1.536810 -24.742640 0.271834 9.651279e-01
-14.800000 1.534913 -24.251632 0.271404 9.651514e-01
-14.500000 1.532943 -23.760620 0.270951 9.651774e-01
-14.200000 1.530895 -23.269605 0.270473 9.652062e-01
-13.900000 1.528764 -22.778588 0.269969 9.652380e-01
-13.600000 1.526546 -22.287570 0.269435 9.652733e-01
-13.300000 1.524234 -21.796551 0.268870 9.653125e-01
-13.000000 1.521824 -21.305534 0.268270 9.653560e-01
-12.700000 1.519308 -20.814520 0.267633 9.654044e-01
-12.400000 1.516680 -20.323510 0.266954 9.654583e-01
-12.100000 1.513932 -19.832505 0.266230 9.655184e-01
-11.800000 1.511055 -19.341509 0.265457 9.655854e-01
-11.500000 1.508042 -18.850523 0.264629 9.656602e-01
-11.200000 1.504881 -18.359551 0.263741 9.657440e-01
-10.900000 1.501563 -17.868594 0.262786 9.658377e-01
-10.600000 1.498074 -17.377657 0.261758 9.659427e-01
-10.300000 1.494402 -16.886742 0.260648 9.660606e-01
-10.000000 1.490532 -16.395855 0.259448 9.661930e-01
-9.700000 1.486448 -15.904999 0.258147 9.663419e-01
-9.400000 1.482133 -15.414180 0.256734 9.665094e-01
-9.100000 1.477565 -14.923403 0.255195 9.666982e-01
-8.800000 1.472722 -14.432675 0.253516 9.669112e-01
-8.500000 1.467579 -13.942002 0.251680 9.671516e-01
-8.200000 1.462108 -13.451393 0.249668 9.674233e-01
-7.900000 1.456276 -12.960855 0.247457 9.677305e-01
-7.600000 1.450046 -12.470400 0.245023 9.680784e-01
-7.300000 1.443378 -11.980036 0.242337 9.684725e-01
-7.000000 1.436222 -11.489779 0.239365 9.689194e-01
-6.700000 1.428525 -10.999641 0.236070 9.694266e-01
-6.400000 1.420222 -10.509641 0.232407 9.700026e-01
-6.100000 1.411239 -10.019799 0.228326 9.706574e-01
-5.800000 1.401492 -9.530143 0.223766 9.714023e-01
-5.500000 1.390878 -9.040704 0.218659 9.722503e-01
-5.200000 1.379279 -8.551528 0.212923 9.732161e-01
-4.900000 1.366555 -8.062675 0.206462 9.743166e-01
-4.600000 1.352541 -7.574232 0.199166 9.755707e-01
-4.300000 1.337042 -7.086325 0.190901 9.769991e-01
-4.000000 1.319829 -6.599146 0.181518 9.786232e-01
-3.700000 1.300639 -6.113001 0.170844 9.804638e-01
-3.400000 1.279178 -5.628384 0.158697 9.825359e-01
-3.100000 1.255153 -5.146129 0.144906 9.848411e-01
-2.800000 1.228331 -4.667657 0.129366 9.873524e-01
-2.500000 1.198684 -4.195394 0.112148 9.899923e-01
-2.200000 1.166652 -3.733285 0.093661 9.926119e-01
-1.900000 1.133468 -3.287057 0.074787 9.949976e-01
-1.600000 1.101252 -2.863255 0.056768 9.969407e-01
-1.300000 1.072400 -2.466520 0.040737 9.983364e-01
-1.000000 1.048461 -2.096923 0.027306 9.992173e-01
-0.700000 1.029577 -1.750281 0.016562 9.997013e-01
-0.400000 1.014903 -1.420865 0.008218 9.999243e-01
-0.100000 1.003336 -1.103670 0.001799 9.999963e-01
0.200000 0.993934 -0.795147 0.003186 9.999881e-01
0.500000 0.986025 -0.493012 0.007142 9.999394e-01
0.800000 0.979161 -0.195832 0.010365 9.998706e-01
1.100000 16.197188 1.619719 1.927632 9.839066e-01
1.400000 0.967544 0.387018 0.015392 9.997078e-01
1.700000 0.962463 0.673724 0.017428 9.996215e-01
2.000000 0.957746 0.957746 0.019249 9.995338e-01
2.300000 0.953329 1.239328 0.020901 9.994452e-01
2.600000 0.949170 1.518671 0.022419 9.993562e-01
2.900000 0.945234 1.795944 0.023827 9.992667e-01
3.200000 0.941496 2.071291 0.025144 9.991770e-01
3.500000 0.937937 2.344842 0.026384 9.990870e-01
3.800000 0.934540 2.616711 0.027558 9.989968e-01
4.100000 0.931292 2.887006 0.028672 9.989066e-01
4.400000 0.928184 3.155826 0.029734 9.988163e-01
4.700000 0.925206 3.423263 0.030747 9.987262e-01
5.000000 0.922351 3.689405 0.031715 9.986365e-01
5.300000 0.919613 3.954335 0.032641 9.985472e-01
5.600000 0.916986 4.218134 0.033526 9.984587e-01
5.900000 0.914465 4.480877 0.034371 9.983712e-01
6.200000 0.912046 4.742638 0.035179 9.982848e-01
6.500000 0.909724 5.003484 0.035949 9.981999e-01
6.800000 0.907497 5.263483 0.036683 9.981166e-01
7.100000 0.905360 5.522697 0.037381 9.980351e-01
7.400000 0.903310 5.781184 0.038044 9.979558e-01
7.700000 0.901343 6.039000 0.038673 9.978786e-01
8.000000 0.899457 6.296196 0.039268 9.978037e-01
8.300000 0.897646 6.552819 0.039831 9.977314e-01
8.600000 0.895910 6.808915 0.040363 9.976615e-01
8.900000 0.894243 7.064523 0.040864 9.975942e-01
9.200000 0.892644 7.319683 0.041337 9.975296e-01
9.500000 0.891109 7.574427 0.041782 9.974676e-01
9.800000 0.889635 7.828788 0.042200 9.974082e-01
10.100000 0.888219 8.082795 0.042593 9.973514e-01
10.400000 0.886859 8.336474 0.042962 9.972972e-01
10.700000 0.885551 8.589847 0.043309 9.972454e-01
11.000000 0.884294 8.842939 0.043634 9.971960e-01
11.300000 0.883084 9.095767 0.043940 9.971490e-01
11.600000 0.881920 9.348350 0.044226 9.971042e-01
11.900000 0.880799 9.600705 0.044494 9.970616e-01
12.200000 0.879718 9.852845 0.044746 9.970211e-01
12.500000 0.878677 10.104786 0.044982 9.969826e-01
12.800000 0.877673 10.356538 0.045204 9.969459e-01
13.100000 0.876704 10.608114 0.045411 9.969111e-01
13.400000 0.875768 10.859523 0.045606 9.968780e-01
13.700000 0.874864 11.110776 0.045789 9.968465e-01
14.000000 0.873991 11.361880 0.045961 9.968165e-01
14.300000 0.873146 11.612844 0.046122 9.967880e-01
14.600000 0.872329 11.863675 0.046274 9.967609e-01
14.900000 0.871538 12.114381 0.046416 9.967351e-01
15.200000 0.870772 12.364966 0.046550 9.967105e-01
15.500000 0.870030 12.615438 0.046676 9.966871e-01
15.800000 0.869311 12.865801 0.046795 9.966648e-01
16.100000 0.868613 13.116060 0.046907 9.966435e-01
16.400000 0.867936 13.366221 0.047012 9.966232e-01
16.700000 0.867280 13.616288 0.047112 9.966038e-01
17.000000 0.866642 13.866265 0.047206 9.965853e-01
17.300000 0.866022 14.116155 0.047295 9.965676e-01
17.600000 0.865419 14.365963 0.047378 9.965507e-01
17.900000 0.864834 14.615691 0.047458 9.965345e-01
18.200000 0.864264 14.865344 0.047533 9.965190e-01
18.500000 0.863710 15.114924 0.047604 9.965041e-01
18.800000 0.863170 15.364433 0.047671 9.964899e-01
19.100000 0.862645 15.613876 0.047736 9.964762e-01
19.400000 0.862133 15.863254 0.047796 9.964631e-01
19.700000 0.861635 16.112570 0.047854 9.964505e-01
20.000000 0.861149 16.361826 0.047909 9.964383e-01
20.300000 0.860675 16.611025 0.047961 9.964267e-01
20.600000 0.860213 16.860168 0.048011 9.964154e-01
20.900000 0.859762 17.109258 0.048058 9.964046e-01
21.200000 0.859322 17.358296 0.048104 9.963942e-01
21.500000 0.858892 17.607285 0.048147 9.963841e-01
21.800000 0.858472 17.856226 0.048188 9.963744e-01
22.100000 0.858063 18.105122 0.048228 9.963651e-01
22.400000 0.857662 18.353972 0.048265 9.963560e-01
22.700000 0.857271 18.602780 0.048302 9.963472e-01
23.000000 0.856888 18.851547 0.048336 9.963388e-01
23.300000 0.856515 19.100273 0.048369 9.963306e-01
23.600000 0.856149 19.348961 0.048401 9.963226e-01
23.900000 0.855791 19.597612 0.048432 9.963149e-01
24.200000 0.855441 19.846227 0.048461 9.963075e-01
24.500000 0.855098 20.094807 0.048489 9.963002e-01
24.800000 0.854763 20.343353 0.048516 9.962932e-01
