1.453540 0.262654 9.636617e-01 0.525330 0.292848 7.359019e-01
1.369046 0.210835 9.733412e-01 0.672781 0.196103 9.106495e-01
1.275841 0.156445 9.829321e-01 0.807927 0.112278 9.781834e-01
1.190643 0.108407 9.905171e-01 0.906280 0.054468 9.958459e-01
1.123620 0.070365 9.954914e-01 0.963747 0.021209 9.994410e-01
1.075301 0.042278 9.982180e-01 0.990744 0.005416 9.999655e-01
1.041287 0.022427 9.994646e-01 0.999541 0.000264 9.999999e-01
1.016773 0.008580 9.999178e-01 0.998502 0.000834 9.999992e-01
0.998236 0.001239 9.999982e-01 0.992130 0.004186 9.999794e-01
0.983462 0.008412 9.999155e-01 0.982602 0.008803 9.999073e-01
0.971138 0.013901 9.997634e-01 0.970944 0.013983 9.997605e-01
0.960493 0.018278 9.995820e-01 0.957673 0.019433 9.995247e-01
0.951060 0.021907 9.993876e-01 0.943078 0.025043 9.991863e-01
0.942550 0.025015 9.991872e-01 0.927355 0.030783 9.987291e-01
0.934775 0.027750 9.989833e-01 0.910655 0.036657 9.981323e-01
0.927607 0.030208 9.987767e-01 0.893107 0.042684 9.973691e-01
0.920958 0.032456 9.985677e-01 0.874833 0.048892 9.964060e-01
0.914762 0.034539 9.983563e-01 0.855946 0.055310 9.952011e-01
0.908972 0.036487 9.981427e-01 0.836560 0.061962 9.937043e-01
0.903551 0.038319 9.979272e-01 0.816783 0.068864 9.918577e-01
0.898472 0.040050 9.977106e-01 0.796727 0.076014 9.895971e-01
0.893711 0.041684 9.974940e-01 0.776502 0.083395 9.868545e-01
0.889250 0.043225 9.972788e-01 0.756214 0.090971 9.835621e-01
0.885075 0.044673 9.970666e-01 0.735972 0.098691 9.796561e-01
0.881172 0.046025 9.968593e-01 0.715877 0.106492 9.750816e-01
0.877528 0.047280 9.966588e-01 0.696025 0.114300 9.697972e-01
0.874133 0.048436 9.964668e-01 0.676507 0.122041 9.637784e-01
0.870974 0.049492 9.962850e-01 0.657403 0.129640 9.570206e-01
0.868041 0.050446 9.961149e-01 0.638781 0.137027 9.495402e-01
0.865321 0.051301 9.959575e-01 0.620700 0.144140 9.413740e-01
0.862803 0.052057 9.958136e-01 0.603205 0.150925 9.325779e-01
0.860475 0.052720 9.956837e-01 0.586331 0.157341 9.232230e-01
0.858325 0.053292 9.955678e-01 0.570099 0.163357 9.133922e-01
0.856340 0.053780 9.954658e-01 0.554521 0.168951 9.031756e-01
0.854508 0.054188 9.953774e-01 0.539599 0.174114 8.926660e-01
0.852819 0.054524 9.953017e-01 0.525327 0.178841 8.819550e-01
0.851260 0.054793 9.952381e-01 0.511692 0.183139 8.711296e-01
0.849822 0.055002 9.951857e-01 0.498675 0.187018 8.602697e-01
0.848493 0.055157 9.951436e-01 0.486255 0.190493 8.494459e-01
0.847265 0.055264 9.951107e-01 0.474404 0.193584 8.387189e-01
0.846128 0.055329 9.950862e-01 0.463096 0.196312 8.281386e-01
0.845075 0.055357 9.950690e-01 0.452301 0.198700 8.177445e-01
0.844097 0.055353 9.950583e-01 0.441991 0.200772 8.075663e-01
0.843189 0.055322 9.950533e-01 0.432136 0.202553 7.976243e-01
0.842343 0.055268 9.950531e-01 0.422707 0.204067 7.879310e-01
0.841554 0.055193 9.950571e-01 0.413678 0.205338 7.784914e-01
0.840817 0.055103 9.950646e-01 0.405022 0.206389 7.693047e-01
0.840128 0.055000 9.950750e-01 0.396714 0.207243 7.603654e-01
0.839481 0.054886 9.950878e-01 0.388732 0.207920 7.516637e-01
0.838874 0.054763 9.951025e-01 0.381053 0.208440 7.431871e-01
0.838303 0.054634 9.951188e-01 0.373657 0.208823 7.349210e-01
0.837765 0.054501 9.951362e-01 0.366526 0.209084 7.268494e-01
0.837257 0.054365 9.951545e-01 0.359643 0.209240 7.189557e-01
0.836776 0.054227 9.951734e-01 0.352991 0.209305 7.112230e-01
0.836322 0.054089 9.951927e-01 0.346557 0.209292 7.036349e-01
