-25.000000 1.529085 -39.756202 0.333533 9.479156e-01
-24.700000 1.528370 -39.279106 0.333362 9.479200e-01
-24.400000 1.527638 -38.802014 0.333186 9.479247e-01
-24.100000 1.526890 -38.324928 0.333006 9.479297e-01
-23.800000 1.526123 -37.847847 0.332821 9.479350e-01
-23.500000 1.525338 -37.370772 0.332631 9.479406e-01
-23.200000 1.524533 -36.893703 0.332435 9.479466e-01
-22.900000 1.523709 -36.416641 0.332234 9.479530e-01
-22.600000 1.522864 -35.939587 0.332027 9.479599e-01
-22.300000 1.521997 -35.462541 0.331813 9.479671e-01
-22.000000 1.521109 -34.985505 0.331594 9.479749e-01
-21.700000 1.520197 -34.508477 0.331367 9.479832e-01
-21.400000 1.519262 -34.031461 0.331133 9.479921e-01
-21.100000 1.518301 -33.554456 0.330892 9.480016e-01
-20.800000 1.517315 -33.077463 0.330643 9.480117e-01
-20.500000 1.516302 -32.600484 0.330386 9.480226e-01
-20.200000 1.515260 -32.123520 0.330120 9.480342e-01
-19.900000 1.514190 -31.646571 0.329845 9.480467e-01
-19.600000 1.513089 -31.169639 0.329561 9.480600e-01
-19.300000 1.511957 -30.692726 0.329266 9.480744e-01
-19.000000 1.510792 -30.215833 0.328960 9.480898e-01
-18.700000 1.509592 -29.738961 0.328644 9.481064e-01
-18.400000 1.508356 -29.262113 0.328315 9.481243e-01
-18.100000 1.507083 -28.785290 0.327974 9.481435e-01
-17.800000 1.505771 -28.308494 0.327619 9.481642e-01
-17.500000 1.504418 -27.831728 0.327251 9.481866e-01
-17.200000 1.503022 -27.354994 0.326867 9.482107e-01
-16.900000 1.501581 -26.878294 0.326467 9.482367e-01
-16.600000 1.500093 -26.401631 0.326050 9.482649e-01
-16.300000 1.498555 -25.925009 0.325614 9.482953e-01
-16.000000 1.496967 -25.448431 0.325160 9.483283e-01
-15.700000 1.495323 -24.971899 0.324684 9.483641e-01
-15.400000 1.493623 -24.495419 0.324187 9.484028e-01
-15.100000 1.491863 -24.018993 0.323665 9.484450e-01
-14.800000 1.490040 -23.542626 0.323118 9.484908e-01
-14.500000 1.488150 -23.066324 0.322544 9.485406e-01
-14.200000 1.486190 -22.590091 0.321940 9.485948e-01
-13.900000 1.484157 -22.113932 0.321305 9.486540e-01
-13.600000 1.482045 -21.637854 0.320635 9.487185e-01
-13.300000 1.479851 -21.161863 0.319928 9.487890e-01
-13.000000 1.477569 -20.685966 0.319181 9.488662e-01
-12.700000 1.475195 -20.210170 0.318391 9.489506e-01
-12.400000 1.472723 -19.734484 0.317554 9.490431e-01
-12.100000 1.470146 -19.258915 0.316665 9.491447e-01
-11.800000 1.467459 -18.783474 0.315721 9.492562e-01
-11.500000 1.464654 -18.308170 0.314716 9.493789e-01
-11.200000 1.461722 -17.833014 0.313644 9.495141e-01
-10.900000 1.458657 -17.358017 0.312500 9.496630e-01
-10.600000 1.455448 -16.883191 0.311275 9.498275e-01
-10.300000 1.452084 -16.408551 0.309963 9.500093e-01
-10.000000 1.448555 -15.934109 0.308554 9.502106e-01
-9.700000 1.444849 -15.459882 0.307038 9.504337e-01
-9.400000 1.440951 -14.985886 0.305404 9.506813e-01
-9.100000 1.436845 -14.512138 0.303639 9.509566e-01
-8.800000 1.432516 -14.038658 0.301728 9.512631e-01
-8.500000 1.427944 -13.565465 0.299655 9.516049e-01
-8.200000 1.423107 -13.092583 0.297400 9.519867e-01
-7.900000 1.417981 -12.620035 0.294941 9.524138e-01
-7.600000 1.412540 -12.147848 0.292254 9.528927e-01
-7.300000 1.406753 -11.676051 0.289309 9.534305e-01
-7.000000 1.400584 -11.204675 0.286072 9.540358e-01
-6.700000 1.393994 -10.733757 0.282502 9.547185e-01
-6.400000 1.386937 -10.263336 0.278554 9.554902e-01
-6.100000 1.379360 -9.793457 0.274171 9.563649e-01
-5.800000 1.371202 -9.324172 0.269288 9.573586e-01
-5.500000 1.362391 -8.855540 0.263826 9.584907e-01
-5.200000 1.352844 -8.387630 0.257690 9.597840e-01
-4.900000 1.342462 -7.920524 0.250765 9.612656e-01
-4.600000 1.331129 -7.454320 0.242909 9.629674e-01
-4.300000 1.318705 -6.989138 0.233952 9.649266e-01
-4.000000 1.305026 -6.525131 0.223684 9.671854e-01
-3.700000 1.289894 -6.062504 0.211851 9.697897e-01
-3.400000 1.273079 -5.601545 0.198149 9.727846e-01
-3.100000 1.254318 -5.142704 0.182236 9.762032e-01
-2.800000 1.233349 -4.686725 0.163771 9.800441e-01
-2.500000 1.209981 -4.234934 0.142531 9.842281e-01
-2.200000 1.184281 -3.789701 0.118693 9.885327e-01
-1.900000 1.156878 -3.354945 0.093289 9.925465e-01
-1.600000 1.129165 -2.935829 0.068524 9.957650e-01
-1.300000 1.102800 -2.536440 0.047057 9.979017e-01
-1.000000 1.078494 -2.156989 0.030289 9.990899e-01
-0.700000 1.055533 -1.794407 0.017773 9.996727e-01
-0.400000 1.032426 -1.445396 0.008323 9.999249e-01
-0.100000 1.007473 -1.108220 0.001250 9.999982e-01
0.200000 0.978796 -0.783037 0.004948 9.999705e-01
0.500000 0.944245 -0.472123 0.009510 9.998829e-01
0.800000 0.901763 -0.180353 0.013779 9.997304e-01
1.100000 13.560764 1.356076 1.354724 9.886059e-01
1.400000 0.793809 0.317524 0.028405 9.985234e-01
1.700000 0.736979 0.515885 0.038987 9.967786e-01
2.000000 0.686134 0.686134 0.048755 9.942029e-01
2.300000 0.644090 0.837317 0.056217 9.912791e-01
2.600000 0.610717 0.977148 0.061304 9.884972e-01
2.900000 0.584548 1.110642 0.064554 9.861116e-01
3.200000 0.563935 1.240658 0.066540 9.841766e-01
3.500000 0.547493 1.368732 0.067701 9.826480e-01
3.800000 0.534172 1.495681 0.068334 9.814515e-01
4.100000 0.523206 1.621939 0.068634 9.805143e-01
4.400000 0.514043 1.747745 0.068725 9.797754e-01
4.700000 0.506280 1.873236 0.068685 9.791869e-01
5.000000 0.499623 1.998491 0.068566 9.787129e-01
5.300000 0.493851 2.123560 0.068400 9.783264e-01
5.600000 0.488799 2.248477 0.068208 9.780073e-01
5.900000 0.484339 2.373263 0.068003 9.777407e-01
6.200000 0.480372 2.497935 0.067795 9.775153e-01
6.500000 0.476819 2.622507 0.067588 9.773227e-01
6.800000 0.473618 2.746987 0.067385 9.771564e-01
7.100000 0.470719 2.871385 0.067190 9.770115e-01
7.400000 0.468079 2.995707 0.067003 9.768840e-01
7.700000 0.465665 3.119959 0.066824 9.767711e-01
8.000000 0.463450 3.244147 0.066653 9.766703e-01
8.300000 0.461408 3.368275 0.066491 9.765796e-01
8.600000 0.459519 3.492348 0.066338 9.764977e-01
8.900000 0.457768 3.616369 0.066192 9.764232e-01
9.200000 0.456139 3.740342 0.066054 9.763551e-01
9.500000 0.454620 3.864271 0.065923 9.762926e-01
9.800000 0.453200 3.988158 0.065799 9.762350e-01
10.100000 0.451869 4.112006 0.065681 9.761817e-01
10.400000 0.450619 4.235817 0.065569 9.761322e-01
10.700000 0.449443 4.359594 0.065463 9.760861e-01
11.000000 0.448334 4.483340 0.065361 9.760431e-01
11.300000 0.447287 4.607055 0.065265 9.760028e-01
11.600000 0.446296 4.730743 0.065173 9.759650e-01
11.900000 0.445358 4.854404 0.065085 9.759295e-01
12.200000 0.444468 4.978040 0.065001 9.758960e-01
12.500000 0.443622 5.101654 0.064921 9.758644e-01
12.800000 0.442817 5.225245 0.064844 9.758345e-01
13.100000 0.442051 5.348816 0.064771 9.758062e-01
13.400000 0.441320 5.472368 0.064700 9.757794e-01
13.700000 0.440622 5.595901 0.064633 9.757540e-01
14.000000 0.439955 5.719418 0.064568 9.757298e-01
14.300000 0.439317 5.842918 0.064506 9.757068e-01
14.600000 0.438706 5.966402 0.064446 9.756850e-01
14.900000 0.438120 6.089873 0.064388 9.756641e-01
15.200000 0.437558 6.213329 0.064332 9.756442e-01
15.500000 0.437019 6.336772 0.064279 9.756252e-01
15.800000 0.436500 6.460203 0.064227 9.756071e-01
16.100000 0.436001 6.583622 0.064177 9.755898e-01
16.400000 0.435521 6.707030 0.064128 9.755732e-01
16.700000 0.435059 6.830427 0.064082 9.755573e-01
17.000000 0.434613 6.953814 0.064036 9.755421e-01
17.300000 0.434183 7.077191 0.063993 9.755276e-01
17.600000 0.433769 7.200558 0.063950 9.755136e-01
17.900000 0.433368 7.323916 0.063909 9.755002e-01
18.200000 0.432981 7.447266 0.063869 9.754874e-01
18.500000 0.432606 7.570608 0.063830 9.754751e-01
18.800000 0.432244 7.693941 0.063792 9.754633e-01
19.100000 0.431893 7.817267 0.063756 9.754519e-01
19.400000 0.431554 7.940585 0.063720 9.754410e-01
19.700000 0.431224 8.063896 0.063686 9.754305e-01
20.000000 0.430905 8.187200 0.063652 9.754204e-01
20.300000 0.430596 8.310497 0.063619 9.754107e-01
20.600000 0.430295 8.433788 0.063587 9.754014e-01
20.900000 0.430004 8.557072 0.063556 9.753924e-01
21.200000 0.429720 8.680351 0.063525 9.753838e-01
21.500000 0.429445 8.803623 0.063496 9.753755e-01
21.800000 0.429177 8.926890 0.063467 9.753674e-01
22.100000 0.428917 9.050151 0.063438 9.753597e-01
22.400000 0.428664 9.173406 0.063411 9.753523e-01
22.700000 0.428417 9.296657 0.063384 9.753451e-01
23.000000 0.428177 9.419902 0.063357 9.753382e-01
23.300000 0.427944 9.543142 0.063331 9.753316e-01
23.600000 0.427716 9.666377 0.063306 9.753252e-01
23.900000 0.427494 9.789607 0.063281 9.753190e-01
24.200000 0.427277 9.912833 0.063257 9.753130e-01
24.500000 0.427066 10.036054 0.063233 9.753073e-01
24.800000 0.426860 10.159270 0.063210 9.753017e-01
