-25.000000 2.275916 -59.173827 1.289755 7.294618e-01
-24.700000 2.274854 -58.463741 1.289152 7.294618e-01
-24.400000 2.273766 -57.753655 1.288536 7.294618e-01
-24.100000 2.272652 -57.043570 1.287905 7.294618e-01
-23.800000 2.271511 -56.333484 1.287258 7.294618e-01
-23.500000 2.270343 -55.623398 1.286596 7.294618e-01
-23.200000 2.269145 -54.913312 1.285917 7.294618e-01
-22.900000 2.267917 -54.203226 1.285222 7.294618e-01
-22.600000 2.266658 -53.493140 1.284508 7.294618e-01
-22.300000 2.265367 -52.783054 1.283776 7.294618e-01
-22.000000 2.264042 -52.072968 1.283025 7.294618e-01
-21.700000 2.262682 -51.362882 1.282255 7.294618e-01
-21.400000 2.261286 -50.652796 1.281463 7.294618e-01
-21.100000 2.259851 -49.942710 1.280650 7.294618e-01
-20.800000 2.258377 -49.232624 1.279815 7.294618e-01
-20.500000 2.256862 -48.522538 1.278957 7.294618e-01
-20.200000 2.255304 -47.812452 1.278074 7.294618e-01
-19.900000 2.253702 -47.102367 1.277166 7.294618e-01
-19.600000 2.252052 -46.392281 1.276231 7.294618e-01
-19.300000 2.250354 -45.682195 1.275269 7.294618e-01
-19.000000 2.248605 -44.972109 1.274278 7.294618e-01
-18.700000 2.246803 -44.262023 1.273256 7.294618e-01
-18.400000 2.244945 -43.551937 1.272203 7.294618e-01
-18.100000 2.243029 -42.841851 1.271117 7.294618e-01
-17.800000 2.241051 -42.131765 1.269997 7.294618e-01
-17.500000 2.239010 -41.421679 1.268840 7.294618e-01
-17.200000 2.236901 -40.711593 1.267645 7.294618e-01
-16.900000 2.234721 -40.001507 1.266409 7.294618e-01
-16.600000 2.232467 -39.291421 1.265132 7.294618e-01
-16.300000 2.230135 -38.581335 1.263810 7.294618e-01
-16.000000 2.227721 -37.871249 1.262442 7.294618e-01
-15.700000 2.225219 -37.161164 1.261025 7.294618e-01
-15.400000 2.222627 -36.451078 1.259555 7.294618e-01
-15.100000 2.219937 -35.740992 1.258031 7.294618e-01
-14.800000 2.217146 -35.030906 1.256450 7.294618e-01
-14.500000 2.214246 -34.320820 1.254806 7.294618e-01
-14.200000 2.211232 -33.610734 1.253098 7.294618e-01
-13.900000 2.208097 -32.900648 1.251322 7.294618e-01
-13.600000 2.204833 -32.190562 1.249472 7.294618e-01
-13.300000 2.201432 -31.480476 1.247544 7.294618e-01
-13.000000 2.197885 -30.770390 1.245534 7.294618e-01
-12.700000 2.194183 -30.060304 1.243436 7.294618e-01
-12.400000 2.190315 -29.350218 1.241244 7.294618e-01
-12.100000 2.186270 -28.640132 1.238952 7.294618e-01
-11.800000 2.182035 -27.930046 1.236552 7.294618e-01
-11.500000 2.177597 -27.219960 1.234037 7.294618e-01
-11.200000 2.172941 -26.509874 1.231398 7.294618e-01
-10.900000 2.168049 -25.799788 1.228627 7.294618e-01
-10.600000 2.162905 -25.089702 1.225712 7.294618e-01
-10.300000 2.157488 -24.379616 1.222642 7.294618e-01
-10.000000 2.151775 -23.669530 1.219404 7.294618e-01
-9.700000 2.145742 -22.959444 1.215985 7.294618e-01
-9.400000 2.139361 -22.249357 1.212369 7.294618e-01
-9.100000 2.132601 -21.539271 1.208538 7.294619e-01
-8.800000 2.125427 -20.829184 1.204472 7.294619e-01
-8.500000 2.117800 -20.119096 1.200150 7.294619e-01
-8.200000 2.109675 -19.409008 1.195545 7.294620e-01
-7.900000 2.101002 -18.698919 1.190630 7.294621e-01
-7.600000 2.091724 -17.988828 1.185372 7.294622e-01
-7.300000 2.081775 -17.278736 1.179734 7.294624e-01
-7.000000 2.071080 -16.568641 1.173672 7.294628e-01
-6.700000 2.059551 -15.858543 1.167137 7.294632e-01
-6.400000 2.047086 -15.148438 1.160071 7.294640e-01
-6.100000 2.033567 -14.438327 1.152407 7.294650e-01
-5.800000 2.018854 -13.728205 1.144064 7.294667e-01
-5.500000 2.002780 -13.018067 1.134948 7.294692e-01
-5.200000 1.985147 -12.307909 1.124944 7.294730e-01
-4.900000 1.965715 -11.597721 1.113916 7.294790e-01
-4.600000 1.944195 -10.887492 1.101696 7.294881e-01
-4.300000 1.920228 -10.177207 1.088075 7.295025e-01
-4.000000 1.893369 -9.466845 1.072794 7.295253e-01
-3.700000 1.863060 -8.756382 1.055523 7.295616e-01
-3.400000 1.828588 -8.045787 1.035839 7.296204e-01
-3.100000 1.789031 -7.335028 1.013183 7.297168e-01
-2.800000 1.743180 -6.624083 0.986813 7.298781e-01
-2.500000 1.689419 -5.912966 0.955708 7.301546e-01
-2.200000 1.625561 -5.201796 0.918435 7.306466e-01
-1.900000 1.548622 -4.491004 0.872893 7.315788e-01
-1.600000 1.454640 -3.782063 0.815765 7.335689e-01
-1.300000 1.339349 -3.080503 0.740965 7.388507e-01
-1.000000 1.203568 -2.407136 0.634715 7.569024e-01
-0.700000 1.069204 -1.817647 0.468976 8.182102e-01
-0.400000 0.986216 -1.380702 0.228989 9.413892e-01
-0.100000 0.966828 -1.063511 0.034797 9.985063e-01
0.200000 0.958190 -0.766552 0.010311 9.998663e-01
0.500000 0.950902 -0.475451 0.009709 9.998796e-01
0.800000 0.944770 -0.188954 0.007316 9.999308e-01
1.100000 15.351644 1.535164 2.020834 9.803813e-01
1.400000 0.934161 0.373664 0.005599 9.999585e-01
1.700000 0.929347 0.650543 0.006728 9.999395e-01
2.000000 0.924773 0.924773 0.008411 9.999045e-01
2.300000 0.920411 1.196534 0.010239 9.998571e-01
2.600000 0.916241 1.465986 0.012048 9.998004e-01
2.900000 0.912252 1.733278 0.013781 9.997365e-01
3.200000 0.908432 1.998551 0.015419 9.996674e-01
3.500000 0.904775 2.261938 0.016958 9.995945e-01
3.800000 0.901273 2.523563 0.018400 9.995189e-01
4.100000 0.897918 2.783547 0.019750 9.994416e-01
4.400000 0.894706 3.042000 0.021013 9.993634e-01
4.700000 0.891629 3.299028 0.022197 9.992848e-01
5.000000 0.888683 3.554731 0.023305 9.992064e-01
5.300000 0.885861 3.809201 0.024343 9.991287e-01
5.600000 0.883158 4.062527 0.025316 9.990520e-01
5.900000 0.880569 4.314790 0.026228 9.989765e-01
6.200000 0.878090 4.566067 0.027083 9.989026e-01
6.500000 0.875714 4.816429 0.027885 9.988304e-01
6.800000 0.873438 5.065943 0.028638 9.987601e-01
7.100000 0.871257 5.314671 0.029343 9.986918e-01
7.400000 0.869167 5.562670 0.030005 9.986256e-01
7.700000 0.867163 5.809993 0.030627 9.985615e-01
8.000000 0.865242 6.056691 0.031210 9.984997e-01
8.300000 0.863398 6.302808 0.031757 9.984401e-01
8.600000 0.861630 6.548386 0.032270 9.983827e-01
8.900000 0.859932 6.793465 0.032752 9.983276e-01
9.200000 0.858302 7.038080 0.033205 9.982746e-01
9.500000 0.856737 7.282264 0.033630 9.982237e-01
9.800000 0.855233 7.526048 0.034030 9.981749e-01
10.100000 0.853787 7.769460 0.034405 9.981282e-01
10.400000 0.852396 8.012526 0.034759 9.980834e-01
10.700000 0.851059 8.255270 0.035091 9.980405e-01
11.000000 0.849771 8.497713 0.035404 9.979994e-01
11.300000 0.848532 8.739876 0.035699 9.979601e-01
11.600000 0.847338 8.981778 0.035976 9.979225e-01
11.900000 0.846187 9.223435 0.036238 9.978865e-01
12.200000 0.845077 9.464865 0.036485 9.978520e-01
12.500000 0.844007 9.706081 0.036719 9.978190e-01
12.800000 0.842974 9.947098 0.036939 9.977874e-01
13.100000 0.841977 10.187927 0.037147 9.977571e-01
13.400000 0.841015 10.428581 0.037344 9.977281e-01
13.700000 0.840084 10.669070 0.037531 9.977004e-01
14.000000 0.839185 10.909405 0.037708 9.976737e-01
14.300000 0.838315 11.149594 0.037875 9.976482e-01
14.600000 0.837474 11.389646 0.038035 9.976237e-01
14.900000 0.836660 11.629570 0.038186 9.976002e-01
15.200000 0.835871 11.869372 0.038329 9.975776e-01
15.500000 0.835108 12.109060 0.038465 9.975559e-01
15.800000 0.834368 12.348641 0.038595 9.975351e-01
16.100000 0.833650 12.588119 0.038719 9.975151e-01
16.400000 0.832955 12.827501 0.038836 9.974958e-01
16.700000 0.832280 13.066791 0.038949 9.974773e-01
17.000000 0.831625 13.305996 0.039056 9.974594e-01
17.300000 0.830989 13.545119 0.039158 9.974422e-01
17.600000 0.830371 13.784164 0.039256 9.974257e-01
17.900000 0.829771 14.023137 0.039349 9.974097e-01
18.200000 0.829188 14.262039 0.039438 9.973943e-01
18.500000 0.828621 14.500876 0.039524 9.973795e-01
18.800000 0.828070 14.739649 0.039605 9.973652e-01
19.100000 0.827534 14.978363 0.039684 9.973513e-01
19.400000 0.827012 15.217020 0.039759 9.973380e-01
19.700000 0.826504 15.455622 0.039831 9.973251e-01
20.000000 0.826009 15.694174 0.039900 9.973126e-01
20.300000 0.825527 15.932676 0.039966 9.973005e-01
20.600000 0.825058 16.171131 0.040030 9.972889e-01
20.900000 0.824600 16.409541 0.040092 9.972776e-01
21.200000 0.824154 16.647909 0.040150 9.972666e-01
21.500000 0.823719 16.886235 0.040207 9.972560e-01
21.800000 0.823294 17.124523 0.040262 9.972458e-01
22.100000 0.822880 17.362773 0.040314 9.972358e-01
22.400000 0.822476 17.600988 0.040365 9.972262e-01
22.700000 0.822081 17.839168 0.040414 9.972168e-01
23.000000 0.821696 18.077316 0.040461 9.972077e-01
23.300000 0.821320 18.315432 0.040506 9.971989e-01
23.600000 0.820952 18.553518 0.040550 9.971904e-01
23.900000 0.820593 18.791576 0.040592 9.971821e-01
24.200000 0.820242 19.029605 0.040633 9.971740e-01
24.500000 0.819898 19.267608 0.040672 9.971662e-01
24.800000 0.819562 19.505586 0.040710 9.971586e-01
