-25.000000 1.580012 -41.080304 0.286567 9.634014e-01
-24.700000 1.579272 -40.587291 0.286394 9.634111e-01
-24.400000 1.578515 -40.094278 0.286215 9.634212e-01
-24.100000 1.577740 -39.601265 0.286032 9.634317e-01
-23.800000 1.576946 -39.108251 0.285845 9.634425e-01
-23.500000 1.576132 -38.615237 0.285652 9.634537e-01
-23.200000 1.575298 -38.122223 0.285453 9.634653e-01
-22.900000 1.574444 -37.629209 0.285249 9.634774e-01
-22.600000 1.573568 -37.136194 0.285040 9.634900e-01
-22.300000 1.572669 -36.643180 0.284824 9.635030e-01
-22.000000 1.571746 -36.150165 0.284602 9.635165e-01
-21.700000 1.570800 -35.657151 0.284374 9.635306e-01
-21.400000 1.569828 -35.164137 0.284139 9.635453e-01
-21.100000 1.568829 -34.671123 0.283896 9.635605e-01
-20.800000 1.567803 -34.178110 0.283647 9.635764e-01
-20.500000 1.566749 -33.685097 0.283389 9.635930e-01
-20.200000 1.565664 -33.192085 0.283123 9.636102e-01
-19.900000 1.564549 -32.699073 0.282849 9.636283e-01
-19.600000 1.563401 -32.206063 0.282565 9.636471e-01
-19.300000 1.562219 -31.713054 0.282272 9.636668e-01
-19.000000 1.561002 -31.220046 0.281970 9.636873e-01
-18.700000 1.559748 -30.727040 0.281656 9.637089e-01
-18.400000 1.558455 -30.234035 0.281332 9.637314e-01
-18.100000 1.557122 -29.741033 0.280996 9.637551e-01
-17.800000 1.555746 -29.248032 0.280649 9.637798e-01
-17.500000 1.554326 -28.755034 0.280288 9.638059e-01
-17.200000 1.552859 -28.262040 0.279913 9.638332e-01
-16.900000 1.551343 -27.769048 0.279525 9.638620e-01
-16.600000 1.549776 -27.276060 0.279121 9.638922e-01
-16.300000 1.548155 -26.783076 0.278701 9.639241e-01
-16.000000 1.546476 -26.290097 0.278265 9.639577e-01
-15.700000 1.544738 -25.797122 0.277810 9.639932e-01
-15.400000 1.542936 -25.304154 0.277336 9.640306e-01
-15.100000 1.541068 -24.811192 0.276842 9.640702e-01
-14.800000 1.539129 -24.318237 0.276327 9.641122e-01
-14.500000 1.537115 -23.825290 0.275788 9.641566e-01
-14.200000 1.535023 -23.332352 0.275225 9.642037e-01
-13.900000 1.532847 -22.839424 0.274635 9.642538e-01
-13.600000 1.530583 -22.346507 0.274018 9.643070e-01
-13.300000 1.528224 -21.853603 0.273370 9.643637e-01
-13.000000 1.525765 -21.360713 0.272690 9.644241e-01
-12.700000 1.523200 -20.867839 0.271975 9.644886e-01
-12.400000 1.520521 -20.374984 0.271224 9.645576e-01
-12.100000 1.517721 -19.882149 0.270432 9.646315e-01
-11.800000 1.514792 -19.389337 0.269596 9.647107e-01
-11.500000 1.511724 -18.896551 0.268713 9.647959e-01
-11.200000 1.508508 -18.403796 0.267780 9.648875e-01
-10.900000 1.505132 -17.911075 0.266791 9.649863e-01
-10.600000 1.501586 -17.418392 0.265741 9.650931e-01
-10.300000 1.497854 -16.925755 0.264626 9.652087e-01
-10.000000 1.493924 -16.433169 0.263438 9.653342e-01
-9.700000 1.489780 -15.940643 0.262171 9.654707e-01
-9.400000 1.485402 -15.448186 0.260816 9.656195e-01
-9.100000 1.480773 -14.955809 0.259365 9.657824e-01
-8.800000 1.475870 -14.463525 0.257807 9.659610e-01
-8.500000 1.470669 -13.971351 0.256130 9.661575e-01
-8.200000 1.465142 -13.479305 0.254319 9.663744e-01
-7.900000 1.459260 -12.987410 0.252360 9.666148e-01
-7.600000 1.452988 -12.495694 0.250233 9.668821e-01
-7.300000 1.446288 -12.004191 0.247916 9.671806e-01
-7.000000 1.439118 -11.512941 0.245383 9.675153e-01
-6.700000 1.431428 -11.021994 0.242605 9.678922e-01
-6.400000 1.423164 -10.531412 0.239544 9.683187e-01
-6.100000 1.414263 -10.041269 0.236158 9.688035e-01
-5.800000 1.404656 -9.551658 0.232396 9.693573e-01
-5.500000 1.394261 -9.062694 0.228196 9.699930e-01
-5.200000 1.382987 -8.574522 0.223485 9.707260e-01
-4.900000 1.370732 -8.087322 0.218174 9.715750e-01
-4.600000 1.357380 -7.601326 0.212156 9.725622e-01
-4.300000 1.342799 -7.116834 0.205303 9.737141e-01
-4.000000 1.326847 -6.634235 0.197459 9.750615e-01
-3.700000 1.309372 -6.154046 0.188440 9.766398e-01
-3.400000 1.290216 -5.676951 0.178020 9.784874e-01
-3.100000 1.269233 -5.203857 0.165940 9.806422e-01
-2.800000 1.246305 -4.735959 0.151919 9.831302e-01
-2.500000 1.221383 -4.274839 0.135715 9.859419e-01
-2.200000 1.194571 -3.822627 0.117287 9.889900e-01
-1.900000 1.166285 -3.382226 0.097088 9.920606e-01
-1.600000 1.137423 -2.957300 0.076383 9.948189e-01
-1.300000 1.109261 -2.551301 0.057080 9.969515e-01
-1.000000 1.082758 -2.165517 0.040663 9.983738e-01
-0.700000 1.057806 -1.798270 0.027122 9.992414e-01
-0.400000 1.033314 -1.446640 0.015164 9.997513e-01
-0.100000 1.007868 -1.108655 0.003257 9.999879e-01
0.200000 0.980277 -0.784222 0.010415 9.998697e-01
0.500000 0.949960 -0.474980 0.026102 9.991288e-01
0.800000 0.917358 -0.183472 0.043958 9.973553e-01
1.100000 14.211669 1.421167 0.835258 9.960267e-01
1.400000 0.852501 0.341000 0.080390 9.898352e-01
1.700000 0.824409 0.577086 0.095412 9.847674e-01
2.000000 0.800616 0.800616 0.107197 9.797165e-01
2.300000 0.780971 1.015262 0.116001 9.751543e-01
2.600000 0.764872 1.223796 0.122424 9.712644e-01
2.900000 0.751627 1.428092 0.127083 9.680412e-01
3.200000 0.740618 1.629359 0.130480 9.653958e-01
3.500000 0.731347 1.828367 0.132987 9.632192e-01
3.800000 0.723432 2.025609 0.134869 9.614110e-01
4.100000 0.716584 2.221410 0.136310 9.598885e-01
4.400000 0.710585 2.415991 0.137438 9.585868e-01
4.700000 0.705273 2.609509 0.138341 9.574566e-01
5.000000 0.700520 2.802082 0.139080 9.564607e-01
5.300000 0.696233 2.993803 0.139698 9.555716e-01
5.600000 0.692337 3.184749 0.140225 9.547685e-01
5.900000 0.688773 3.374987 0.140682 9.540361e-01
6.200000 0.685495 3.564574 0.141085 9.533626e-01
6.500000 0.682466 3.753564 0.141443 9.527394e-01
6.800000 0.679656 3.942006 0.141765 9.521596e-01
7.100000 0.677040 4.129945 0.142057 9.516181e-01
7.400000 0.674597 4.317424 0.142323 9.511106e-01
7.700000 0.672310 4.504480 0.142566 9.506341e-01
8.000000 0.670164 4.691150 0.142788 9.501856e-01
8.300000 0.668146 4.877468 0.142993 9.497630e-01
8.600000 0.666245 5.063464 0.143180 9.493643e-01
8.900000 0.664452 5.249167 0.143353 9.489879e-01
9.200000 0.662756 5.434603 0.143512 9.486323e-01
9.500000 0.661152 5.619795 0.143658 9.482962e-01
9.800000 0.659632 5.804765 0.143791 9.479783e-01
10.100000 0.658190 5.989533 0.143914 9.476775e-01
10.400000 0.656821 6.174117 0.144026 9.473928e-01
10.700000 0.655519 6.358533 0.144129 9.471232e-01
11.000000 0.654279 6.542794 0.144223 9.468679e-01
11.300000 0.653099 6.726916 0.144309 9.466259e-01
11.600000 0.651972 6.910908 0.144387 9.463965e-01
11.900000 0.650898 7.094783 0.144457 9.461790e-01
12.200000 0.649870 7.278549 0.144521 9.459726e-01
12.500000 0.648888 7.462216 0.144579 9.457767e-01
12.800000 0.647948 7.645790 0.144632 9.455906e-01
13.100000 0.647048 7.829280 0.144679 9.454138e-01
13.400000 0.646185 8.012691 0.144721 9.452457e-01
13.700000 0.645357 8.196029 0.144759 9.450858e-01
14.000000 0.644561 8.379299 0.144792 9.449336e-01
14.300000 0.643797 8.562506 0.144822 9.447887e-01
14.600000 0.643063 8.745653 0.144848 9.446507e-01
14.900000 0.642356 8.928745 0.144871 9.445190e-01
15.200000 0.641675 9.111785 0.144890 9.443934e-01
15.500000 0.641019 9.294776 0.144907 9.442736e-01
15.800000 0.640387 9.477721 0.144922 9.441591e-01
16.100000 0.639776 9.660622 0.144934 9.440497e-01
16.400000 0.639187 9.843482 0.144944 9.439451e-01
16.700000 0.638618 10.026303 0.144952 9.438449e-01
17.000000 0.638068 10.209086 0.144958 9.437491e-01
17.300000 0.637536 10.391833 0.144962 9.436573e-01
17.600000 0.637021 10.574546 0.144965 9.435692e-01
17.900000 0.636522 10.757227 0.144966 9.434848e-01
18.200000 0.636039 10.939877 0.144966 9.434037e-01
18.500000 0.635571 11.122496 0.144965 9.433259e-01
18.800000 0.635117 11.305087 0.144963 9.432511e-01
19.100000 0.634677 11.487650 0.144960 9.431792e-01
19.400000 0.634249 11.670187 0.144955 9.431100e-01
19.700000 0.633834 11.852697 0.144950 9.430435e-01
20.000000 0.633431 12.035183 0.144945 9.429793e-01
20.300000 0.633039 12.217644 0.144938 9.429175e-01
20.600000 0.632657 12.400083 0.144931 9.428579e-01
20.900000 0.632286 12.582498 0.144923 9.428005e-01
21.200000 0.631925 12.764892 0.144915 9.427450e-01
21.500000 0.631574 12.947264 0.144906 9.426914e-01
21.800000 0.631232 13.129616 0.144897 9.426396e-01
22.100000 0.630898 13.311947 0.144888 9.425896e-01
22.400000 0.630573 13.494259 0.144878 9.425412e-01
22.700000 0.630256 13.676552 0.144867 9.424943e-01
23.000000 0.629947 13.858827 0.144857 9.424490e-01
23.300000 0.629645 14.041083 0.144846 9.424051e-01
23.600000 0.629351 14.223322 0.144835 9.423625e-01
23.900000 0.629063 14.405544 0.144824 9.423212e-01
24.200000 0.628782 14.587749 0.144813 9.422812e-01
24.500000 0.628508 14.769938 0.144801 9.422424e-01
24.800000 0.628240 14.952111 0.144789 9.422047e-01
