2.824515 1.114718 8.475486e-01 0.204168 0.111406 7.441330e-01
2.798225 1.119090 8.440886e-01 0.249938 0.110803 8.150177e-01
2.760179 1.121423 8.398922e-01 0.304746 0.107639 8.740684e-01
2.702026 1.119027 8.346732e-01 0.370907 0.103199 9.179353e-01
2.578968 1.117452 8.218174e-01 0.472326 0.102138 9.487640e-01
2.096642 1.139623 7.456058e-01 0.721045 0.105863 9.757111e-01
1.220055 0.606318 7.780822e-01 0.948362 0.009878 9.998747e-01
0.977855 0.058283 9.959141e-01 0.948255 0.007351 9.999306e-01
0.942691 0.024882 9.991961e-01 0.937134 0.027023 9.990407e-01
0.929225 0.030174 9.987838e-01 0.928563 0.030088 9.987889e-01
0.919907 0.028568 9.988875e-01 0.919764 0.028536 9.988896e-01
0.911997 0.026650 9.990148e-01 0.909900 0.026177 9.990451e-01
0.904806 0.024944 9.991231e-01 0.898768 0.023709 9.991970e-01
0.898109 0.023447 9.992135e-01 0.886390 0.021416 9.993263e-01
0.891812 0.022140 9.992888e-01 0.872860 0.019621 9.994168e-01
0.885865 0.021009 9.993509e-01 0.858297 0.018694 9.994525e-01
0.880236 0.020044 9.994015e-01 0.842827 0.018931 9.994177e-01
0.874905 0.019231 9.994423e-01 0.826575 0.020386 9.992980e-01
0.869856 0.018557 9.994747e-01 0.809666 0.022864 9.990800e-01
0.865076 0.018007 9.994999e-01 0.792226 0.026068 9.987512e-01
0.860556 0.017565 9.995191e-01 0.774376 0.029737 9.982999e-01
0.856285 0.017216 9.995334e-01 0.756233 0.033682 9.977144e-01
0.852257 0.016948 9.995435e-01 0.737909 0.037780 9.969819e-01
0.848462 0.016749 9.995502e-01 0.719512 0.041959 9.960881e-01
0.844894 0.016609 9.995539e-01 0.701139 0.046178 9.950156e-01
0.841542 0.016521 9.995551e-01 0.682881 0.050423 9.937430e-01
0.838400 0.016480 9.995540e-01 0.664817 0.054697 9.922436e-01
0.835457 0.016482 9.995507e-01 0.647018 0.059013 9.904844e-01
0.832705 0.016524 9.995455e-01 0.629546 0.063392 9.884260e-01
0.830134 0.016604 9.995382e-01 0.612451 0.067857 9.860217e-01
0.827734 0.016719 9.995291e-01 0.595776 0.072428 9.832187e-01
0.825496 0.016869 9.995180e-01 0.579554 0.077124 9.799590e-01
0.823410 0.017051 9.995050e-01 0.563811 0.081954 9.761808e-01
0.821468 0.017263 9.994903e-01 0.548566 0.086923 9.718214e-01
0.819659 0.017501 9.994738e-01 0.533832 0.092026 9.668196e-01
0.817977 0.017763 9.994557e-01 0.519616 0.097253 9.611188e-01
0.816411 0.018044 9.994362e-01 0.505921 0.102586 9.546701e-01
0.814955 0.018341 9.994154e-01 0.492746 0.108002 9.474356e-01
0.813601 0.018650 9.993935e-01 0.480086 0.113476 9.393903e-01
0.812341 0.018968 9.993708e-01 0.467934 0.118980 9.305247e-01
0.811170 0.019290 9.993473e-01 0.456280 0.124484 9.208457e-01
0.810080 0.019614 9.993234e-01 0.445112 0.129959 9.103771e-01
0.809066 0.019936 9.992993e-01 0.434417 0.135377 8.991590e-01
0.808123 0.020253 9.992751e-01 0.424182 0.140712 8.872468e-01
0.807244 0.020565 9.992511e-01 0.414391 0.145941 8.747088e-01
0.806427 0.020867 9.992273e-01 0.405027 0.151040 8.616242e-01
0.805665 0.021160 9.992040e-01 0.396076 0.155993 8.480800e-01
0.804955 0.021441 9.991813e-01 0.387520 0.160783 8.341679e-01
0.804292 0.021711 9.991592e-01 0.379343 0.165397 8.199818e-01
0.803674 0.021967 9.991379e-01 0.371529 0.169824 8.056145e-01
0.803098 0.022211 9.991175e-01 0.364060 0.174056 7.911562e-01
0.802559 0.022441 9.990979e-01 0.356920 0.178089 7.766915e-01
0.802055 0.022658 9.990792e-01 0.350095 0.181918 7.622988e-01
0.801584 0.022862 9.990615e-01 0.343568 0.185543 7.480488e-01
0.801142 0.023053 9.990447e-01 0.337324 0.188962 7.340037e-01
0.800729 0.023232 9.990288e-01 0.331350 0.192178 7.202173e-01
0.800341 0.023398 9.990139e-01 0.325630 0.195193 7.067349e-01
