1.714903 0.433444 9.312935e-01 0.553928 0.295301 7.528949e-01
1.628163 0.379460 9.409747e-01 0.679106 0.214713 8.965049e-01
1.520941 0.309573 9.543407e-01 0.802012 0.134143 9.687038e-01
1.404446 0.231526 9.695707e-01 0.900971 0.068132 9.934394e-01
1.290629 0.156586 9.832850e-01 0.963736 0.026999 9.990945e-01
1.184074 0.091043 9.932188e-01 0.990552 0.011074 9.998557e-01
1.083644 0.035619 9.987538e-01 0.985665 0.013363 9.997878e-01
0.988886 0.015648 9.997109e-01 0.952657 0.028753 9.989491e-01
0.901603 0.050140 9.964412e-01 0.896140 0.052025 9.961229e-01
0.823901 0.077546 9.898731e-01 0.822582 0.077898 9.897495e-01
0.757026 0.098359 9.808773e-01 0.739267 0.103967 9.776690e-01
0.701328 0.114394 9.701911e-01 0.653213 0.129459 9.566079e-01
0.656316 0.126707 9.587337e-01 0.570194 0.153485 9.227830e-01
0.620767 0.135942 9.475236e-01 0.493983 0.174980 8.734365e-01
0.593058 0.142677 9.373476e-01 0.426270 0.193266 8.081523e-01
0.571534 0.147464 9.286088e-01 0.367214 0.208201 7.292694e-01
