-25.000000 1.841677 -47.883600 0.461467 9.323950e-01
-24.700000 1.840836 -47.309483 0.461151 9.324238e-01
-24.400000 1.839975 -46.735372 0.460826 9.324536e-01
-24.100000 1.839094 -46.161265 0.460493 9.324845e-01
-23.800000 1.838192 -45.587163 0.460150 9.325164e-01
-23.500000 1.837268 -45.013067 0.459798 9.325495e-01
-23.200000 1.836321 -44.438976 0.459436 9.325838e-01
-22.900000 1.835351 -43.864891 0.459063 9.326193e-01
-22.600000 1.834356 -43.290812 0.458680 9.326561e-01
-22.300000 1.833336 -42.716739 0.458286 9.326943e-01
-22.000000 1.832290 -42.142672 0.457879 9.327339e-01
-21.700000 1.831216 -41.568612 0.457461 9.327751e-01
-21.400000 1.830114 -40.994559 0.457030 9.328178e-01
-21.100000 1.828982 -40.420512 0.456585 9.328622e-01
-20.800000 1.827820 -39.846472 0.456127 9.329084e-01
-20.500000 1.826625 -39.272440 0.455654 9.329564e-01
-20.200000 1.825397 -38.698416 0.455166 9.330063e-01
-19.900000 1.824134 -38.124399 0.454662 9.330583e-01
-19.600000 1.822835 -37.550391 0.454141 9.331124e-01
-19.300000 1.821497 -36.976391 0.453603 9.331688e-01
-19.000000 1.820120 -36.402399 0.453046 9.332276e-01
-18.700000 1.818701 -35.828416 0.452470 9.332889e-01
-18.400000 1.817239 -35.254442 0.451874 9.333528e-01
-18.100000 1.815732 -34.680478 0.451257 9.334196e-01
-17.800000 1.814177 -34.106523 0.450618 9.334893e-01
-17.500000 1.812572 -33.532578 0.449955 9.335622e-01
-17.200000 1.810914 -32.958643 0.449267 9.336383e-01
-16.900000 1.809202 -32.384719 0.448554 9.337180e-01
-16.600000 1.807432 -31.810805 0.447813 9.338014e-01
-16.300000 1.805601 -31.236902 0.447043 9.338888e-01
-16.000000 1.803706 -30.663010 0.446243 9.339804e-01
-15.700000 1.801744 -30.089129 0.445410 9.340764e-01
-15.400000 1.799711 -29.515260 0.444543 9.341772e-01
-15.100000 1.797603 -28.941403 0.443640 9.342830e-01
-14.800000 1.795415 -28.367559 0.442699 9.343943e-01
-14.500000 1.793144 -27.793726 0.441717 9.345112e-01
-14.200000 1.790783 -27.219907 0.440692 9.346343e-01
-13.900000 1.788329 -26.646100 0.439620 9.347640e-01
-13.600000 1.785774 -26.072306 0.438500 9.349008e-01
-13.300000 1.783114 -25.498526 0.437327 9.350450e-01
-13.000000 1.780340 -24.924760 0.436099 9.351974e-01
-12.700000 1.777446 -24.351008 0.434811 9.353585e-01
-12.400000 1.774423 -23.777270 0.433460 9.355289e-01
-12.100000 1.771263 -23.203547 0.432040 9.357095e-01
-11.800000 1.767956 -22.629839 0.430546 9.359010e-01
-11.500000 1.764492 -22.056146 0.428974 9.361044e-01
-11.200000 1.760858 -21.482470 0.427316 9.363206e-01
-10.900000 1.757043 -20.908811 0.425567 9.365508e-01
-10.600000 1.753032 -20.335169 0.423718 9.367962e-01
-10.300000 1.748809 -19.761545 0.421761 9.370582e-01
-10.000000 1.744358 -19.187941 0.419688 9.373383e-01
-9.700000 1.739660 -18.614359 0.417487 9.376384e-01
-9.400000 1.734692 -18.040799 0.415147 9.379604e-01
-9.100000 1.729432 -17.467264 0.412656 9.383066e-01
-8.800000 1.723853 -16.893757 0.409998 9.386796e-01
-8.500000 1.717924 -16.320281 0.407157 9.390822e-01
-8.200000 1.711613 -15.746842 0.404114 9.395179e-01
-7.900000 1.704881 -15.173445 0.400848 9.399905e-01
-7.600000 1.697686 -14.600097 0.397335 9.405046e-01
-7.300000 1.689977 -14.026808 0.393545 9.410652e-01
-7.000000 1.681699 -13.453590 0.389447 9.416786e-01
-6.700000 1.672787 -12.880460 0.385004 9.423518e-01
-6.400000 1.663167 -12.307438 0.380171 9.430932e-01
-6.100000 1.652754 -11.734550 0.374897 9.439128e-01
-5.800000 1.641446 -11.161833 0.369122 9.448225e-01
-5.500000 1.629128 -10.589333 0.362775 9.458366e-01
-5.200000 1.615663 -10.017111 0.355772 9.469723e-01
-4.900000 1.600890 -9.445250 0.348010 9.482504e-01
-4.600000 1.584618 -8.873862 0.339367 9.496963e-01
-4.300000 1.566623 -8.303100 0.329697 9.513412e-01
-4.000000 1.546635 -7.733175 0.318819 9.532231e-01
-3.700000 1.524337 -7.164384 0.306515 9.553887e-01
-3.400000 1.499353 -6.597155 0.292520 9.578940e-01
-3.100000 1.471247 -6.032112 0.276518 9.608047e-01
-2.800000 1.439525 -5.470194 0.258142 9.641930e-01
-2.500000 1.403671 -4.912848 0.236999 9.681273e-01
-2.200000 1.363233 -4.362347 0.212731 9.726474e-01
-1.900000 1.318014 -3.822241 0.185153 9.777177e-01
-1.600000 1.268374 -3.297773 0.154475 9.831589e-01
-1.300000 1.215529 -2.795717 0.121551 9.885838e-01
-1.000000 1.161477 -2.322953 0.088004 9.934137e-01
-0.700000 1.108285 -1.884084 0.055880 9.970727e-01
-0.400000 1.057134 -1.479988 0.026810 9.992578e-01
-0.100000 1.008145 -1.108959 0.006121 9.999574e-01
0.200000 0.961170 -0.768936 0.023990 9.992811e-01
0.500000 0.916429 -0.458214 0.043418 9.974145e-01
0.800000 0.874286 -0.174857 0.059665 9.946502e-01
1.100000 13.171133 1.317113 0.468320 9.985421e-01
1.400000 0.801423 0.320569 0.084714 9.872609e-01
1.700000 0.770065 0.539045 0.093900 9.831188e-01
2.000000 0.742437 0.742437 0.101657 9.788078e-01
2.300000 0.718294 0.933782 0.108218 9.744563e-01
2.600000 0.697301 1.115682 0.113766 9.701766e-01
2.900000 0.679071 1.290235 0.118452 9.660547e-01
3.200000 0.663216 1.459075 0.122411 9.621473e-01
3.500000 0.649378 1.623445 0.125759 9.584864e-01
3.800000 0.637245 1.784287 0.128592 9.550859e-01
4.100000 0.626554 1.942318 0.130993 9.519472e-01
4.400000 0.617085 2.098090 0.133030 9.490638e-01
4.700000 0.608657 2.252031 0.134757 9.464244e-01
5.000000 0.601119 2.404478 0.136222 9.440144e-01
5.300000 0.594349 2.555700 0.137464 9.418179e-01
5.600000 0.588241 2.705911 0.138517 9.398182e-01
5.900000 0.582711 2.855285 0.139409 9.379987e-01
6.200000 0.577685 3.003964 0.140163 9.363434e-01
6.500000 0.573102 3.152063 0.140800 9.348369e-01
6.800000 0.568910 3.299676 0.141337 9.334652e-01
7.100000 0.565062 3.446881 0.141789 9.322149e-01
7.400000 0.561522 3.593744 0.142169 9.310741e-01
7.700000 0.558256 3.740317 0.142486 9.300318e-01
8.000000 0.555235 3.886645 0.142751 9.290781e-01
8.300000 0.552434 4.032766 0.142970 9.282041e-01
8.600000 0.549830 4.178711 0.143151 9.274019e-01
8.900000 0.547406 4.324505 0.143299 9.266643e-01
9.200000 0.545143 4.470172 0.143419 9.259848e-01
9.500000 0.543027 4.615729 0.143515 9.253580e-01
9.800000 0.541045 4.761192 0.143590 9.247785e-01
10.100000 0.539184 4.906576 0.143647 9.242420e-01
10.400000 0.537435 5.051891 0.143689 9.237444e-01
10.700000 0.535788 5.197146 0.143718 9.232821e-01
11.000000 0.534235 5.342351 0.143737 9.228518e-01
11.300000 0.532768 5.487513 0.143745 9.224507e-01
11.600000 0.531381 5.632637 0.143746 9.220762e-01
11.900000 0.530067 5.777728 0.143739 9.217261e-01
12.200000 0.528821 5.922792 0.143727 9.213981e-01
12.500000 0.527638 6.067833 0.143710 9.210906e-01
12.800000 0.526513 6.212853 0.143688 9.208017e-01
13.100000 0.525443 6.357855 0.143663 9.205301e-01
13.400000 0.524423 6.502843 0.143635 9.202743e-01
13.700000 0.523450 6.647818 0.143604 9.200331e-01
14.000000 0.522522 6.792783 0.143571 9.198054e-01
14.300000 0.521634 6.937738 0.143536 9.195902e-01
14.600000 0.520786 7.082686 0.143500 9.193867e-01
14.900000 0.519973 7.227628 0.143462 9.191939e-01
15.200000 0.519195 7.372565 0.143424 9.190111e-01
15.500000 0.518448 7.517497 0.143384 9.188376e-01
15.800000 0.517732 7.662427 0.143344 9.186728e-01
16.100000 0.517043 7.807354 0.143304 9.185161e-01
16.400000 0.516382 7.952279 0.143263 9.183670e-01
16.700000 0.515745 8.097203 0.143222 9.182250e-01
17.000000 0.515133 8.242126 0.143180 9.180897e-01
17.300000 0.514543 8.387049 0.143139 9.179606e-01
17.600000 0.513974 8.531972 0.143098 9.178374e-01
17.900000 0.513426 8.676896 0.143057 9.177198e-01
18.200000 0.512897 8.821820 0.143016 9.176073e-01
18.500000 0.512385 8.966746 0.142975 9.174997e-01
18.800000 0.511892 9.111673 0.142934 9.173968e-01
19.100000 0.511414 9.256602 0.142894 9.172982e-01
19.400000 0.510953 9.401532 0.142853 9.172038e-01
19.700000 0.510506 9.546464 0.142814 9.171133e-01
20.000000 0.510074 9.691398 0.142774 9.170265e-01
20.300000 0.509655 9.836335 0.142735 9.169432e-01
20.600000 0.509249 9.981273 0.142696 9.168632e-01
20.900000 0.508855 10.126214 0.142658 9.167865e-01
21.200000 0.508473 10.271158 0.142619 9.167127e-01
21.500000 0.508103 10.416104 0.142582 9.166418e-01
21.800000 0.507743 10.561052 0.142544 9.165736e-01
22.100000 0.507394 10.706003 0.142507 9.165080e-01
22.400000 0.507054 10.850957 0.142471 9.164448e-01
22.700000 0.506724 10.995913 0.142434 9.163841e-01
23.000000 0.506403 11.140872 0.142399 9.163256e-01
23.300000 0.506091 11.285833 0.142363 9.162692e-01
23.600000 0.505788 11.430798 0.142328 9.162149e-01
23.900000 0.505492 11.575765 0.142293 9.161625e-01
24.200000 0.505204 11.720735 0.142259 9.161120e-01
24.500000 0.504924 11.865707 0.142225 9.160633e-01
24.800000 0.504651 12.010682 0.142192 9.160163e-01
