1.957297 0.372021 9.599507e-01 0.562968 0.224186 8.452117e-01
1.698712 0.240038 9.774606e-01 0.780332 0.098866 9.817996e-01
1.410123 0.128277 9.905338e-01 0.940158 0.022172 9.993581e-01
1.204791 0.065054 9.966443e-01 0.994011 0.004069 9.999806e-01
1.080626 0.021434 9.995459e-01 0.989242 0.005910 9.999588e-01
0.992731 0.008674 9.999118e-01 0.958927 0.015942 9.996809e-01
0.911980 0.027009 9.989881e-01 0.906404 0.027875 9.989090e-01
0.826654 0.039157 9.974156e-01 0.825194 0.039341 9.973820e-01
0.738255 0.049227 9.948916e-01 0.714723 0.052315 9.938508e-01
0.656807 0.058268 9.909930e-01 0.588796 0.067944 9.848550e-01
0.591941 0.064149 9.866189e-01 0.469280 0.081429 9.663972e-01
0.546425 0.065927 9.834671e-01 0.371881 0.088403 9.387378e-01
0.517168 0.064795 9.821950e-01 0.300548 0.089271 9.075342e-01
0.499283 0.062366 9.822999e-01 0.251590 0.086769 8.792274e-01
0.488582 0.059707 9.830462e-01 0.219089 0.083296 8.569500e-01
0.482184 0.057311 9.839471e-01 0.197736 0.080174 8.404383e-01
0.478298 0.055336 9.847775e-01 0.183600 0.077875 8.279749e-01
0.475863 0.053779 9.854644e-01 0.174010 0.076400 8.179153e-01
0.474264 0.052580 9.860039e-01 0.167230 0.075566 8.091908e-01
0.473147 0.051667 9.864162e-01 0.162155 0.075157 8.012253e-01
0.472308 0.050975 9.867264e-01 0.158094 0.074997 7.937236e-01
0.471633 0.050451 9.869574e-01 0.154618 0.074959 7.865173e-01
0.471054 0.050054 9.871281e-01 0.151464 0.074965 7.794859e-01
0.470533 0.049753 9.872530e-01 0.148472 0.074971 7.725257e-01
0.470050 0.049523 9.873433e-01 0.145552 0.074956 7.655411e-01
0.469593 0.049348 9.874075e-01 0.142651 0.074913 7.584434e-01
0.469156 0.049213 9.874521e-01 0.139744 0.074846 7.511530e-01
0.468735 0.049110 9.874819e-01 0.136820 0.074761 7.436001e-01
0.468330 0.049030 9.875006e-01 0.133879 0.074665 7.357257e-01
0.467938 0.048969 9.875111e-01 0.130924 0.074567 7.274816e-01
0.467561 0.048920 9.875155e-01 0.127964 0.074473 7.188308e-01
0.467198 0.048882 9.875155e-01 0.125007 0.074389 7.097462e-01
0.466850 0.048852 9.875124e-01 0.122060 0.074320 7.002107e-01
