1.341101 0.236609 9.653003e-01 0.523502 0.308934 7.131766e-01
1.325859 0.230195 9.663596e-01 0.572969 0.287222 7.750735e-01
1.307630 0.221269 9.679915e-01 0.626666 0.260260 8.338968e-01
1.286027 0.209255 9.703315e-01 0.683825 0.228037 8.861920e-01
1.260791 0.193629 9.734840e-01 0.743038 0.191144 9.290025e-01
1.231929 0.174087 9.774583e-01 0.802118 0.151067 9.606496e-01
1.199897 0.150803 9.820854e-01 0.858105 0.110376 9.812511e-01
1.165741 0.124675 9.869629e-01 0.907596 0.072546 9.926756e-01
1.131057 0.097354 9.915168e-01 0.947492 0.041134 9.978282e-01
1.097669 0.070887 9.952068e-01 0.975926 0.018586 9.995813e-01
1.067136 0.047090 9.977563e-01 0.992805 0.005408 9.999657e-01
1.040377 0.027044 9.992203e-01 0.999595 0.000293 9.999999e-01
1.017608 0.010999 9.998651e-01 0.998554 0.000998 9.999988e-01
0.998539 0.001410 9.999977e-01 0.991966 0.005253 9.999676e-01
0.982628 0.010773 9.998612e-01 0.981696 0.011278 9.998476e-01
0.969285 0.017787 9.996113e-01 0.969077 0.017891 9.996065e-01
0.957975 0.023027 9.993332e-01 0.954985 0.024404 9.992464e-01
0.948257 0.026961 9.990673e-01 0.939957 0.030476 9.987874e-01
0.939787 0.029942 9.988291e-01 0.924314 0.035978 9.982534e-01
0.932300 0.032235 9.986213e-01 0.908240 0.040907 9.976628e-01
0.925600 0.034034 9.984410e-01 0.891842 0.045329 9.970256e-01
0.919538 0.035481 9.982835e-01 0.875186 0.049346 9.963420e-01
0.914004 0.036681 9.981435e-01 0.858318 0.053079 9.956030e-01
0.908914 0.037708 9.980163e-01 0.841277 0.056647 9.947912e-01
0.904206 0.038618 9.978979e-01 0.824103 0.060165 9.938823e-01
0.899834 0.039450 9.977853e-01 0.806839 0.063731 9.928461e-01
0.895760 0.040229 9.976762e-01 0.789532 0.067423 9.916487e-01
0.891957 0.040972 9.975691e-01 0.772235 0.071292 9.902535e-01
0.888403 0.041691 9.974633e-01 0.755004 0.075365 9.886237e-01
0.885080 0.042389 9.973581e-01 0.737899 0.079647 9.867241e-01
0.881974 0.043068 9.972539e-01 0.720977 0.084119 9.845227e-01
0.879072 0.043727 9.971507e-01 0.704295 0.088748 9.819930e-01
0.876363 0.044365 9.970491e-01 0.687909 0.093491 9.791150e-01
0.873836 0.044977 9.969498e-01 0.671865 0.098297 9.758769e-01
0.871481 0.045562 9.968533e-01 0.656209 0.103114 9.722753e-01
0.869289 0.046117 9.967603e-01 0.640977 0.107893 9.683157e-01
0.867250 0.046638 9.966713e-01 0.626199 0.112587 9.640122e-01
0.865355 0.047126 9.965867e-01 0.611899 0.117153 9.593869e-01
0.863596 0.047578 9.965070e-01 0.598092 0.121557 9.544687e-01
0.861963 0.047995 9.964323e-01 0.584789 0.125770 9.492918e-01
0.860449 0.048377 9.963628e-01 0.571994 0.129768 9.438947e-01
0.859044 0.048724 9.962986e-01 0.559706 0.133537 9.383184e-01
0.857741 0.049038 9.962396e-01 0.547919 0.137063 9.326048e-01
0.856533 0.049319 9.961858e-01 0.536625 0.140341 9.267957e-01
0.855412 0.049570 9.961369e-01 0.525811 0.143369 9.209317e-01
0.854372 0.049793 9.960928e-01 0.515463 0.146148 9.150508e-01
0.853406 0.049989 9.960532e-01 0.505563 0.148682 9.091882e-01
0.852508 0.050160 9.960180e-01 0.496094 0.150977 9.033757e-01
0.851674 0.050308 9.959867e-01 0.487036 0.153042 8.976412e-01
0.850896 0.050434 9.959592e-01 0.478372 0.154886 8.920090e-01
0.850172 0.050542 9.959351e-01 0.470081 0.156520 8.864995e-01
0.849497 0.050632 9.959143e-01 0.462143 0.157955 8.811293e-01
0.848866 0.050706 9.958963e-01 0.454541 0.159201 8.759118e-01
0.848275 0.050765 9.958811e-01 0.447255 0.160271 8.708571e-01
0.847723 0.050811 9.958683e-01 0.440267 0.161176 8.659724e-01
0.847205 0.050845 9.958577e-01 0.433561 0.161926 8.612627e-01
0.846719 0.050869 9.958491e-01 0.427120 0.162533 8.567303e-01
0.846262 0.050883 9.958423e-01 0.420928 0.163008 8.523760e-01
0.845832 0.050888 9.958372e-01 0.414970 0.163359 8.481987e-01
0.845426 0.050886 9.958336e-01 0.409233 0.163597 8.441963e-01
0.845043 0.050877 9.958313e-01 0.403703 0.163731 8.403653e-01
0.844682 0.050863 9.958301e-01 0.398369 0.163768 8.367014e-01
0.844339 0.050842 9.958301e-01 0.393217 0.163717 8.331998e-01
0.844015 0.050818 9.958309e-01 0.388239 0.163586 8.298549e-01
0.843707 0.050789 9.958327e-01 0.383422 0.163380 8.266609e-01
0.843415 0.050756 9.958351e-01 0.378759 0.163108 8.236118e-01
0.843137 0.050720 9.958382e-01 0.374240 0.162774 8.207013e-01
0.842872 0.050682 9.958419e-01 0.369858 0.162384 8.179231e-01
0.842619 0.050641 9.958461e-01 0.365603 0.161944 8.152711e-01
0.842378 0.050598 9.958508e-01 0.361470 0.161458 8.127389e-01
0.842148 0.050553 9.958558e-01 0.357452 0.160930 8.103206e-01
0.841928 0.050507 9.958612e-01 0.353542 0.160365 8.080102e-01
0.841717 0.050459 9.958669e-01 0.349736 0.159767 8.058018e-01
0.841515 0.050411 9.958728e-01 0.346026 0.159138 8.036901e-01
0.841321 0.050362 9.958789e-01 0.342410 0.158482 8.016696e-01
0.841135 0.050312 9.958852e-01 0.338881 0.157803 7.997352e-01
0.840956 0.050262 9.958916e-01 0.335437 0.157102 7.978820e-01
0.840784 0.050211 9.958982e-01 0.332072 0.156382 7.961053e-01
0.840618 0.050161 9.959048e-01 0.328783 0.155646 7.944006e-01
0.840458 0.050110 9.959115e-01 0.325567 0.154896 7.927637e-01
0.840304 0.050059 9.959183e-01 0.322420 0.154133 7.911905e-01
0.840156 0.050009 9.959251e-01 0.319340 0.153359 7.896772e-01
0.840013 0.049958 9.959319e-01 0.316324 0.152577 7.882201e-01
0.839874 0.049908 9.959387e-01 0.313368 0.151787 7.868159e-01
0.839740 0.049858 9.959454e-01 0.310471 0.150991 7.854610e-01
0.839611 0.049809 9.959522e-01 0.307631 0.150190 7.841526e-01
0.839486 0.049760 9.959589e-01 0.304844 0.149386 7.828874e-01
0.839365 0.049711 9.959656e-01 0.302110 0.148579 7.816628e-01
0.839247 0.049663 9.959722e-01 0.299426 0.147771 7.804761e-01
0.839133 0.049616 9.959788e-01 0.296790 0.146962 7.793245e-01
0.839023 0.049569 9.959853e-01 0.294202 0.146154 7.782058e-01
0.838916 0.049523 9.959917e-01 0.291658 0.145347 7.771176e-01
0.838812 0.049478 9.959981e-01 0.289159 0.144542 7.760575e-01
0.838711 0.049433 9.960043e-01 0.286701 0.143740 7.750236e-01
0.838613 0.049388 9.960105e-01 0.284285 0.142942 7.740136e-01
