-25.000000 2.184349 -56.793073 0.335427 9.734901e-01
-24.700000 2.183358 -56.112290 0.335276 9.734898e-01
-24.400000 2.182343 -55.431506 0.335122 9.734896e-01
-24.100000 2.181304 -54.750721 0.334964 9.734894e-01
-23.800000 2.180239 -54.069937 0.334802 9.734891e-01
-23.500000 2.179149 -53.389152 0.334636 9.734889e-01
-23.200000 2.178032 -52.708366 0.334466 9.734887e-01
-22.900000 2.176886 -52.027581 0.334292 9.734885e-01
-22.600000 2.175712 -51.346795 0.334113 9.734882e-01
-22.300000 2.174507 -50.666008 0.333929 9.734880e-01
-22.000000 2.173270 -49.985221 0.333740 9.734878e-01
-21.700000 2.172001 -49.304434 0.333547 9.734876e-01
-21.400000 2.170698 -48.623646 0.333348 9.734875e-01
-21.100000 2.169360 -47.942857 0.333143 9.734873e-01
-20.800000 2.167985 -47.262068 0.332933 9.734872e-01
-20.500000 2.166571 -46.581278 0.332717 9.734870e-01
-20.200000 2.165117 -45.900488 0.332494 9.734869e-01
-19.900000 2.163622 -45.219697 0.332265 9.734868e-01
-19.600000 2.162083 -44.538905 0.332029 9.734868e-01
-19.300000 2.160498 -43.858113 0.331786 9.734868e-01
-19.000000 2.158866 -43.177319 0.331535 9.734868e-01
-18.700000 2.157184 -42.496525 0.331277 9.734868e-01
-18.400000 2.155450 -41.815730 0.331010 9.734869e-01
-18.100000 2.153661 -41.134934 0.330734 9.734871e-01
-17.800000 2.151816 -40.454137 0.330450 9.734872e-01
-17.500000 2.149910 -39.773339 0.330155 9.734875e-01
-17.200000 2.147942 -39.092539 0.329851 9.734878e-01
-16.900000 2.145907 -38.411739 0.329536 9.734882e-01
-16.600000 2.143803 -37.730938 0.329210 9.734887e-01
-16.300000 2.141626 -37.050135 0.328871 9.734893e-01
-16.000000 2.139372 -36.369332 0.328521 9.734900e-01
-15.700000 2.137038 -35.688527 0.328157 9.734909e-01
-15.400000 2.134617 -35.007721 0.327779 9.734918e-01
-15.100000 2.132106 -34.326913 0.327387 9.734929e-01
-14.800000 2.129500 -33.646105 0.326978 9.734942e-01
-14.500000 2.126793 -32.965296 0.326553 9.734957e-01
-14.200000 2.123979 -32.284485 0.326110 9.734975e-01
-13.900000 2.121052 -31.603674 0.325648 9.734994e-01
-13.600000 2.118004 -30.922861 0.325166 9.735017e-01
-13.300000 2.114829 -30.242049 0.324663 9.735042e-01
-13.000000 2.111517 -29.561236 0.324136 9.735072e-01
-12.700000 2.108060 -28.880423 0.323584 9.735105e-01
-12.400000 2.104448 -28.199610 0.323006 9.735143e-01
-12.100000 2.100672 -27.518798 0.322399 9.735186e-01
-11.800000 2.096718 -26.837987 0.321762 9.735235e-01
-11.500000 2.092574 -26.157179 0.321091 9.735291e-01
-11.200000 2.088227 -25.476374 0.320385 9.735355e-01
-10.900000 2.083662 -24.795573 0.319639 9.735427e-01
-10.600000 2.078860 -24.114777 0.318851 9.735510e-01
-10.300000 2.073804 -23.433988 0.318017 9.735605e-01
-10.000000 2.068473 -22.753207 0.317133 9.735714e-01
-9.700000 2.062845 -22.072438 0.316193 9.735838e-01
-9.400000 2.056892 -21.391682 0.315193 9.735981e-01
-9.100000 2.050588 -20.710942 0.314126 9.736146e-01
-8.800000 2.043900 -20.030223 0.312986 9.736337e-01
-8.500000 2.036792 -19.349528 0.311763 9.736557e-01
-8.200000 2.029224 -18.668862 0.310450 9.736813e-01
-7.900000 2.021150 -17.988233 0.309035 9.737111e-01
-7.600000 2.012517 -17.307647 0.307505 9.737460e-01
-7.300000 2.003267 -16.627112 0.305846 9.737870e-01
-7.000000 1.993330 -15.946640 0.304041 9.738352e-01
-6.700000 1.982629 -15.266242 0.302070 9.738924e-01
-6.400000 1.971072 -14.585933 0.299908 9.739602e-01
-6.100000 1.958553 -13.905730 0.297527 9.740413e-01
-5.800000 1.944949 -13.225655 0.294892 9.741385e-01
-5.500000 1.930113 -12.545733 0.291961 9.742557e-01
-5.200000 1.913870 -11.865995 0.288682 9.743978e-01
-4.900000 1.896014 -11.186483 0.284994 9.745712e-01
-4.600000 1.876294 -10.507244 0.280817 9.747839e-01
-4.300000 1.854405 -9.828345 0.276053 9.750468e-01
-4.000000 1.829974 -9.149870 0.270575 9.753747e-01
-3.700000 1.802540 -8.471939 0.264217 9.757879e-01
-3.400000 1.771526 -7.794716 0.256758 9.763154e-01
-3.100000 1.736204 -7.118438 0.247889 9.769998e-01
-2.800000 1.695648 -6.443462 0.237175 9.779053e-01
-2.500000 1.648669 -5.770341 0.223978 9.791307e-01
-2.200000 1.593745 -5.099985 0.207366 9.808243e-01
-1.900000 1.528973 -4.434021 0.186025 9.831924e-01
-1.600000 1.452193 -3.775702 0.158348 9.864550e-01
-1.300000 1.361860 -3.132279 0.123295 9.906231e-01
-1.000000 1.260133 -2.520265 0.083397 9.949673e-01
-0.700000 1.158489 -1.969431 0.047800 9.980378e-01
-0.400000 1.074434 -1.504207 0.021960 9.995178e-01
-0.100000 1.013173 -1.114490 0.002494 9.999930e-01
0.200000 0.966395 -0.773116 0.012668 9.998016e-01
0.500000 0.925123 -0.462562 0.023544 9.992526e-01
0.800000 0.884099 -0.176820 0.031413 9.985442e-01
1.100000 13.276888 1.327689 1.013924 9.933100e-01
1.400000 0.797085 0.318834 0.042302 9.967578e-01
1.700000 0.753965 0.527775 0.046717 9.955858e-01
2.000000 0.714603 0.714603 0.050442 9.942788e-01
2.300000 0.680689 0.884896 0.053182 9.929999e-01
2.600000 0.652556 1.044089 0.054895 9.918936e-01
2.900000 0.629648 1.196330 0.055774 9.910200e-01
3.200000 0.611078 1.344372 0.056074 9.903696e-01
3.500000 0.595962 1.489906 0.056014 9.899012e-01
3.800000 0.583547 1.633931 0.055751 9.895691e-01
4.100000 0.573235 1.777028 0.055386 9.893340e-01
4.400000 0.564568 1.919532 0.054980 9.891663e-01
4.700000 0.557199 2.061635 0.054570 9.890446e-01
5.000000 0.550862 2.203448 0.054175 9.889539e-01
5.300000 0.545357 2.345036 0.053804 9.888843e-01
5.600000 0.540530 2.486437 0.053462 9.888290e-01
5.900000 0.536260 2.627674 0.053149 9.887832e-01
6.200000 0.532454 2.768760 0.052865 9.887440e-01
6.500000 0.529038 2.909707 0.052608 9.887094e-01
6.800000 0.525951 3.050519 0.052375 9.886779e-01
7.100000 0.523148 3.191202 0.052163 9.886486e-01
7.400000 0.520588 3.331761 0.051972 9.886209e-01
7.700000 0.518239 3.472201 0.051798 9.885946e-01
8.000000 0.516075 3.612526 0.051640 9.885692e-01
8.300000 0.514074 3.752739 0.051496 9.885446e-01
8.600000 0.512217 3.892846 0.051364 9.885208e-01
8.900000 0.510487 4.032850 0.051242 9.884976e-01
9.200000 0.508873 4.172756 0.051131 9.884750e-01
9.500000 0.507361 4.312569 0.051028 9.884531e-01
9.800000 0.505942 4.452291 0.050933 9.884317e-01
10.100000 0.504607 4.591927 0.050845 9.884109e-01
10.400000 0.503349 4.731481 0.050763 9.883907e-01
10.700000 0.502161 4.870957 0.050686 9.883710e-01
11.000000 0.501036 5.010359 0.050615 9.883519e-01
11.300000 0.499970 5.149690 0.050548 9.883334e-01
11.600000 0.498958 5.288954 0.050485 9.883154e-01
11.900000 0.497996 5.428154 0.050425 9.882980e-01
12.200000 0.497080 5.567293 0.050369 9.882811e-01
12.500000 0.496206 5.706374 0.050316 9.882648e-01
12.800000 0.495373 5.845400 0.050266 9.882489e-01
13.100000 0.494576 5.984374 0.050218 9.882336e-01
13.400000 0.493814 6.123298 0.050173 9.882188e-01
13.700000 0.493085 6.262175 0.050130 9.882045e-01
14.000000 0.492385 6.401007 0.050088 9.881907e-01
14.300000 0.491714 6.539797 0.050048 9.881773e-01
14.600000 0.491070 6.678547 0.050010 9.881644e-01
14.900000 0.490450 6.817258 0.049974 9.881520e-01
15.200000 0.489854 6.955933 0.049939 9.881399e-01
15.500000 0.489281 7.094574 0.049905 9.881283e-01
15.800000 0.488728 7.233181 0.049873 9.881171e-01
16.100000 0.488196 7.371758 0.049841 9.881063e-01
16.400000 0.487682 7.510305 0.049811 9.880958e-01
16.700000 0.487186 7.648823 0.049782 9.880857e-01
17.000000 0.486707 7.787315 0.049753 9.880760e-01
17.300000 0.486244 7.925782 0.049726 9.880666e-01
17.600000 0.485797 8.064224 0.049699 9.880575e-01
17.900000 0.485364 8.202644 0.049673 9.880488e-01
18.200000 0.484944 8.341041 0.049648 9.880403e-01
18.500000 0.484538 8.479418 0.049624 9.880322e-01
18.800000 0.484145 8.617775 0.049600 9.880243e-01
19.100000 0.483763 8.756113 0.049577 9.880167e-01
19.400000 0.483393 8.894434 0.049554 9.880094e-01
19.700000 0.483034 9.032737 0.049532 9.880023e-01
20.000000 0.482685 9.171024 0.049510 9.879955e-01
20.300000 0.482347 9.309296 0.049489 9.879889e-01
20.600000 0.482018 9.447553 0.049469 9.879825e-01
20.900000 0.481698 9.585795 0.049449 9.879764e-01
21.200000 0.481387 9.724025 0.049429 9.879704e-01
21.500000 0.481085 9.862242 0.049410 9.879647e-01
21.800000 0.480791 10.000446 0.049392 9.879591e-01
22.100000 0.480504 10.138639 0.049373 9.879537e-01
22.400000 0.480225 10.276821 0.049355 9.879486e-01
22.700000 0.479954 10.414992 0.049338 9.879435e-01
23.000000 0.479689 10.553153 0.049321 9.879387e-01
23.300000 0.479431 10.691305 0.049304 9.879340e-01
23.600000 0.479179 10.829447 0.049287 9.879295e-01
23.900000 0.478934 10.967581 0.049271 9.879251e-01
24.200000 0.478694 11.105706 0.049255 9.879209e-01
24.500000 0.478461 11.243823 0.049240 9.879167e-01
24.800000 0.478232 11.381933 0.049224 9.879128e-01
