-25.000000 1.370113 -35.622948 0.211675 9.731748e-01
-24.700000 1.369514 -35.196510 0.211515 9.731915e-01
-24.400000 1.368901 -34.770076 0.211350 9.732088e-01
-24.100000 1.368273 -34.343646 0.211181 9.732266e-01
-23.800000 1.367630 -33.917219 0.211008 9.732450e-01
-23.500000 1.366971 -33.490796 0.210829 9.732640e-01
-23.200000 1.366297 -33.064376 0.210645 9.732836e-01
-22.900000 1.365605 -32.637961 0.210456 9.733039e-01
-22.600000 1.364896 -32.211549 0.210262 9.733249e-01
-22.300000 1.364169 -31.785141 0.210062 9.733467e-01
-22.000000 1.363423 -31.358738 0.209856 9.733692e-01
-21.700000 1.362658 -30.932340 0.209644 9.733925e-01
-21.400000 1.361873 -30.505946 0.209425 9.734167e-01
-21.100000 1.361066 -30.079557 0.209200 9.734417e-01
-20.800000 1.360237 -29.653173 0.208968 9.734677e-01
-20.500000 1.359386 -29.226795 0.208728 9.734946e-01
-20.200000 1.358510 -28.800422 0.208480 9.735226e-01
-19.900000 1.357610 -28.374055 0.208225 9.735516e-01
-19.600000 1.356684 -27.947695 0.207961 9.735818e-01
-19.300000 1.355731 -27.521341 0.207688 9.736132e-01
-19.000000 1.354750 -27.094995 0.207406 9.736459e-01
-18.700000 1.353739 -26.668656 0.207113 9.736799e-01
-18.400000 1.352697 -26.242325 0.206811 9.737153e-01
-18.100000 1.351623 -25.816003 0.206498 9.737523e-01
-17.800000 1.350515 -25.389690 0.206173 9.737908e-01
-17.500000 1.349372 -24.963388 0.205836 9.738310e-01
-17.200000 1.348192 -24.537096 0.205486 9.738731e-01
-16.900000 1.346973 -24.110815 0.205123 9.739170e-01
-16.600000 1.345713 -23.684548 0.204745 9.739630e-01
-16.300000 1.344410 -23.258294 0.204353 9.740112e-01
-16.000000 1.343062 -22.832054 0.203944 9.740618e-01
-15.700000 1.341667 -22.405831 0.203518 9.741149e-01
-15.400000 1.340221 -21.979626 0.203074 9.741706e-01
-15.100000 1.338723 -21.553440 0.202610 9.742293e-01
-14.800000 1.337169 -21.127275 0.202126 9.742911e-01
-14.500000 1.335557 -20.701133 0.201619 9.743562e-01
-14.200000 1.333883 -20.275017 0.201089 9.744250e-01
-13.900000 1.332143 -19.848929 0.200534 9.744978e-01
-13.600000 1.330334 -19.422872 0.199951 9.745748e-01
-13.300000 1.328451 -18.996850 0.199338 9.746565e-01
-13.000000 1.326490 -18.570865 0.198694 9.747433e-01
-12.700000 1.324447 -18.144923 0.198016 9.748355e-01
-12.400000 1.322315 -17.719027 0.197301 9.749338e-01
-12.100000 1.320090 -17.293183 0.196546 9.750387e-01
-11.800000 1.317765 -16.867398 0.195747 9.751508e-01
-11.500000 1.315334 -16.441677 0.194901 9.752709e-01
-11.200000 1.312789 -16.016029 0.194004 9.753998e-01
-10.900000 1.310123 -15.590461 0.193051 9.755383e-01
-10.600000 1.307326 -15.164985 0.192036 9.756874e-01
-10.300000 1.304390 -14.739610 0.190953 9.758484e-01
-10.000000 1.301305 -14.314351 0.189797 9.760224e-01
-9.700000 1.298058 -13.889220 0.188560 9.762109e-01
-9.400000 1.294638 -13.464237 0.187233 9.764154e-01
-9.100000 1.291032 -13.039419 0.185808 9.766379e-01
-8.800000 1.287223 -12.614790 0.184273 9.768803e-01
-8.500000 1.283197 -12.190375 0.182618 9.771449e-01
-8.200000 1.278936 -11.766207 0.180829 9.774342e-01
-7.900000 1.274418 -11.342319 0.178891 9.777513e-01
-7.600000 1.269623 -10.918756 0.176787 9.780993e-01
-7.300000 1.264526 -10.495568 0.174498 9.784819e-01
-7.000000 1.259102 -10.072813 0.172003 9.789032e-01
-6.700000 1.253320 -9.650564 0.169277 9.793679e-01
-6.400000 1.247149 -9.228906 0.166292 9.798810e-01
-6.100000 1.240555 -8.807942 0.163018 9.804482e-01
-5.800000 1.233499 -8.387796 0.159417 9.810758e-01
-5.500000 1.225942 -7.968620 0.155450 9.817704e-01
-5.200000 1.217838 -7.550597 0.151073 9.825390e-01
-4.900000 1.209144 -7.133950 0.146235 9.833891e-01
-4.600000 1.199813 -6.718951 0.140881 9.843274e-01
-4.300000 1.189798 -6.305932 0.134953 9.853601e-01
-4.000000 1.179059 -5.895297 0.128391 9.864913e-01
-3.700000 1.167561 -5.487538 0.121134 9.877218e-01
-3.400000 1.155283 -5.083247 0.113131 9.890471e-01
-3.100000 1.142228 -4.683133 0.104343 9.904549e-01
-2.800000 1.128429 -4.288030 0.094762 9.919217e-01
-2.500000 1.113969 -3.898893 0.084423 9.934109e-01
-2.200000 1.098993 -3.516778 0.073430 9.948708e-01
-1.900000 1.083718 -3.142783 0.061976 9.962373e-01
-1.600000 1.068438 -2.777940 0.050351 9.974419e-01
-1.300000 1.053504 -2.423059 0.038929 9.984256e-01
-1.000000 1.039275 -2.078549 0.028115 9.991556e-01
-0.700000 1.026055 -1.744294 0.018260 9.996344e-01
-0.400000 1.014043 -1.419660 0.009593 9.998967e-01
-0.100000 1.003302 -1.103633 0.002192 9.999945e-01
0.200000 0.993791 -0.795033 0.003997 9.999813e-01
0.500000 0.985394 -0.492697 0.009106 9.999014e-01
0.800000 0.977967 -0.195593 0.013301 9.997864e-01
1.100000 16.147961 1.614796 1.864071 9.848441e-01
1.400000 0.965452 0.386181 0.019587 9.995249e-01
1.700000 0.960115 0.672081 0.021943 9.993972e-01
2.000000 0.955260 0.955260 0.023914 9.992768e-01
2.300000 0.950808 1.236051 0.025579 9.991649e-01
2.600000 0.946699 1.514718 0.027000 9.990615e-01
2.900000 0.942881 1.791475 0.028226 9.989662e-01
3.200000 0.939315 2.066494 0.029295 9.988780e-01
3.500000 0.935969 2.339921 0.030239 9.987961e-01
3.800000 0.932814 2.611880 0.031081 9.987195e-01
4.100000 0.929832 2.882479 0.031842 9.986475e-01
4.400000 0.927003 3.151810 0.032537 9.985793e-01
4.700000 0.924314 3.419961 0.033178 9.985143e-01
5.000000 0.921752 3.687009 0.033774 9.984519e-01
5.300000 0.919308 3.953026 0.034334 9.983917e-01
5.600000 0.916974 4.218079 0.034863 9.983334e-01
5.900000 0.914741 4.482231 0.035366 9.982767e-01
6.200000 0.912604 4.745542 0.035846 9.982214e-01
6.500000 0.910558 5.008067 0.036306 9.981674e-01
6.800000 0.908597 5.269860 0.036747 9.981145e-01
7.100000 0.906717 5.530972 0.037172 9.980628e-01
7.400000 0.904914 5.791449 0.037582 9.980121e-01
7.700000 0.903185 6.051336 0.037976 9.979625e-01
8.000000 0.901525 6.310676 0.038356 9.979139e-01
8.300000 0.899932 6.569506 0.038723 9.978664e-01
8.600000 0.898403 6.827865 0.039076 9.978200e-01
8.900000 0.896935 7.085787 0.039416 9.977748e-01
9.200000 0.895525 7.343302 0.039743 9.977306e-01
9.500000 0.894170 7.600441 0.040058 9.976876e-01
9.800000 0.892867 7.857231 0.040361 9.976458e-01
10.100000 0.891615 8.113697 0.040652 9.976051e-01
10.400000 0.890411 8.369862 0.040931 9.975656e-01
10.700000 0.889252 8.625747 0.041200 9.975272e-01
11.000000 0.888137 8.881373 0.041457 9.974901e-01
11.300000 0.887064 9.136757 0.041703 9.974540e-01
11.600000 0.886030 9.391916 0.041940 9.974192e-01
11.900000 0.885033 9.646865 0.042166 9.973854e-01
12.200000 0.884073 9.901618 0.042383 9.973528e-01
12.500000 0.883147 10.156189 0.042591 9.973213e-01
12.800000 0.882253 10.410587 0.042790 9.972908e-01
13.100000 0.881391 10.664826 0.042980 9.972614e-01
13.400000 0.880558 10.918914 0.043162 9.972330e-01
13.700000 0.879753 11.172860 0.043336 9.972056e-01
14.000000 0.878975 11.426673 0.043503 9.971792e-01
14.300000 0.878223 11.680362 0.043662 9.971537e-01
14.600000 0.877495 11.933931 0.043815 9.971291e-01
14.900000 0.876791 12.187390 0.043961 9.971053e-01
15.200000 0.876109 12.440742 0.044100 9.970824e-01
15.500000 0.875448 12.693995 0.044234 9.970604e-01
15.800000 0.874808 12.947153 0.044362 9.970391e-01
16.100000 0.874187 13.200221 0.044484 9.970186e-01
16.400000 0.873585 13.453204 0.044601 9.969988e-01
16.700000 0.873000 13.706105 0.044713 9.969797e-01
17.000000 0.872433 13.958928 0.044820 9.969613e-01
17.300000 0.871882 14.211677 0.044923 9.969436e-01
17.600000 0.871347 14.464356 0.045021 9.969265e-01
17.900000 0.870826 14.716967 0.045115 9.969100e-01
18.200000 0.870321 14.969514 0.045205 9.968941e-01
18.500000 0.869828 15.221998 0.045291 9.968788e-01
18.800000 0.869350 15.474424 0.045374 9.968639e-01
19.100000 0.868884 15.726792 0.045453 9.968497e-01
19.400000 0.868430 15.979105 0.045529 9.968359e-01
19.700000 0.867987 16.231366 0.045602 9.968226e-01
20.000000 0.867557 16.483576 0.045671 9.968097e-01
20.300000 0.867137 16.735737 0.045738 9.967973e-01
20.600000 0.866727 16.987852 0.045802 9.967854e-01
20.900000 0.866328 17.239920 0.045864 9.967738e-01
21.200000 0.865938 17.491946 0.045922 9.967626e-01
21.500000 0.865557 17.743929 0.045979 9.967518e-01
21.800000 0.865186 17.995871 0.046033 9.967414e-01
22.100000 0.864823 18.247773 0.046085 9.967313e-01
22.400000 0.864469 18.499638 0.046135 9.967216e-01
22.700000 0.864123 18.751465 0.046183 9.967122e-01
23.000000 0.863784 19.003257 0.046229 9.967031e-01
23.300000 0.863454 19.255014 0.046273 9.966943e-01
23.600000 0.863130 19.506737 0.046315 9.966858e-01
23.900000 0.862813 19.758428 0.046356 9.966775e-01
24.200000 0.862504 20.010087 0.046395 9.966696e-01
24.500000 0.862201 20.261715 0.046433 9.966619e-01
24.800000 0.861904 20.513314 0.046469 9.966544e-01
