-25.000000 1.437132 -37.365423 0.267453 9.615412e-01
-24.700000 1.436446 -36.916659 0.267244 9.615639e-01
-24.400000 1.435744 -36.467896 0.267029 9.615873e-01
-24.100000 1.435025 -36.019134 0.266808 9.616115e-01
-23.800000 1.434289 -35.570373 0.266580 9.616366e-01
-23.500000 1.433535 -35.121614 0.266346 9.616626e-01
-23.200000 1.432763 -34.672857 0.266105 9.616895e-01
-22.900000 1.431971 -34.224101 0.265858 9.617174e-01
-22.600000 1.431159 -33.775347 0.265602 9.617463e-01
-22.300000 1.430326 -33.326595 0.265339 9.617764e-01
-22.000000 1.429472 -32.877846 0.265068 9.618075e-01
-21.700000 1.428595 -32.429100 0.264789 9.618399e-01
-21.400000 1.427694 -31.980356 0.264501 9.618735e-01
-21.100000 1.426770 -31.531616 0.264204 9.619085e-01
-20.800000 1.425820 -31.082880 0.263897 9.619449e-01
-20.500000 1.424844 -30.634148 0.263580 9.619827e-01
-20.200000 1.423841 -30.185421 0.263252 9.620221e-01
-19.900000 1.422809 -29.736699 0.262914 9.620631e-01
-19.600000 1.421747 -29.287982 0.262564 9.621058e-01
-19.300000 1.420654 -28.839272 0.262202 9.621504e-01
-19.000000 1.419528 -28.390569 0.261827 9.621968e-01
-18.700000 1.418369 -27.941874 0.261438 9.622454e-01
-18.400000 1.417175 -27.493188 0.261036 9.622960e-01
-18.100000 1.415943 -27.044512 0.260619 9.623489e-01
-17.800000 1.414673 -26.595846 0.260186 9.624043e-01
-17.500000 1.413362 -26.147192 0.259737 9.624621e-01
-17.200000 1.412008 -25.698552 0.259271 9.625227e-01
-16.900000 1.410610 -25.249926 0.258786 9.625861e-01
-16.600000 1.409166 -24.801317 0.258283 9.626526e-01
-16.300000 1.407672 -24.352725 0.257759 9.627223e-01
-16.000000 1.406127 -23.904154 0.257213 9.627955e-01
-15.700000 1.404527 -23.455605 0.256645 9.628723e-01
-15.400000 1.402871 -23.007081 0.256053 9.629530e-01
-15.100000 1.401154 -22.558584 0.255435 9.630378e-01
-14.800000 1.399375 -22.110118 0.254791 9.631270e-01
-14.500000 1.397528 -21.661686 0.254118 9.632210e-01
-14.200000 1.395611 -21.213291 0.253415 9.633200e-01
-13.900000 1.393620 -20.764937 0.252679 9.634243e-01
-13.600000 1.391550 -20.316629 0.251909 9.635345e-01
-13.300000 1.389397 -19.868373 0.251103 9.636507e-01
-13.000000 1.387155 -19.420173 0.250258 9.637736e-01
-12.700000 1.384820 -18.972036 0.249371 9.639036e-01
-12.400000 1.382386 -18.523970 0.248441 9.640411e-01
-12.100000 1.379846 -18.075980 0.247462 9.641868e-01
-11.800000 1.377193 -17.628077 0.246434 9.643413e-01
-11.500000 1.374421 -17.180269 0.245351 9.645052e-01
-11.200000 1.371522 -16.732567 0.244210 9.646793e-01
-10.900000 1.368486 -16.284982 0.243007 9.648644e-01
-10.600000 1.365304 -15.837529 0.241737 9.650614e-01
-10.300000 1.361966 -15.390221 0.240394 9.652712e-01
-10.000000 1.358461 -14.943074 0.238974 9.654949e-01
-9.700000 1.354776 -14.496106 0.237471 9.657337e-01
-9.400000 1.350898 -14.049338 0.235877 9.659888e-01
-9.100000 1.346811 -13.602793 0.234185 9.662618e-01
-8.800000 1.342499 -13.156495 0.232386 9.665540e-01
-8.500000 1.337944 -12.710473 0.230473 9.668675e-01
-8.200000 1.333126 -12.264759 0.228434 9.672040e-01
-7.900000 1.328021 -11.819391 0.226258 9.675658e-01
-7.600000 1.322606 -11.374411 0.223933 9.679554e-01
-7.300000 1.316851 -10.929867 0.221444 9.683757e-01
-7.000000 1.310727 -10.485817 0.218775 9.688297e-01
-6.700000 1.304198 -10.042326 0.215907 9.693212e-01
-6.400000 1.297227 -9.599477 0.212820 9.698545e-01
-6.100000 1.289770 -9.157364 0.209488 9.704346e-01
-5.800000 1.281780 -8.716105 0.205882 9.710676e-01
-5.500000 1.273207 -8.275846 0.201968 9.717608e-01
-5.200000 1.263995 -7.836766 0.197704 9.725234e-01
-4.900000 1.254084 -7.399093 0.193035 9.733669e-01
-4.600000 1.243412 -6.963109 0.187896 9.743064e-01
-4.300000 1.231918 -6.529164 0.182199 9.753613e-01
-4.000000 1.219538 -6.097691 0.175830 9.765568e-01
-3.700000 1.206214 -5.669207 0.168639 9.779251e-01
-3.400000 1.191890 -5.244314 0.160431 9.795055e-01
-3.100000 1.176511 -4.823694 0.150961 9.813412e-01
-2.800000 1.160025 -4.408096 0.139940 9.834714e-01
-2.500000 1.142390 -3.998364 0.127064 9.859142e-01
-2.200000 1.123598 -3.595514 0.112089 9.886378e-01
-1.900000 1.103763 -3.200913 0.094978 9.915215e-01
-1.600000 1.083267 -2.816494 0.076148 9.943259e-01
-1.300000 1.062924 -2.444725 0.056714 9.967230e-01
-1.000000 1.043937 -2.087874 0.038416 9.984386e-01
-0.700000 1.027438 -1.746645 0.022928 9.994252e-01
-0.400000 1.013910 -1.419475 0.010997 9.998642e-01
-0.100000 1.003101 -1.103412 0.002311 9.999939e-01
0.200000 0.994406 -0.795525 0.003939 9.999819e-01
0.500000 0.987225 -0.493613 0.008543 9.999135e-01
0.800000 0.981108 -0.196222 0.012078 9.998250e-01
1.100000 16.255450 1.625545 1.910701 9.842950e-01
1.400000 0.970954 0.388382 0.017283 9.996342e-01
1.700000 0.966591 0.676614 0.019318 9.995389e-01
2.000000 0.962575 0.962575 0.021107 9.994450e-01
2.300000 0.958848 1.246502 0.022705 9.993529e-01
2.600000 0.955366 1.528585 0.024150 9.992626e-01
2.900000 0.952098 1.808986 0.025467 9.991744e-01
3.200000 0.949019 2.087843 0.026675 9.990884e-01
3.500000 0.946111 2.365276 0.027789 9.990047e-01
3.800000 0.943355 2.641394 0.028820 9.989233e-01
4.100000 0.940739 2.916292 0.029777 9.988443e-01
4.400000 0.938252 3.190057 0.030668 9.987677e-01
4.700000 0.935883 3.462766 0.031499 9.986935e-01
5.000000 0.933622 3.734490 0.032276 9.986217e-01
5.300000 0.931464 4.005294 0.033004 9.985522e-01
5.600000 0.929399 4.275237 0.033686 9.984852e-01
5.900000 0.927423 4.544374 0.034327 9.984204e-01
6.200000 0.925529 4.812753 0.034929 9.983579e-01
6.500000 0.923713 5.080420 0.035496 9.982976e-01
6.800000 0.921969 5.347419 0.036030 9.982394e-01
7.100000 0.920293 5.613786 0.036534 9.981834e-01
7.400000 0.918681 5.879559 0.037009 9.981293e-01
7.700000 0.917130 6.144770 0.037458 9.980773e-01
8.000000 0.915636 6.409451 0.037883 9.980271e-01
8.300000 0.914196 6.673629 0.038285 9.979788e-01
8.600000 0.912807 6.937332 0.038665 9.979322e-01
8.900000 0.911466 7.200584 0.039027 9.978873e-01
9.200000 0.910172 7.463407 0.039369 9.978440e-01
9.500000 0.908920 7.725823 0.039695 9.978022e-01
9.800000 0.907710 7.987852 0.040004 9.977620e-01
10.100000 0.906540 8.249513 0.040298 9.977231e-01
10.400000 0.905407 8.510823 0.040579 9.976857e-01
10.700000 0.904309 8.771798 0.040846 9.976495e-01
11.000000 0.903245 9.032453 0.041101 9.976145e-01
11.300000 0.902214 9.292804 0.041344 9.975807e-01
11.600000 0.901214 9.552863 0.041577 9.975481e-01
11.900000 0.900243 9.812644 0.041799 9.975165e-01
12.200000 0.899300 10.072158 0.042012 9.974860e-01
12.500000 0.898384 10.331418 0.042216 9.974564e-01
12.800000 0.897494 10.590433 0.042411 9.974278e-01
13.100000 0.896629 10.849215 0.042599 9.974001e-01
13.400000 0.895788 11.107773 0.042778 9.973732e-01
13.700000 0.894970 11.366117 0.042951 9.973472e-01
14.000000 0.894173 11.624255 0.043117 9.973220e-01
14.300000 0.893398 11.882196 0.043277 9.972975e-01
14.600000 0.892643 12.139948 0.043430 9.972737e-01
14.900000 0.891908 12.397519 0.043578 9.972507e-01
15.200000 0.891191 12.654917 0.043721 9.972283e-01
15.500000 0.890493 12.912148 0.043858 9.972065e-01
15.800000 0.889812 13.169220 0.043990 9.971854e-01
16.100000 0.889148 13.426139 0.044118 9.971649e-01
16.400000 0.888501 13.682910 0.044241 9.971450e-01
16.700000 0.887869 13.939542 0.044359 9.971256e-01
17.000000 0.887252 14.196038 0.044474 9.971068e-01
17.300000 0.886651 14.452405 0.044585 9.970885e-01
17.600000 0.886063 14.708648 0.044691 9.970707e-01
17.900000 0.885489 14.964772 0.044795 9.970534e-01
18.200000 0.884929 15.220781 0.044894 9.970365e-01
18.500000 0.884382 15.476682 0.044991 9.970201e-01
18.800000 0.883847 15.732478 0.045084 9.970042e-01
19.100000 0.883324 15.988173 0.045174 9.969887e-01
19.400000 0.882814 16.243772 0.045261 9.969737e-01
19.700000 0.882314 16.499278 0.045345 9.969590e-01
20.000000 0.881826 16.754696 0.045427 9.969447e-01
20.300000 0.881349 17.010029 0.045505 9.969308e-01
20.600000 0.880882 17.265281 0.045582 9.969173e-01
20.900000 0.880425 17.520454 0.045655 9.969042e-01
21.200000 0.879978 17.775553 0.045727 9.968914e-01
21.500000 0.879540 18.030580 0.045796 9.968789e-01
21.800000 0.879112 18.285538 0.045862 9.968668e-01
22.100000 0.878693 18.540430 0.045927 9.968550e-01
22.400000 0.878283 18.795259 0.045989 9.968436e-01
22.700000 0.877881 19.050027 0.046050 9.968324e-01
23.000000 0.877488 19.304736 0.046108 9.968215e-01
23.300000 0.877103 19.559390 0.046165 9.968109e-01
23.600000 0.876725 19.813990 0.046220 9.968006e-01
23.900000 0.876355 20.068538 0.046273 9.967906e-01
24.200000 0.875993 20.323037 0.046325 9.967808e-01
24.500000 0.875638 20.577489 0.046374 9.967713e-01
24.800000 0.875290 20.831894 0.046422 9.967621e-01
