1.245985 0.166436 9.798101e-01 0.578105 0.313141 7.469165e-01
1.236120 0.159143 9.812180e-01 0.619013 0.282812 8.057640e-01
1.225026 0.150682 9.828275e-01 0.661697 0.250139 8.583455e-01
1.212752 0.141145 9.845983e-01 0.705240 0.216146 9.021368e-01
1.199410 0.130702 9.864719e-01 0.748577 0.182043 9.360697e-01
1.185156 0.119583 9.883792e-01 0.790605 0.149065 9.605651e-01
1.170171 0.108049 9.902498e-01 0.830300 0.118318 9.770865e-01
1.154630 0.096352 9.920222e-01 0.866809 0.090659 9.875248e-01
1.138684 0.084706 9.936499e-01 0.899490 0.066634 9.937023e-01
1.122439 0.073269 9.951032e-01 0.927912 0.046497 9.971086e-01
1.105957 0.062138 9.963677e-01 0.951805 0.030264 9.988338e-01
1.089250 0.051344 9.974406e-01 0.971012 0.017788 9.996126e-01
1.072285 0.040859 9.983260e-01 0.985426 0.008838 9.999071e-01
1.054987 0.030599 9.990294e-01 0.994930 0.003179 9.999882e-01
1.037250 0.020433 9.995521e-01 0.999352 0.000666 9.999995e-01
1.018953 0.010200 9.998843e-01 0.998422 0.001159 9.999984e-01
0.999988 0.000455 9.999998e-01 0.991766 0.004806 9.999729e-01
0.980294 0.011106 9.998518e-01 0.978947 0.011846 9.998309e-01
0.959903 0.022332 9.993754e-01 0.959560 0.022521 9.993643e-01
0.938966 0.033895 9.984974e-01 0.933377 0.036983 9.981902e-01
0.917763 0.045603 9.971567e-01 0.900510 0.055133 9.956898e-01
0.896681 0.057165 9.953283e-01 0.861516 0.076519 9.909719e-01
0.876157 0.068244 9.930424e-01 0.817410 0.100334 9.828979e-01
0.856612 0.078528 9.903881e-01 0.769555 0.125529 9.701882e-01
0.838390 0.087781 9.874981e-01 0.719479 0.150988 9.516017e-01
0.821719 0.095873 9.845226e-01 0.668674 0.175701 9.261537e-01
0.806712 0.102771 9.816023e-01 0.618443 0.198868 8.933244e-01
0.793379 0.108519 9.788508e-01 0.569818 0.219937 8.532080e-01
0.781653 0.113211 9.763472e-01 0.523539 0.238582 8.065626e-01
0.771420 0.116965 9.741372e-01 0.480084 0.254665 7.547404e-01
