-25.000000 1.265964 -32.915077 0.160831 9.817021e-01
-24.700000 1.265420 -32.521292 0.160653 9.817265e-01
-24.400000 1.264863 -32.127525 0.160469 9.817518e-01
-24.100000 1.264294 -31.733777 0.160279 9.817780e-01
-23.800000 1.263712 -31.340048 0.160084 9.818052e-01
-23.500000 1.263116 -30.946338 0.159882 9.818334e-01
-23.200000 1.262506 -30.552649 0.159674 9.818626e-01
-22.900000 1.261882 -30.158981 0.159459 9.818930e-01
-22.600000 1.261243 -29.765335 0.159237 9.819245e-01
-22.300000 1.260588 -29.371712 0.159007 9.819572e-01
-22.000000 1.259918 -28.978112 0.158770 9.819913e-01
-21.700000 1.259231 -28.584537 0.158524 9.820266e-01
-21.400000 1.258526 -28.190987 0.158271 9.820634e-01
-21.100000 1.257804 -27.797463 0.158008 9.821017e-01
-20.800000 1.257063 -27.403967 0.157736 9.821415e-01
-20.500000 1.256302 -27.010498 0.157454 9.821830e-01
-20.200000 1.255522 -26.617059 0.157161 9.822262e-01
-19.900000 1.254720 -26.223650 0.156858 9.822713e-01
-19.600000 1.253897 -25.830273 0.156544 9.823182e-01
-19.300000 1.253051 -25.436928 0.156218 9.823672e-01
-19.000000 1.252181 -25.043617 0.155879 9.824183e-01
-18.700000 1.251286 -24.650342 0.155526 9.824717e-01
-18.400000 1.250366 -24.257103 0.155160 9.825275e-01
-18.100000 1.249419 -23.863901 0.154779 9.825857e-01
-17.800000 1.248444 -23.470740 0.154383 9.826467e-01
-17.500000 1.247439 -23.077619 0.153970 9.827104e-01
-17.200000 1.246403 -22.684541 0.153540 9.827772e-01
-16.900000 1.245336 -22.291507 0.153091 9.828471e-01
-16.600000 1.244234 -21.898519 0.152623 9.829203e-01
-16.300000 1.243097 -21.505580 0.152135 9.829971e-01
-16.000000 1.241923 -21.112691 0.151624 9.830777e-01
-15.700000 1.240710 -20.719854 0.151091 9.831622e-01
-15.400000 1.239456 -20.327071 0.150532 9.832511e-01
-15.100000 1.238158 -19.934346 0.149948 9.833444e-01
-14.800000 1.236815 -19.541680 0.149336 9.834426e-01
-14.500000 1.235424 -19.149078 0.148694 9.835459e-01
-14.200000 1.233983 -18.756540 0.148021 9.836547e-01
-13.900000 1.232488 -18.364072 0.147313 9.837693e-01
-13.600000 1.230937 -17.971676 0.146570 9.838902e-01
-13.300000 1.229326 -17.579357 0.145788 9.840178e-01
-13.000000 1.227651 -17.187119 0.144965 9.841525e-01
-12.700000 1.225910 -16.794966 0.144097 9.842948e-01
-12.400000 1.224097 -16.402904 0.143182 9.844453e-01
-12.100000 1.222209 -16.010939 0.142216 9.846046e-01
-11.800000 1.220240 -15.619078 0.141195 9.847732e-01
-11.500000 1.218186 -15.227328 0.140115 9.849520e-01
-11.200000 1.216041 -14.835697 0.138971 9.851415e-01
-10.900000 1.213798 -14.444195 0.137758 9.853427e-01
-10.600000 1.211451 -14.052833 0.136471 9.855564e-01
-10.300000 1.208993 -13.661624 0.135104 9.857835e-01
-10.000000 1.206417 -13.270583 0.133649 9.860251e-01
-9.700000 1.203713 -12.879726 0.132100 9.862821e-01
-9.400000 1.200872 -12.489074 0.130449 9.865558e-01
-9.100000 1.197886 -12.098650 0.128687 9.868473e-01
-8.800000 1.194743 -11.708481 0.126805 9.871579e-01
-8.500000 1.191432 -11.318601 0.124792 9.874890e-01
-8.200000 1.187940 -10.929048 0.122637 9.878419e-01
-7.900000 1.184255 -10.539869 0.120328 9.882179e-01
-7.600000 1.180363 -10.151119 0.117853 9.886185e-01
-7.300000 1.176249 -9.762864 0.115197 9.890447e-01
-7.000000 1.171898 -9.375185 0.112347 9.894977e-01
-6.700000 1.167296 -8.988177 0.109289 9.899782e-01
-6.400000 1.162426 -8.601955 0.106009 9.904867e-01
-6.100000 1.157276 -8.216659 0.102494 9.910229e-01
-5.800000 1.151831 -7.832452 0.098733 9.915859e-01
-5.500000 1.146082 -7.449532 0.094719 9.921738e-01
-5.200000 1.140020 -7.068127 0.090447 9.927832e-01
-4.900000 1.133645 -6.688503 0.085921 9.934099e-01
-4.600000 1.126958 -6.310964 0.081150 9.940476e-01
-4.300000 1.119970 -5.935841 0.076155 9.946888e-01
-4.000000 1.112699 -5.563495 0.070963 9.953249e-01
-3.700000 1.105169 -5.194292 0.065612 9.959461e-01
-3.400000 1.097408 -4.828597 0.060146 9.965430e-01
-3.100000 1.089451 -4.466748 0.054612 9.971065e-01
-2.800000 1.081327 -4.109043 0.049055 9.976289e-01
-2.500000 1.073065 -3.755727 0.043517 9.981044e-01
-2.200000 1.064686 -3.406995 0.038028 9.985289e-01
-1.900000 1.056203 -3.062990 0.032609 9.989004e-01
-1.600000 1.047621 -2.723815 0.027270 9.992181e-01
-1.300000 1.038935 -2.389550 0.022007 9.994821e-01
-1.000000 1.030131 -2.060263 0.016807 9.996927e-01
-0.700000 1.021191 -1.736025 0.011646 9.998498e-01
-0.400000 1.012089 -1.416925 0.006493 9.999525e-01
-0.100000 1.002797 -1.103077 0.001327 9.999980e-01
0.200000 0.993289 -0.794631 0.003964 9.999816e-01
0.500000 0.983544 -0.491772 0.009321 9.998963e-01
0.800000 0.973558 -0.194712 0.014810 9.997328e-01
1.100000 15.976308 1.597631 1.766037 9.860849e-01
1.400000 0.952939 0.381175 0.026177 9.991293e-01
1.700000 0.942410 0.659687 0.031993 9.986709e-01
2.000000 0.931845 0.931845 0.037817 9.981016e-01
2.300000 0.921347 1.197751 0.043571 9.974240e-01
2.600000 0.911023 1.457638 0.049173 9.966469e-01
2.900000 0.900974 1.711851 0.054549 9.957846e-01
3.200000 0.891285 1.960827 0.059640 9.948556e-01
3.500000 0.882020 2.205050 0.064407 9.938797e-01
3.800000 0.873222 2.445022 0.068827 9.928765e-01
4.100000 0.864915 2.681238 0.072895 9.918638e-01
4.400000 0.857107 2.914163 0.076615 9.908570e-01
4.700000 0.849791 3.144225 0.080001 9.898686e-01
5.000000 0.842952 3.371807 0.083073 9.889085e-01
5.300000 0.836569 3.597248 0.085851 9.879839e-01
5.600000 0.830619 3.820845 0.088359 9.871001e-01
5.900000 0.825072 4.042855 0.090620 9.862603e-01
6.200000 0.819904 4.263498 0.092655 9.854663e-01
6.500000 0.815085 4.482966 0.094485 9.847189e-01
6.800000 0.810590 4.701420 0.096130 9.840177e-01
7.100000 0.806393 4.918999 0.097607 9.833617e-01
7.400000 0.802472 5.135822 0.098934 9.827496e-01
7.700000 0.798805 5.351991 0.100125 9.821794e-01
8.000000 0.795370 5.567591 0.101195 9.816491e-01
8.300000 0.792150 5.782697 0.102154 9.811565e-01
8.600000 0.789128 5.997373 0.103016 9.806994e-01
8.900000 0.786287 6.211671 0.103788 9.802755e-01
9.200000 0.783615 6.425640 0.104482 9.798825e-01
9.500000 0.781096 6.639319 0.105104 9.795185e-01
9.800000 0.778721 6.852743 0.105661 9.791812e-01
10.100000 0.776477 7.065942 0.106162 9.788687e-01
10.400000 0.774356 7.278943 0.106610 9.785792e-01
10.700000 0.772347 7.491768 0.107012 9.783109e-01
11.000000 0.770444 7.704437 0.107372 9.780623e-01
11.300000 0.768638 7.916967 0.107694 9.778318e-01
11.600000 0.766922 8.129374 0.107983 9.776179e-01
11.900000 0.765291 8.341670 0.108241 9.774195e-01
12.200000 0.763738 8.553868 0.108471 9.772353e-01
12.500000 0.762259 8.765978 0.108677 9.770641e-01
12.800000 0.760848 8.978009 0.108860 9.769051e-01
13.100000 0.759502 9.189968 0.109023 9.767572e-01
13.400000 0.758215 9.401864 0.109168 9.766195e-01
13.700000 0.756984 9.613702 0.109296 9.764913e-01
14.000000 0.755807 9.825488 0.109410 9.763719e-01
14.300000 0.754679 10.037228 0.109510 9.762605e-01
14.600000 0.753597 10.248924 0.109598 9.761565e-01
14.900000 0.752560 10.460582 0.109675 9.760595e-01
15.200000 0.751564 10.672204 0.109742 9.759688e-01
15.500000 0.750607 10.883795 0.109800 9.758840e-01
15.800000 0.749686 11.095357 0.109850 9.758047e-01
16.100000 0.748801 11.306891 0.109893 9.757304e-01
16.400000 0.747948 11.518402 0.109929 9.756608e-01
16.700000 0.747127 11.729890 0.109959 9.755955e-01
17.000000 0.746335 11.941357 0.109984 9.755342e-01
17.300000 0.745571 12.152805 0.110004 9.754767e-01
17.600000 0.744833 12.364236 0.110019 9.754226e-01
17.900000 0.744121 12.575650 0.110030 9.753718e-01
18.200000 0.743433 12.787049 0.110038 9.753239e-01
18.500000 0.742768 12.998434 0.110043 9.752789e-01
18.800000 0.742124 13.209806 0.110044 9.752364e-01
19.100000 0.741501 13.421166 0.110043 9.751963e-01
19.400000 0.740898 13.632515 0.110039 9.751586e-01
19.700000 0.740313 13.843853 0.110033 9.751229e-01
20.000000 0.739746 14.055180 0.110025 9.750892e-01
20.300000 0.739197 14.266498 0.110016 9.750573e-01
20.600000 0.738664 14.477808 0.110004 9.750272e-01
20.900000 0.738146 14.689108 0.109992 9.749986e-01
21.200000 0.737644 14.900401 0.109978 9.749716e-01
21.500000 0.737155 15.111686 0.109963 9.749460e-01
21.800000 0.736681 15.322964 0.109947 9.749217e-01
22.100000 0.736220 15.534234 0.109930 9.748986e-01
22.400000 0.735771 15.745499 0.109912 9.748767e-01
22.700000 0.735334 15.956756 0.109893 9.748559e-01
23.000000 0.734909 16.168008 0.109874 9.748362e-01
23.300000 0.734496 16.379254 0.109854 9.748174e-01
23.600000 0.734093 16.590494 0.109834 9.747995e-01
23.900000 0.733700 16.801729 0.109813 9.747825e-01
24.200000 0.733317 17.012958 0.109792 9.747663e-01
24.500000 0.732944 17.224182 0.109770 9.747509e-01
24.800000 0.732580 17.435402 0.109749 9.747361e-01
