1.376052 0.292807 9.503084e-01 0.555151 0.298954 7.491216e-01
1.354941 0.290332 9.496460e-01 0.611010 0.285618 7.985007e-01
1.329981 0.283924 9.500009e-01 0.669556 0.267346 8.445095e-01
1.299620 0.269992 9.525244e-01 0.731635 0.237828 8.912429e-01
1.261764 0.244164 9.585480e-01 0.797672 0.192739 9.368351e-01
1.215350 0.203859 9.685300e-01 0.864770 0.134667 9.727572e-01
1.163214 0.152627 9.805052e-01 0.924660 0.075904 9.922781e-01
1.112575 0.100838 9.906025e-01 0.967842 0.031681 9.987641e-01
1.070290 0.058596 9.965506e-01 0.991358 0.008068 9.999235e-01
1.038462 0.029163 9.990901e-01 0.999565 0.000375 9.999998e-01
1.015337 0.010234 9.998827e-01 0.998592 0.001109 9.999986e-01
0.998203 0.001957 9.999956e-01 0.992714 0.005222 9.999680e-01
0.984906 0.009989 9.998812e-01 0.984146 0.010406 9.998709e-01
0.974067 0.015774 9.996972e-01 0.973898 0.015860 9.996938e-01
0.964871 0.020200 9.994941e-01 0.962438 0.021370 9.994310e-01
0.956843 0.023767 9.992880e-01 0.950019 0.026894 9.990754e-01
0.949697 0.026748 9.990848e-01 0.936819 0.032415 9.986193e-01
0.943253 0.029299 9.988870e-01 0.922981 0.037912 9.980553e-01
0.937391 0.031517 9.986962e-01 0.908632 0.043359 9.973772e-01
0.932024 0.033466 9.985132e-01 0.893884 0.048726 9.965803e-01
0.927087 0.035191 9.983388e-01 0.878837 0.053988 9.956607e-01
0.922530 0.036725 9.981731e-01 0.863577 0.059127 9.946154e-01
0.918309 0.038096 9.980164e-01 0.848182 0.064128 9.934417e-01
0.914392 0.039325 9.978686e-01 0.832715 0.068983 9.921370e-01
0.910748 0.040429 9.977295e-01 0.817234 0.073687 9.906984e-01
0.907351 0.041422 9.975990e-01 0.801785 0.078240 9.891228e-01
0.904180 0.042318 9.974767e-01 0.786410 0.082644 9.874066e-01
0.901214 0.043127 9.973623e-01 0.771142 0.086902 9.855459e-01
0.898437 0.043859 9.972555e-01 0.756011 0.091020 9.835362e-01
0.895833 0.044520 9.971559e-01 0.741038 0.095003 9.813728e-01
0.893387 0.045119 9.970631e-01 0.726245 0.098857 9.790502e-01
0.891087 0.045661 9.969768e-01 0.711645 0.102590 9.765627e-01
0.888922 0.046152 9.968966e-01 0.697251 0.106208 9.739040e-01
0.886882 0.046598 9.968221e-01 0.683073 0.109717 9.710674e-01
0.884956 0.047002 9.967529e-01 0.669116 0.113124 9.680456e-01
0.883137 0.047368 9.966887e-01 0.655384 0.116437 9.648308e-01
0.881417 0.047701 9.966291e-01 0.641881 0.119659 9.614149e-01
0.879788 0.048003 9.965738e-01 0.628608 0.122799 9.577892e-01
0.878244 0.048278 9.965224e-01 0.615564 0.125860 9.539447e-01
0.876779 0.048528 9.964747e-01 0.602748 0.128849 9.498720e-01
0.875388 0.048756 9.964303e-01 0.590159 0.131769 9.455616e-01
0.874065 0.048964 9.963891e-01 0.577795 0.134626 9.410038e-01
0.872807 0.049154 9.963506e-01 0.565652 0.137421 9.361889e-01
0.871608 0.049328 9.963148e-01 0.553728 0.140159 9.311076e-01
0.870466 0.049487 9.962814e-01 0.542021 0.142841 9.257505e-01
0.869376 0.049633 9.962502e-01 0.530527 0.145470 9.201091e-01
0.868336 0.049767 9.962210e-01 0.519243 0.148047 9.141752e-01
0.867343 0.049889 9.961937e-01 0.508168 0.150573 9.079414e-01
0.866393 0.050003 9.961681e-01 0.497299 0.153049 9.014015e-01
0.865485 0.050106 9.961442e-01 0.486633 0.155475 8.945500e-01
0.864617 0.050202 9.961218e-01 0.476169 0.157850 8.873831e-01
0.863786 0.050290 9.961008e-01 0.465904 0.160175 8.798978e-01
0.862990 0.050371 9.960811e-01 0.455838 0.162448 8.720932e-01
0.862228 0.050445 9.960626e-01 0.445968 0.164668 8.639696e-01
0.861498 0.050513 9.960454e-01 0.436294 0.166836 8.555292e-01
0.860798 0.050576 9.960292e-01 0.426814 0.168949 8.467758e-01
0.860127 0.050632 9.960141e-01 0.417527 0.171006 8.377154e-01
0.859484 0.050684 9.960001e-01 0.408432 0.173007 8.283554e-01
0.858868 0.050731 9.959870e-01 0.399528 0.174950 8.187054e-01
0.858277 0.050773 9.959748e-01 0.390814 0.176833 8.087767e-01
0.857711 0.050811 9.959635e-01 0.382289 0.178656 7.985825e-01
0.857168 0.050844 9.959531e-01 0.373951 0.180417 7.881378e-01
0.856647 0.050874 9.959436e-01 0.365800 0.182116 7.774588e-01
0.856147 0.050899 9.959348e-01 0.357835 0.183751 7.665637e-01
0.855668 0.050921 9.959268e-01 0.350053 0.185322 7.554718e-01
0.855209 0.050940 9.959195e-01 0.342453 0.186827 7.442036e-01
0.854769 0.050954 9.959129e-01 0.335033 0.188266 7.327804e-01
0.854347 0.050966 9.959071e-01 0.327793 0.189639 7.212247e-01
0.853942 0.050974 9.959019e-01 0.320729 0.190946 7.095592e-01
