-25.000000 1.882595 -48.947466 0.307096 9.701864e-01
-24.700000 1.881784 -48.361852 0.306990 9.701815e-01
-24.400000 1.880954 -47.776243 0.306881 9.701766e-01
-24.100000 1.880105 -47.190636 0.306769 9.701716e-01
-23.800000 1.879235 -46.605033 0.306654 9.701665e-01
-23.500000 1.878344 -46.019434 0.306536 9.701613e-01
-23.200000 1.877431 -45.433838 0.306415 9.701560e-01
-22.900000 1.876496 -44.848246 0.306290 9.701507e-01
-22.600000 1.875536 -44.262657 0.306162 9.701452e-01
-22.300000 1.874552 -43.677072 0.306031 9.701397e-01
-22.000000 1.873543 -43.091491 0.305896 9.701340e-01
-21.700000 1.872507 -42.505913 0.305757 9.701283e-01
-21.400000 1.871444 -41.920339 0.305614 9.701225e-01
-21.100000 1.870352 -41.334769 0.305467 9.701166e-01
-20.800000 1.869229 -40.749203 0.305315 9.701106e-01
-20.500000 1.868076 -40.163640 0.305159 9.701045e-01
-20.200000 1.866891 -39.578082 0.304998 9.700982e-01
-19.900000 1.865671 -38.992527 0.304832 9.700919e-01
-19.600000 1.864416 -38.406976 0.304661 9.700855e-01
-19.300000 1.863125 -37.821429 0.304484 9.700789e-01
-19.000000 1.861794 -37.235886 0.304302 9.700723e-01
-18.700000 1.860424 -36.650347 0.304113 9.700655e-01
-18.400000 1.859011 -36.064812 0.303918 9.700587e-01
-18.100000 1.857554 -35.479281 0.303716 9.700517e-01
-17.800000 1.856051 -34.893754 0.303507 9.700446e-01
-17.500000 1.854499 -34.308231 0.303291 9.700374e-01
-17.200000 1.852896 -33.722713 0.303067 9.700301e-01
-16.900000 1.851240 -33.137199 0.302835 9.700227e-01
-16.600000 1.849528 -32.551689 0.302594 9.700152e-01
-16.300000 1.847756 -31.966184 0.302343 9.700076e-01
-16.000000 1.845923 -31.380683 0.302083 9.699999e-01
-15.700000 1.844023 -30.795188 0.301813 9.699921e-01
-15.400000 1.842055 -30.209697 0.301531 9.699843e-01
-15.100000 1.840013 -29.624211 0.301238 9.699763e-01
-14.800000 1.837894 -29.038731 0.300933 9.699683e-01
-14.500000 1.835694 -28.453256 0.300614 9.699603e-01
-14.200000 1.833407 -27.867788 0.300281 9.699522e-01
-13.900000 1.831029 -27.282326 0.299933 9.699441e-01
-13.600000 1.828553 -26.696870 0.299569 9.699360e-01
-13.300000 1.825974 -26.111422 0.299188 9.699279e-01
-13.000000 1.823284 -25.525982 0.298789 9.699199e-01
-12.700000 1.820478 -24.940550 0.298369 9.699120e-01
-12.400000 1.817547 -24.355128 0.297928 9.699042e-01
-12.100000 1.814482 -23.769717 0.297465 9.698966e-01
-11.800000 1.811275 -23.184318 0.296976 9.698893e-01
-11.500000 1.807915 -22.598931 0.296460 9.698824e-01
-11.200000 1.804390 -22.013560 0.295915 9.698758e-01
-10.900000 1.800690 -21.428206 0.295339 9.698698e-01
-10.600000 1.796799 -20.842870 0.294728 9.698645e-01
-10.300000 1.792704 -20.257557 0.294079 9.698600e-01
-10.000000 1.788388 -19.672270 0.293388 9.698564e-01
-9.700000 1.783833 -19.087011 0.292653 9.698541e-01
-9.400000 1.779018 -18.501787 0.291867 9.698533e-01
-9.100000 1.773921 -17.916602 0.291026 9.698543e-01
-8.800000 1.768517 -17.331464 0.290124 9.698575e-01
-8.500000 1.762777 -16.746381 0.289153 9.698633e-01
-8.200000 1.756670 -16.161363 0.288106 9.698724e-01
-7.900000 1.750160 -15.576421 0.286974 9.698855e-01
-7.600000 1.743206 -14.991570 0.285746 9.699034e-01
-7.300000 1.735763 -14.406829 0.284409 9.699274e-01
-7.000000 1.727777 -13.822220 0.282949 9.699588e-01
-6.700000 1.719191 -13.237769 0.281346 9.699994e-01
-6.400000 1.709934 -12.653512 0.279581 9.700515e-01
-6.100000 1.699928 -12.069492 0.277626 9.701182e-01
-5.800000 1.689083 -11.485762 0.275449 9.702033e-01
-5.500000 1.677291 -10.902391 0.273011 9.703122e-01
-5.200000 1.664430 -10.319468 0.270260 9.704518e-01
-4.900000 1.650357 -9.737105 0.267132 9.706319e-01
-4.600000 1.634901 -9.155447 0.263545 9.708654e-01
-4.300000 1.617864 -8.574681 0.259387 9.711708e-01
-4.000000 1.599010 -7.995048 0.254515 9.715733e-01
-3.700000 1.578055 -7.416857 0.248735 9.721086e-01
-3.400000 1.554660 -6.840504 0.241786 9.728262e-01
-3.100000 1.528413 -6.266495 0.233314 9.737945e-01
-2.800000 1.498809 -5.695475 0.222845 9.751062e-01
-2.500000 1.465221 -5.128275 0.209746 9.768822e-01
-2.200000 1.426874 -4.565996 0.193189 9.792690e-01
-1.900000 1.382822 -4.010184 0.172163 9.824140e-01
-1.600000 1.332010 -3.463226 0.145637 9.863825e-01
-1.300000 1.273602 -2.929285 0.113189 9.909609e-01
-1.000000 1.208012 -2.416024 0.076638 9.953735e-01
-0.700000 1.138412 -1.935300 0.042093 9.984236e-01
-0.400000 1.069328 -1.497059 0.018023 9.996721e-01
-0.100000 1.001385 -1.101524 0.012275 9.998265e-01
0.200000 0.931657 -0.745325 0.022506 9.993265e-01
0.500000 0.859117 -0.429558 0.037955 9.977511e-01
0.800000 0.786998 -0.157400 0.055578 9.942735e-01
1.100000 10.904868 1.090487 0.253531 9.993762e-01
1.400000 0.663846 0.265538 0.086408 9.808099e-01
1.700000 0.617068 0.431948 0.097131 9.721821e-01
2.000000 0.579048 0.579048 0.105083 9.633607e-01
2.300000 0.548068 0.712488 0.110936 9.548225e-01
2.600000 0.522631 0.836210 0.115246 9.468309e-01
2.900000 0.501569 0.952982 0.118419 9.395204e-01
3.200000 0.483992 1.064783 0.120745 9.329439e-01
3.500000 0.469214 1.173034 0.122436 9.270999e-01
3.800000 0.456700 1.278759 0.123650 9.219518e-01
4.100000 0.446030 1.382693 0.124506 9.174430e-01
4.400000 0.436871 1.485362 0.125090 9.135078e-01
4.700000 0.428957 1.587141 0.125471 9.100792e-01
5.000000 0.422074 1.688297 0.125697 9.070933e-01
5.300000 0.416051 1.789021 0.125807 9.044914e-01
5.600000 0.410750 1.889450 0.125829 9.022213e-01
5.900000 0.406057 1.989678 0.125785 9.002373e-01
6.200000 0.401880 2.089775 0.125692 8.984997e-01
6.500000 0.398144 2.189789 0.125562 8.969745e-01
6.800000 0.394785 2.289755 0.125405 8.956325e-01
7.100000 0.391753 2.389695 0.125229 8.944489e-01
7.400000 0.389004 2.489627 0.125038 8.934023e-01
7.700000 0.386502 2.589563 0.124838 8.924747e-01
8.000000 0.384216 2.689509 0.124632 8.916506e-01
8.300000 0.382119 2.789472 0.124422 8.909167e-01
8.600000 0.380191 2.889454 0.124211 8.902616e-01
8.900000 0.378412 2.989456 0.124000 8.896758e-01
9.200000 0.376766 3.089481 0.123791 8.891506e-01
9.500000 0.375239 3.189528 0.123584 8.886790e-01
9.800000 0.373818 3.289596 0.123380 8.882547e-01
10.100000 0.372493 3.389686 0.123179 8.878722e-01
10.400000 0.371255 3.489796 0.122983 8.875268e-01
10.700000 0.370095 3.589926 0.122790 8.872144e-01
11.000000 0.369007 3.690075 0.122602 8.869314e-01
11.300000 0.367985 3.790241 0.122419 8.866747e-01
11.600000 0.367021 3.890425 0.122240 8.864414e-01
11.900000 0.366112 3.990624 0.122066 8.862293e-01
12.200000 0.365253 4.090839 0.121896 8.860360e-01
12.500000 0.364441 4.191067 0.121731 8.858597e-01
12.800000 0.363670 4.291310 0.121570 8.856988e-01
13.100000 0.362939 4.391565 0.121414 8.855517e-01
13.400000 0.362244 4.491831 0.121262 8.854171e-01
13.700000 0.361583 4.592109 0.121114 8.852938e-01
14.000000 0.360954 4.692398 0.120971 8.851808e-01
14.300000 0.360353 4.792697 0.120831 8.850771e-01
14.600000 0.359780 4.893005 0.120695 8.849818e-01
14.900000 0.359232 4.993322 0.120563 8.848943e-01
15.200000 0.358708 5.093647 0.120435 8.848137e-01
15.500000 0.358206 5.193981 0.120310 8.847395e-01
15.800000 0.357724 5.294321 0.120189 8.846712e-01
16.100000 0.357263 5.394669 0.120071 8.846082e-01
16.400000 0.356820 5.495024 0.119956 8.845501e-01
16.700000 0.356394 5.595385 0.119844 8.844964e-01
17.000000 0.355984 5.695752 0.119736 8.844469e-01
17.300000 0.355590 5.796124 0.119630 8.844011e-01
17.600000 0.355211 5.896502 0.119527 8.843587e-01
17.900000 0.354845 5.996885 0.119427 8.843195e-01
18.200000 0.354493 6.097273 0.119329 8.842832e-01
18.500000 0.354152 6.197665 0.119234 8.842496e-01
18.800000 0.353824 6.298062 0.119142 8.842185e-01
19.100000 0.353506 6.398463 0.119052 8.841896e-01
19.400000 0.353199 6.498867 0.118964 8.841628e-01
19.700000 0.352902 6.599276 0.118878 8.841379e-01
20.000000 0.352615 6.699687 0.118795 8.841149e-01
20.300000 0.352337 6.800102 0.118714 8.840934e-01
20.600000 0.352067 6.900521 0.118634 8.840735e-01
20.900000 0.351806 7.000942 0.118557 8.840550e-01
21.200000 0.351553 7.101366 0.118482 8.840378e-01
21.500000 0.351307 7.201793 0.118408 8.840218e-01
21.800000 0.351068 7.302222 0.118336 8.840069e-01
22.100000 0.350837 7.402654 0.118266 8.839931e-01
22.400000 0.350612 7.503088 0.118198 8.839802e-01
22.700000 0.350393 7.603524 0.118131 8.839681e-01
23.000000 0.350180 7.703962 0.118066 8.839569e-01
23.300000 0.349973 7.804402 0.118002 8.839465e-01
23.600000 0.349772 7.904844 0.117940 8.839368e-01
23.900000 0.349576 8.005288 0.117879 8.839277e-01
24.200000 0.349385 8.105733 0.117819 8.839193e-01
24.500000 0.349199 8.206180 0.117761 8.839114e-01
24.800000 0.349018 8.306629 0.117704 8.839040e-01
