1.535131 0.497688 8.917582e-01 0.710340 0.289272 8.392673e-01
1.335582 0.299151 9.452349e-01 0.879179 0.122029 9.782359e-01
1.165859 0.124730 9.869541e-01 0.974532 0.022854 9.993653e-01
1.074304 0.045214 9.979586e-01 0.999010 0.000732 9.999994e-01
1.026136 0.013224 9.998082e-01 0.997264 0.001698 9.999967e-01
0.995941 0.003169 9.999883e-01 0.986984 0.007143 9.999395e-01
0.974227 0.013043 9.997930e-01 0.973022 0.013540 9.997764e-01
0.957330 0.019950 9.994987e-01 0.957064 0.020046 9.994936e-01
0.943505 0.025040 9.991873e-01 0.939846 0.026380 9.990910e-01
0.931769 0.028978 9.988842e-01 0.921698 0.032495 9.985666e-01
0.921518 0.032164 9.985951e-01 0.902765 0.038451 9.979093e-01
0.912368 0.034843 9.983186e-01 0.883117 0.044349 9.970960e-01
0.904073 0.037170 9.980517e-01 0.862812 0.050286 9.960927e-01
0.896467 0.039243 9.977919e-01 0.841913 0.056340 9.948550e-01
0.889443 0.041126 9.975371e-01 0.820503 0.062568 9.933294e-01
0.882926 0.042857 9.972865e-01 0.798683 0.069003 9.914535e-01
0.876862 0.044463 9.970395e-01 0.776560 0.075660 9.891564e-01
0.871212 0.045962 9.967961e-01 0.754251 0.082537 9.863595e-01
0.865943 0.047365 9.965569e-01 0.731869 0.089621 9.829774e-01
0.861031 0.048680 9.963222e-01 0.709527 0.096890 9.789191e-01
0.856452 0.049914 9.960928e-01 0.687327 0.104313 9.740897e-01
0.852186 0.051071 9.958694e-01 0.665363 0.111857 9.683931e-01
0.848213 0.052155 9.956527e-01 0.643720 0.119484 9.617346e-01
0.844517 0.053169 9.954434e-01 0.622471 0.127158 9.540241e-01
0.841079 0.054115 9.952421e-01 0.601677 0.134839 9.451797e-01
0.837883 0.054996 9.950493e-01 0.581393 0.142491 9.351317e-01
0.834915 0.055815 9.948655e-01 0.561661 0.150079 9.238261e-01
0.832160 0.056573 9.946910e-01 0.542515 0.157569 9.112290e-01
0.829603 0.057273 9.945261e-01 0.523983 0.164931 8.973300e-01
0.827232 0.057917 9.943710e-01 0.506084 0.172134 8.821446e-01
0.825033 0.058508 9.942257e-01 0.488832 0.179151 8.657170e-01
0.822996 0.059048 9.940904e-01 0.472234 0.185959 8.481199e-01
0.821110 0.059538 9.939649e-01 0.456293 0.192534 8.294537e-01
0.819362 0.059982 9.938492e-01 0.441008 0.198856 8.098443e-01
0.817745 0.060380 9.937431e-01 0.426372 0.204907 7.894391e-01
0.816248 0.060737 9.936464e-01 0.412377 0.210672 7.684013e-01
0.814862 0.061053 9.935588e-01 0.399011 0.216139 7.469046e-01
0.813580 0.061332 9.934800e-01 0.386260 0.221298 7.251265e-01
0.812394 0.061574 9.934096e-01 0.374106 0.226142 7.032424e-01
