1.405322 0.341036 9.363208e-01 0.622867 0.353810 7.285305e-01
1.369964 0.312172 9.434279e-01 0.695074 0.295215 8.275931e-01
1.323265 0.267683 9.548748e-01 0.776522 0.217701 9.167844e-01
1.267916 0.211393 9.688969e-01 0.856640 0.135943 9.717389e-01
1.211297 0.154117 9.816481e-01 0.921824 0.069473 9.934834e-01
1.160256 0.105989 9.904550e-01 0.965396 0.027839 9.990406e-01
1.116525 0.069803 9.955065e-01 0.989612 0.007415 9.999352e-01
1.077787 0.042719 9.981890e-01 0.999379 0.000394 9.999998e-01
1.040591 0.020641 9.995458e-01 0.997516 0.001424 9.999976e-01
1.001825 0.001024 9.999988e-01 0.983875 0.008566 9.999125e-01
0.959082 0.020742 9.994601e-01 0.955969 0.022208 9.993772e-01
0.910963 0.043388 9.973871e-01 0.910116 0.043773 9.973357e-01
0.857698 0.067687 9.928590e-01 0.843426 0.074201 9.911409e-01
0.801620 0.092193 9.849549e-01 0.756479 0.112306 9.751791e-01
0.746704 0.114654 9.734943e-01 0.654968 0.154212 9.398312e-01
0.697029 0.133130 9.595747e-01 0.548340 0.194748 8.728521e-01
0.655238 0.146758 9.452391e-01 0.446165 0.229557 7.658649e-01
