-25.000000 1.483761 -38.577773 0.301447 9.545017e-01
-24.700000 1.483074 -38.115012 0.301303 9.545031e-01
-24.400000 1.482372 -37.652260 0.301155 9.545046e-01
-24.100000 1.481654 -37.189517 0.301003 9.545064e-01
-23.800000 1.480919 -36.726784 0.300846 9.545084e-01
-23.500000 1.480166 -36.264062 0.300686 9.545106e-01
-23.200000 1.479395 -35.801350 0.300521 9.545130e-01
-22.900000 1.478605 -35.338650 0.300351 9.545157e-01
-22.600000 1.477795 -34.875961 0.300176 9.545187e-01
-22.300000 1.476965 -34.413286 0.299996 9.545220e-01
-22.000000 1.476114 -33.950623 0.299811 9.545257e-01
-21.700000 1.475241 -33.487975 0.299619 9.545297e-01
-21.400000 1.474346 -33.025341 0.299422 9.545342e-01
-21.100000 1.473426 -32.562723 0.299218 9.545391e-01
-20.800000 1.472483 -32.100121 0.299008 9.545445e-01
-20.500000 1.471513 -31.637537 0.298791 9.545504e-01
-20.200000 1.470517 -31.174971 0.298566 9.545569e-01
-19.900000 1.469494 -30.712424 0.298334 9.545641e-01
-19.600000 1.468442 -30.249897 0.298093 9.545719e-01
-19.300000 1.467359 -29.787392 0.297844 9.545805e-01
-19.000000 1.466245 -29.324910 0.297586 9.545899e-01
-18.700000 1.465099 -28.862451 0.297318 9.546002e-01
-18.400000 1.463918 -28.400018 0.297039 9.546115e-01
-18.100000 1.462702 -27.937611 0.296750 9.546239e-01
-17.800000 1.461449 -27.475234 0.296450 9.546374e-01
-17.500000 1.460156 -27.012886 0.296137 9.546523e-01
-17.200000 1.458822 -26.550569 0.295811 9.546685e-01
-16.900000 1.457446 -26.088287 0.295471 9.546862e-01
-16.600000 1.456025 -25.626040 0.295117 9.547057e-01
-16.300000 1.454557 -25.163832 0.294747 9.547269e-01
-16.000000 1.453039 -24.701663 0.294360 9.547502e-01
-15.700000 1.451469 -24.239537 0.293955 9.547757e-01
-15.400000 1.449845 -23.777456 0.293531 9.548036e-01
-15.100000 1.448163 -23.315424 0.293087 9.548341e-01
-14.800000 1.446420 -22.853442 0.292621 9.548675e-01
-14.500000 1.444614 -22.391515 0.292131 9.549042e-01
-14.200000 1.442740 -21.929646 0.291616 9.549443e-01
-13.900000 1.440794 -21.467838 0.291074 9.549883e-01
-13.600000 1.438774 -21.006095 0.290502 9.550366e-01
-13.300000 1.436673 -20.544423 0.289899 9.550896e-01
-13.000000 1.434487 -20.082824 0.289262 9.551477e-01
-12.700000 1.432212 -19.621305 0.288588 9.552116e-01
-12.400000 1.429841 -19.159871 0.287874 9.552818e-01
-12.100000 1.427369 -18.698528 0.287116 9.553590e-01
-11.800000 1.424788 -18.237281 0.286311 9.554440e-01
-11.500000 1.422091 -17.776139 0.285455 9.555375e-01
-11.200000 1.419271 -17.315108 0.284543 9.556407e-01
-10.900000 1.416319 -16.854197 0.283570 9.557545e-01
-10.600000 1.413225 -16.393415 0.282530 9.558803e-01
-10.300000 1.409980 -15.932773 0.281416 9.560193e-01
-10.000000 1.406571 -15.472282 0.280221 9.561732e-01
-9.700000 1.402986 -15.011954 0.278938 9.563438e-01
-9.400000 1.399212 -14.551804 0.277556 9.565331e-01
-9.100000 1.395233 -14.091849 0.276066 9.567435e-01
-8.800000 1.391031 -13.632106 0.274454 9.569778e-01
-8.500000 1.386589 -13.172596 0.272709 9.572391e-01
-8.200000 1.381885 -12.713344 0.270813 9.575310e-01
-7.900000 1.376896 -12.254378 0.268749 9.578578e-01
-7.600000 1.371596 -11.795729 0.266497 9.582244e-01
-7.300000 1.365956 -11.337436 0.264031 9.586367e-01
-7.000000 1.359943 -10.879543 0.261325 9.591014e-01
-6.700000 1.353520 -10.422103 0.258344 9.596266e-01
-6.400000 1.346645 -9.965175 0.255051 9.602219e-01
-6.100000 1.339273 -9.508836 0.251399 9.608986e-01
-5.800000 1.331349 -9.053171 0.247335 9.616702e-01
-5.500000 1.322813 -8.598285 0.242792 9.625527e-01
-5.200000 1.313598 -8.144305 0.237694 9.635652e-01
-4.900000 1.303624 -7.691380 0.231945 9.647307e-01
-4.600000 1.292802 -7.239694 0.225433 9.660760e-01
-4.300000 1.281031 -6.789465 0.218021 9.676324e-01
-4.000000 1.268193 -6.340964 0.209542 9.694357e-01
-3.700000 1.254153 -5.894521 0.199799 9.715249e-01
-3.400000 1.238762 -5.450554 0.188563 9.739387e-01
-3.100000 1.221858 -5.009616 0.175579 9.767088e-01
-2.800000 1.203281 -4.572467 0.160591 9.798446e-01
-2.500000 1.182921 -4.140224 0.143416 9.833084e-01
-2.200000 1.160805 -3.714575 0.124077 9.869775e-01
-1.900000 1.137243 -3.298006 0.103031 9.906101e-01
-1.600000 1.112979 -2.893746 0.081384 9.938630e-01
-1.300000 1.089100 -2.504931 0.060765 9.964179e-01
-1.000000 1.066561 -2.133121 0.042618 9.981595e-01
-0.700000 1.045632 -1.777575 0.027428 9.992060e-01
-0.400000 1.025873 -1.436223 0.014698 9.997630e-01
-0.100000 1.006507 -1.107158 0.003528 9.999858e-01
0.200000 0.986747 -0.789398 0.006929 9.999431e-01
0.500000 0.965925 -0.482963 0.017320 9.996288e-01
0.800000 0.943519 -0.188704 0.028079 9.989782e-01
1.100000 14.997234 1.499723 1.276084 9.917083e-01
1.400000 0.893380 0.357352 0.051451 9.961843e-01
1.700000 0.866107 0.606275 0.063644 9.938027e-01
2.000000 0.838440 0.838440 0.075561 9.907077e-01
2.300000 0.811405 1.054827 0.086648 9.870018e-01
2.600000 0.785908 1.257453 0.096506 9.828843e-01
2.900000 0.762544 1.448833 0.104957 9.785899e-01
3.200000 0.741571 1.631457 0.112008 9.743302e-01
3.500000 0.722989 1.807472 0.117780 9.702631e-01
3.800000 0.706636 1.978581 0.122447 9.664859e-01
4.100000 0.692280 2.146069 0.126193 9.630447e-01
4.400000 0.679671 2.310881 0.129187 9.599491e-01
4.700000 0.668569 2.473704 0.131576 9.571861e-01
5.000000 0.658760 2.635039 0.133483 9.547306e-01
5.300000 0.650058 2.795249 0.135006 9.525525e-01
5.600000 0.642305 2.954602 0.136222 9.506207e-01
5.900000 0.635367 3.113299 0.137195 9.489058e-01
6.200000 0.629132 3.271488 0.137972 9.473807e-01
6.500000 0.623506 3.429283 0.138592 9.460215e-01
6.800000 0.618409 3.586770 0.139086 9.448070e-01
7.100000 0.613773 3.744015 0.139478 9.437190e-01
7.400000 0.609543 3.901072 0.139787 9.427414e-01
7.700000 0.605669 4.057980 0.140028 9.418607e-01
8.000000 0.602110 4.214772 0.140214 9.410651e-01
8.300000 0.598832 4.371473 0.140354 9.403443e-01
8.600000 0.595803 4.528104 0.140457 9.396896e-01
8.900000 0.592998 4.684680 0.140530 9.390935e-01
9.200000 0.590392 4.841215 0.140577 9.385493e-01
9.500000 0.587967 4.997720 0.140603 9.380513e-01
9.800000 0.585705 5.154202 0.140611 9.375945e-01
10.100000 0.583590 5.310668 0.140606 9.371747e-01
10.400000 0.581609 5.467124 0.140588 9.367880e-01
10.700000 0.579750 5.623575 0.140560 9.364311e-01
11.000000 0.578002 5.780024 0.140525 9.361011e-01
11.300000 0.576357 5.936474 0.140482 9.357953e-01
11.600000 0.574804 6.092927 0.140435 9.355115e-01
11.900000 0.573338 6.249384 0.140382 9.352477e-01
12.200000 0.571951 6.405849 0.140327 9.350021e-01
12.500000 0.570637 6.562320 0.140268 9.347730e-01
12.800000 0.569390 6.718800 0.140207 9.345591e-01
13.100000 0.568206 6.875289 0.140144 9.343590e-01
13.400000 0.567080 7.031787 0.140080 9.341716e-01
13.700000 0.566007 7.188295 0.140014 9.339959e-01
14.000000 0.564986 7.344813 0.139949 9.338310e-01
14.300000 0.564011 7.501341 0.139882 9.336759e-01
14.600000 0.563079 7.657879 0.139816 9.335301e-01
14.900000 0.562189 7.814427 0.139749 9.333927e-01
15.200000 0.561337 7.970985 0.139683 9.332631e-01
15.500000 0.560521 8.127553 0.139616 9.331408e-01
15.800000 0.559739 8.284131 0.139551 9.330253e-01
16.100000 0.558988 8.440719 0.139485 9.329161e-01
16.400000 0.558267 8.597316 0.139420 9.328128e-01
16.700000 0.557575 8.753922 0.139356 9.327149e-01
17.000000 0.556909 8.910537 0.139292 9.326222e-01
17.300000 0.556268 9.067162 0.139229 9.325342e-01
17.600000 0.555650 9.223795 0.139167 9.324507e-01
17.900000 0.555055 9.380436 0.139106 9.323715e-01
18.200000 0.554482 9.537086 0.139045 9.322961e-01
18.500000 0.553928 9.693744 0.138985 9.322245e-01
18.800000 0.553394 9.850410 0.138926 9.321563e-01
19.100000 0.552878 10.007084 0.138867 9.320914e-01
19.400000 0.552379 10.163765 0.138810 9.320297e-01
19.700000 0.551896 10.320453 0.138753 9.319708e-01
20.000000 0.551429 10.477149 0.138697 9.319146e-01
20.300000 0.550977 10.633851 0.138641 9.318611e-01
20.600000 0.550539 10.790561 0.138587 9.318100e-01
20.900000 0.550114 10.947276 0.138533 9.317612e-01
21.200000 0.549703 11.103999 0.138480 9.317147e-01
21.500000 0.549304 11.260727 0.138428 9.316702e-01
21.800000 0.548916 11.417462 0.138377 9.316277e-01
22.100000 0.548540 11.574203 0.138326 9.315870e-01
22.400000 0.548175 11.730949 0.138276 9.315481e-01
22.700000 0.547820 11.887701 0.138227 9.315109e-01
23.000000 0.547475 12.044459 0.138178 9.314753e-01
23.300000 0.547140 12.201222 0.138131 9.314412e-01
23.600000 0.546814 12.357991 0.138084 9.314086e-01
23.900000 0.546496 12.514764 0.138037 9.313774e-01
24.200000 0.546187 12.671543 0.137991 9.313474e-01
24.500000 0.545886 12.828326 0.137946 9.313187e-01
24.800000 0.545593 12.985114 0.137902 9.312912e-01
