-25.000000 2.927496 -76.114898 0.904113 9.007806e-01
-24.700000 2.926129 -75.201519 0.903691 9.007806e-01
-24.400000 2.924730 -74.288141 0.903259 9.007806e-01
-24.100000 2.923297 -73.374762 0.902816 9.007806e-01
-23.800000 2.921830 -72.461383 0.902363 9.007806e-01
-23.500000 2.920327 -71.548004 0.901899 9.007806e-01
-23.200000 2.918786 -70.634626 0.901423 9.007806e-01
-22.900000 2.917207 -69.721247 0.900935 9.007806e-01
-22.600000 2.915588 -68.807868 0.900435 9.007806e-01
-22.300000 2.913927 -67.894489 0.899922 9.007806e-01
-22.000000 2.912222 -66.981110 0.899396 9.007806e-01
-21.700000 2.910473 -66.067732 0.898856 9.007806e-01
-21.400000 2.908676 -65.154353 0.898301 9.007806e-01
-21.100000 2.906831 -64.240974 0.897731 9.007806e-01
-20.800000 2.904936 -63.327595 0.897146 9.007806e-01
-20.500000 2.902987 -62.414217 0.896544 9.007806e-01
-20.200000 2.900983 -61.500838 0.895925 9.007806e-01
-19.900000 2.898921 -60.587459 0.895288 9.007806e-01
-19.600000 2.896800 -59.674080 0.894633 9.007806e-01
-19.300000 2.894616 -58.760701 0.893959 9.007806e-01
-19.000000 2.892366 -57.847323 0.893264 9.007806e-01
-18.700000 2.890048 -56.933944 0.892548 9.007806e-01
-18.400000 2.887658 -56.020565 0.891810 9.007806e-01
-18.100000 2.885193 -55.107186 0.891048 9.007806e-01
-17.800000 2.882649 -54.193808 0.890263 9.007806e-01
-17.500000 2.880023 -53.280429 0.889452 9.007806e-01
-17.200000 2.877310 -52.367050 0.888614 9.007806e-01
-16.900000 2.874507 -51.453671 0.887748 9.007806e-01
-16.600000 2.871608 -50.540292 0.886853 9.007806e-01
-16.300000 2.868608 -49.626914 0.885926 9.007806e-01
-16.000000 2.865502 -48.713535 0.884967 9.007806e-01
-15.700000 2.862285 -47.800156 0.883974 9.007806e-01
-15.400000 2.858950 -46.886777 0.882944 9.007806e-01
-15.100000 2.855491 -45.973398 0.881875 9.007806e-01
-14.800000 2.851900 -45.060020 0.880766 9.007806e-01
-14.500000 2.848170 -44.146641 0.879615 9.007806e-01
-14.200000 2.844294 -43.233262 0.878417 9.007806e-01
-13.900000 2.840261 -42.319883 0.877172 9.007806e-01
-13.600000 2.836062 -41.406505 0.875875 9.007806e-01
-13.300000 2.831687 -40.493126 0.874524 9.007806e-01
-13.000000 2.827125 -39.579747 0.873115 9.007806e-01
-12.700000 2.822363 -38.666368 0.871644 9.007806e-01
-12.400000 2.817387 -37.752989 0.870108 9.007806e-01
-12.100000 2.812184 -36.839611 0.868501 9.007806e-01
-11.800000 2.806737 -35.926232 0.866818 9.007806e-01
-11.500000 2.801028 -35.012853 0.865055 9.007806e-01
-11.200000 2.795039 -34.099474 0.863206 9.007806e-01
-10.900000 2.788748 -33.186096 0.861263 9.007806e-01
-10.600000 2.782131 -32.272717 0.859219 9.007806e-01
-10.300000 2.775163 -31.359338 0.857067 9.007806e-01
-10.000000 2.767814 -30.445959 0.854798 9.007806e-01
-9.700000 2.760054 -29.532581 0.852401 9.007806e-01
-9.400000 2.751846 -28.619202 0.849866 9.007806e-01
-9.100000 2.743151 -27.705823 0.847181 9.007806e-01
-8.800000 2.733923 -26.792444 0.844331 9.007806e-01
-8.500000 2.724112 -25.879066 0.841301 9.007806e-01
-8.200000 2.713662 -24.965687 0.838074 9.007806e-01
-7.900000 2.702507 -24.052308 0.834629 9.007806e-01
-7.600000 2.690573 -23.138930 0.830944 9.007805e-01
-7.300000 2.677777 -22.225551 0.826992 9.007805e-01
-7.000000 2.664022 -21.312172 0.822744 9.007804e-01
-6.700000 2.649194 -20.398794 0.818165 9.007803e-01
-6.400000 2.633164 -19.485416 0.813216 9.007801e-01
-6.100000 2.615780 -18.572038 0.807848 9.007798e-01
-5.800000 2.596862 -17.658660 0.802007 9.007795e-01
-5.500000 2.576197 -16.745283 0.795628 9.007789e-01
-5.200000 2.553533 -15.831906 0.788632 9.007781e-01
-4.900000 2.528564 -14.918530 0.780926 9.007768e-01
-4.600000 2.500921 -14.005155 0.772396 9.007749e-01
-4.300000 2.470148 -13.091782 0.762904 9.007721e-01
-4.000000 2.435682 -12.178412 0.752278 9.007679e-01
-3.700000 2.396818 -11.265046 0.740301 9.007614e-01
-3.400000 2.352656 -10.351686 0.726701 9.007516e-01
-3.100000 2.302034 -9.438340 0.711124 9.007366e-01
-2.800000 2.243427 -8.525021 0.693108 9.007138e-01
-2.500000 2.174791 -7.611769 0.672029 9.006801e-01
-2.200000 2.093339 -6.698686 0.647029 9.006332e-01
-1.900000 1.995192 -5.786058 0.616875 9.005805e-01
-1.600000 1.874882 -4.874694 0.579699 9.005739e-01
-1.300000 1.724754 -3.966935 0.532447 9.008537e-01
-1.000000 1.534937 -3.069873 0.469451 9.025069e-01
-0.700000 1.299826 -2.209704 0.376465 9.116825e-01
-0.400000 1.066402 -1.492962 0.213846 9.556217e-01
-0.100000 0.957871 -1.053659 0.045936 9.973511e-01
0.200000 0.940371 -0.752297 0.013403 9.997654e-01
0.500000 0.935237 -0.467618 0.026346 9.990844e-01
0.800000 0.930814 -0.186163 0.028921 9.988864e-01
1.100000 14.956088 1.495609 2.210907 9.753847e-01
1.400000 0.922723 0.369089 0.028445 9.989037e-01
1.700000 0.919046 0.643332 0.027884 9.989381e-01
2.000000 0.915580 0.915580 0.027406 9.989664e-01
2.300000 0.912295 1.185984 0.027043 9.989863e-01
2.600000 0.909169 1.454670 0.026793 9.989981e-01
2.900000 0.906184 1.721750 0.026646 9.990025e-01
3.200000 0.903329 1.987324 0.026591 9.990003e-01
3.500000 0.900594 2.251484 0.026614 9.989925e-01
3.800000 0.897970 2.514316 0.026704 9.989798e-01
4.100000 0.895452 2.775901 0.026849 9.989629e-01
4.400000 0.893034 3.036317 0.027039 9.989424e-01
4.700000 0.890712 3.295636 0.027267 9.989190e-01
5.000000 0.888482 3.553927 0.027522 9.988931e-01
5.300000 0.886339 3.811257 0.027800 9.988652e-01
5.600000 0.884280 4.067688 0.028094 9.988357e-01
5.900000 0.882302 4.323278 0.028399 9.988050e-01
6.200000 0.880401 4.578083 0.028711 9.987733e-01
6.500000 0.878573 4.832154 0.029028 9.987410e-01
6.800000 0.876817 5.085540 0.029345 9.987082e-01
7.100000 0.875129 5.338285 0.029660 9.986752e-01
7.400000 0.873505 5.590433 0.029973 9.986421e-01
7.700000 0.871944 5.842022 0.030281 9.986091e-01
8.000000 0.870441 6.093088 0.030584 9.985763e-01
8.300000 0.868995 6.343666 0.030880 9.985438e-01
8.600000 0.867603 6.593787 0.031169 9.985118e-01
8.900000 0.866263 6.843479 0.031450 9.984801e-01
9.200000 0.864972 7.092770 0.031723 9.984490e-01
9.500000 0.863728 7.341684 0.031988 9.984185e-01
9.800000 0.862528 7.590245 0.032245 9.983886e-01
10.100000 0.861371 7.838474 0.032494 9.983593e-01
10.400000 0.860254 8.086391 0.032734 9.983307e-01
10.700000 0.859177 8.334014 0.032966 9.983027e-01
11.000000 0.858136 8.581361 0.033190 9.982754e-01
11.300000 0.857131 8.828446 0.033406 9.982488e-01
11.600000 0.856159 9.075285 0.033615 9.982229e-01
11.900000 0.855219 9.321891 0.033816 9.981977e-01
12.200000 0.854311 9.568278 0.034010 9.981731e-01
12.500000 0.853431 9.814456 0.034197 9.981492e-01
12.800000 0.852579 10.060438 0.034377 9.981260e-01
13.100000 0.851755 10.306233 0.034550 9.981034e-01
13.400000 0.850956 10.551851 0.034717 9.980815e-01
13.700000 0.850181 10.797300 0.034878 9.980602e-01
14.000000 0.849430 11.042591 0.035033 9.980394e-01
14.300000 0.848701 11.287730 0.035183 9.980193e-01
14.600000 0.847994 11.532724 0.035327 9.979998e-01
14.900000 0.847308 11.777581 0.035465 9.979808e-01
15.200000 0.846641 12.022307 0.035599 9.979624e-01
15.500000 0.845994 12.266909 0.035728 9.979446e-01
15.800000 0.845364 12.511392 0.035852 9.979272e-01
16.100000 0.844752 12.755761 0.035971 9.979104e-01
16.400000 0.844157 13.000022 0.036087 9.978940e-01
16.700000 0.843578 13.244180 0.036198 9.978781e-01
17.000000 0.843015 13.488239 0.036305 9.978627e-01
17.300000 0.842466 13.732203 0.036408 9.978478e-01
17.600000 0.841932 13.976076 0.036508 9.978333e-01
17.900000 0.841412 14.219863 0.036604 9.978191e-01
18.200000 0.840905 14.463567 0.036697 9.978055e-01
18.500000 0.840411 14.707191 0.036787 9.977922e-01
18.800000 0.839929 14.950739 0.036873 9.977792e-01
19.100000 0.839459 15.194213 0.036957 9.977667e-01
19.400000 0.839001 15.437617 0.037038 9.977545e-01
19.700000 0.838554 15.680954 0.037116 9.977427e-01
20.000000 0.838117 15.924226 0.037191 9.977312e-01
20.300000 0.837691 16.167435 0.037263 9.977200e-01
20.600000 0.837275 16.410585 0.037334 9.977092e-01
20.900000 0.836868 16.653677 0.037402 9.976986e-01
21.200000 0.836471 16.896713 0.037467 9.976884e-01
21.500000 0.836083 17.139696 0.037531 9.976784e-01
21.800000 0.835703 17.382628 0.037592 9.976687e-01
22.100000 0.835332 17.625509 0.037651 9.976593e-01
22.400000 0.834969 17.868344 0.037709 9.976501e-01
22.700000 0.834614 18.111132 0.037764 9.976412e-01
23.000000 0.834267 18.353875 0.037818 9.976325e-01
23.300000 0.833927 18.596576 0.037870 9.976241e-01
23.600000 0.833594 18.839235 0.037920 9.976159e-01
23.900000 0.833269 19.081855 0.037969 9.976079e-01
24.200000 0.832950 19.324435 0.038016 9.976002e-01
24.500000 0.832637 19.566979 0.038062 9.975926e-01
24.800000 0.832331 19.809486 0.038106 9.975852e-01
