1.601221 0.305603 9.596315e-01 0.502819 0.291883 7.198631e-01
1.495174 0.248030 9.691991e-01 0.655534 0.191548 9.102468e-01
1.357917 0.179794 9.801563e-01 0.812983 0.096930 9.838487e-01
1.225093 0.119827 9.890724e-01 0.926466 0.038423 9.980177e-01
1.125179 0.070987 9.954244e-01 0.982381 0.009871 9.998834e-01
1.060954 0.035191 9.987311e-01 0.999215 0.000462 9.999998e-01
1.021607 0.011941 9.998422e-01 0.997719 0.001352 9.999979e-01
0.996424 0.002514 9.999926e-01 0.989158 0.006231 9.999542e-01
0.978788 0.011617 9.998373e-01 0.977829 0.012065 9.998242e-01
0.965273 0.017696 9.996120e-01 0.965067 0.017783 9.996080e-01
0.954193 0.021970 9.993881e-01 0.951264 0.023096 9.993197e-01
0.944697 0.025103 9.991852e-01 0.936578 0.027953 9.989723e-01
0.936330 0.027460 9.990077e-01 0.921124 0.032355 9.985772e-01
0.928827 0.029253 9.988558e-01 0.905012 0.036294 9.981461e-01
0.922019 0.030609 9.987288e-01 0.888348 0.039754 9.976926e-01
0.915792 0.031617 9.986254e-01 0.871237 0.042712 9.972321e-01
0.910062 0.032336 9.985442e-01 0.853773 0.045149 9.967809e-01
0.904767 0.032812 9.984834e-01 0.836045 0.047061 9.963542e-01
0.899857 0.033084 9.984414e-01 0.818130 0.048462 9.959642e-01
0.895290 0.033184 9.984160e-01 0.800099 0.049400 9.956169e-01
0.891032 0.033140 9.984051e-01 0.782012 0.049954 9.953097e-01
0.887056 0.032978 9.984064e-01 0.763925 0.050250 9.950281e-01
0.883334 0.032724 9.984176e-01 0.745882 0.050456 9.947431e-01
0.879847 0.032399 9.984365e-01 0.727926 0.050789 9.944096e-01
0.876574 0.032027 9.984608e-01 0.710093 0.051491 9.939643e-01
0.873498 0.031626 9.984884e-01 0.692414 0.052812 9.933265e-01
0.870606 0.031215 9.985176e-01 0.674918 0.054966 9.923984e-01
0.867883 0.030809 9.985468e-01 0.657632 0.058095 9.910681e-01
0.865318 0.030422 9.985746e-01 0.640579 0.062245 9.892134e-01
0.862900 0.030064 9.986001e-01 0.623781 0.067372 9.867073e-01
0.860621 0.029742 9.986227e-01 0.607258 0.073363 9.834241e-01
0.858471 0.029462 9.986417e-01 0.591030 0.080065 9.792467e-01
0.856443 0.029225 9.986571e-01 0.575112 0.087311 9.740732e-01
0.854529 0.029031 9.986689e-01 0.559520 0.094934 9.678236e-01
0.852724 0.028879 9.986772e-01 0.544266 0.102782 9.604446e-01
0.851020 0.028765 9.986824e-01 0.529363 0.110714 9.519134e-01
0.849413 0.028684 9.986848e-01 0.514817 0.118611 9.422393e-01
0.847896 0.028632 9.986848e-01 0.500636 0.126369 9.314627e-01
0.846464 0.028604 9.986830e-01 0.486825 0.133901 9.196528e-01
0.845113 0.028593 9.986798e-01 0.473384 0.141136 9.069036e-01
0.843838 0.028597 9.986754e-01 0.460314 0.148017 8.933281e-01
0.842634 0.028610 9.986704e-01 0.447614 0.154501 8.790529e-01
0.841497 0.028629 9.986651e-01 0.435279 0.160556 8.642122e-01
0.840423 0.028651 9.986596e-01 0.423304 0.166159 8.489415e-01
0.839408 0.028673 9.986543e-01 0.411683 0.171298 8.333733e-01
0.838448 0.028694 9.986492e-01 0.400408 0.175968 8.176331e-01
0.837540 0.028713 9.986446e-01 0.389471 0.180170 8.018358e-01
0.836681 0.028727 9.986405e-01 0.378862 0.183910 7.860843e-01
0.835868 0.028737 9.986369e-01 0.368572 0.187199 7.704681e-01
0.835097 0.028742 9.986339e-01 0.358591 0.190052 7.550630e-01
0.834366 0.028743 9.986314e-01 0.348908 0.192485 7.399313e-01
0.833673 0.028738 9.986296e-01 0.339515 0.194518 7.251225e-01
0.833015 0.028730 9.986282e-01 0.330400 0.196171 7.106746e-01
