1.691357 0.438468 9.279777e-01 0.575625 0.291480 7.715360e-01
1.618750 0.399815 9.341863e-01 0.680164 0.235879 8.780468e-01
1.514325 0.324650 9.495969e-01 0.799477 0.148675 9.615957e-01
1.389603 0.229217 9.695350e-01 0.905322 0.065040 9.940750e-01
1.270698 0.147751 9.846265e-01 0.971097 0.017986 9.996040e-01
1.167036 0.087602 9.935349e-01 0.997349 0.002305 9.999938e-01
1.074384 0.038127 9.985478e-01 0.992953 0.004458 9.999767e-01
0.992331 0.005304 9.999670e-01 0.964544 0.019260 9.995398e-01
0.924747 0.039674 9.978788e-01 0.921019 0.041479 9.976632e-01
0.873495 0.064118 9.938160e-01 0.872727 0.064452 9.937408e-01
0.836608 0.079671 9.896352e-01 0.826934 0.083711 9.883040e-01
0.810391 0.088920 9.862868e-01 0.786518 0.097962 9.824000e-01
0.791404 0.094218 9.838956e-01 0.751537 0.107789 9.767951e-01
0.777141 0.097193 9.822572e-01 0.720965 0.114327 9.717795e-01
0.765962 0.098846 9.811309e-01 0.693639 0.118635 9.673222e-01
0.756841 0.099756 9.803316e-01 0.668596 0.121523 9.632505e-01
0.749139 0.100257 9.797355e-01 0.645136 0.123565 9.593561e-01
0.742460 0.100534 9.792650e-01 0.622783 0.125152 9.554414e-01
0.736550 0.100694 9.788724e-01 0.601227 0.126538 9.513345e-01
0.731243 0.100793 9.785297e-01 0.580279 0.127881 9.468916e-01
0.726429 0.100865 9.782202e-01 0.559831 0.129272 9.419948e-01
0.722030 0.100923 9.779349e-01 0.539827 0.130752 9.365489e-01
0.717992 0.100976 9.776686e-01 0.520250 0.132330 9.304783e-01
0.714272 0.101026 9.774189e-01 0.501101 0.133995 9.237235e-01
0.710839 0.101072 9.771849e-01 0.482395 0.135724 9.162391e-01
0.707665 0.101114 9.769660e-01 0.464153 0.137491 9.079904e-01
0.704730 0.101149 9.767622e-01 0.446398 0.139270 8.989513e-01
0.702013 0.101178 9.765734e-01 0.429151 0.141037 8.891020e-01
0.699497 0.101198 9.763994e-01 0.412429 0.142775 8.784276e-01
0.697168 0.101209 9.762399e-01 0.396247 0.144470 8.669169e-01
0.695012 0.101212 9.760946e-01 0.380615 0.146114 8.545620e-01
0.693015 0.101206 9.759628e-01 0.365540 0.147704 8.413584e-01
0.691165 0.101191 9.758441e-01 0.351024 0.149238 8.273063e-01
0.689452 0.101168 9.757376e-01 0.337067 0.150719 8.124114e-01
0.687865 0.101137 9.756427e-01 0.323664 0.152150 7.966871e-01
0.686396 0.101099 9.755587e-01 0.310809 0.153532 7.801556e-01
0.685035 0.101055 9.754848e-01 0.298494 0.154869 7.628498e-01
0.683774 0.101005 9.754204e-01 0.286707 0.156164 7.448147e-01
0.682606 0.100949 9.753649e-01 0.275439 0.157417 7.261075e-01
0.681524 0.100888 9.753174e-01 0.264674 0.158630 7.067982e-01
