-25.000000 1.688463 -43.900038 0.287830 9.675302e-01
-24.700000 1.687765 -43.375564 0.287674 9.675385e-01
-24.400000 1.687051 -42.851091 0.287513 9.675470e-01
-24.100000 1.686319 -42.326618 0.287347 9.675560e-01
-23.800000 1.685570 -41.802146 0.287177 9.675653e-01
-23.500000 1.684803 -41.277674 0.287002 9.675750e-01
-23.200000 1.684017 -40.753203 0.286821 9.675852e-01
-22.900000 1.683211 -40.228733 0.286635 9.675958e-01
-22.600000 1.682384 -39.704263 0.286444 9.676069e-01
-22.300000 1.681536 -39.179794 0.286247 9.676185e-01
-22.000000 1.680666 -38.655326 0.286043 9.676306e-01
-21.700000 1.679774 -38.130859 0.285833 9.676433e-01
-21.400000 1.678857 -37.606392 0.285617 9.676566e-01
-21.100000 1.677915 -37.081925 0.285393 9.676705e-01
-20.800000 1.676948 -36.557459 0.285162 9.676851e-01
-20.500000 1.675953 -36.032994 0.284923 9.677004e-01
-20.200000 1.674931 -35.508530 0.284677 9.677164e-01
-19.900000 1.673879 -34.984066 0.284421 9.677332e-01
-19.600000 1.672796 -34.459603 0.284157 9.677508e-01
-19.300000 1.671682 -33.935140 0.283884 9.677693e-01
-19.000000 1.670534 -33.410677 0.283600 9.677888e-01
-18.700000 1.669351 -32.886215 0.283306 9.678092e-01
-18.400000 1.668132 -32.361754 0.283002 9.678307e-01
-18.100000 1.666874 -31.837293 0.282685 9.678534e-01
-17.800000 1.665576 -31.312832 0.282357 9.678772e-01
-17.500000 1.664236 -30.788371 0.282016 9.679024e-01
-17.200000 1.662852 -30.263911 0.281661 9.679289e-01
-16.900000 1.661422 -29.739450 0.281292 9.679568e-01
-16.600000 1.659943 -29.214990 0.280908 9.679864e-01
-16.300000 1.658412 -28.690529 0.280507 9.680176e-01
-16.000000 1.656827 -28.166067 0.280090 9.680506e-01
-15.700000 1.655186 -27.641606 0.279654 9.680856e-01
-15.400000 1.653484 -27.117143 0.279199 9.681226e-01
-15.100000 1.651719 -26.592680 0.278723 9.681619e-01
-14.800000 1.649887 -26.068215 0.278226 9.682036e-01
-14.500000 1.647984 -25.543749 0.277705 9.682479e-01
-14.200000 1.646005 -25.019281 0.277159 9.682950e-01
-13.900000 1.643947 -24.494811 0.276586 9.683451e-01
-13.600000 1.641804 -23.970339 0.275985 9.683986e-01
-13.300000 1.639571 -23.445863 0.275353 9.684556e-01
-13.000000 1.637242 -22.921385 0.274687 9.685165e-01
-12.700000 1.634810 -22.396902 0.273986 9.685817e-01
-12.400000 1.632270 -21.872415 0.273247 9.686514e-01
-12.100000 1.629612 -21.347924 0.272466 9.687262e-01
-11.800000 1.626830 -20.823426 0.271640 9.688066e-01
-11.500000 1.623914 -20.298923 0.270765 9.688929e-01
-11.200000 1.620853 -19.774412 0.269837 9.689860e-01
-10.900000 1.617638 -19.249893 0.268852 9.690863e-01
-10.600000 1.614256 -18.725366 0.267804 9.691946e-01
-10.300000 1.610693 -18.200830 0.266688 9.693119e-01
-10.000000 1.606935 -17.676283 0.265497 9.694390e-01
-9.700000 1.602965 -17.151724 0.264224 9.695769e-01
-9.400000 1.598765 -16.627154 0.262860 9.697270e-01
-9.100000 1.594314 -16.102570 0.261398 9.698906e-01
-8.800000 1.589589 -15.577972 0.259825 9.700691e-01
-8.500000 1.584564 -15.053360 0.258131 9.702645e-01
-8.200000 1.579210 -14.528732 0.256302 9.704787e-01
-7.900000 1.573493 -14.004089 0.254324 9.707140e-01
-7.600000 1.567376 -13.479431 0.252178 9.709732e-01
-7.300000 1.560814 -12.954758 0.249846 9.712591e-01
-7.000000 1.553759 -12.430070 0.247304 9.715754e-01
-6.700000 1.546152 -11.905371 0.244526 9.719260e-01
-6.400000 1.537927 -11.380662 0.241483 9.723158e-01
-6.100000 1.529007 -10.855950 0.238138 9.727501e-01
-5.800000 1.519300 -10.331240 0.234452 9.732353e-01
-5.500000 1.508699 -9.806543 0.230375 9.737789e-01
-5.200000 1.497077 -9.281875 0.225852 9.743896e-01
-4.900000 1.484281 -8.757258 0.220815 9.750776e-01
-4.600000 1.470130 -8.232725 0.215184 9.758555e-01
-4.300000 1.454402 -7.708330 0.208862 9.767378e-01
-4.000000 1.436830 -7.184152 0.201728 9.777427e-01
-3.700000 1.417089 -6.660320 0.193635 9.788928e-01
-3.400000 1.394783 -6.137045 0.184388 9.802166e-01
-3.100000 1.369433 -5.614675 0.173736 9.817516e-01
-2.800000 1.340475 -5.093805 0.161341 9.835453e-01
-2.500000 1.307281 -4.575484 0.146772 9.856518e-01
-2.200000 1.269256 -4.061621 0.129581 9.881065e-01
-1.900000 1.226143 -3.555816 0.109598 9.908576e-01
-1.600000 1.178759 -3.064773 0.087563 9.936678e-01
-1.300000 1.130113 -2.599260 0.065426 9.961443e-01
-1.000000 1.085450 -2.170900 0.045118 9.980087e-01
-0.700000 1.049430 -1.784031 0.027512 9.992069e-01
-0.400000 1.023180 -1.432452 0.013307 9.998047e-01
-0.100000 1.004828 -1.105311 0.002780 9.999912e-01
0.200000 0.991747 -0.793397 0.004673 9.999744e-01
0.500000 0.981891 -0.490946 0.009970 9.998809e-01
0.800000 0.973994 -0.194799 0.013858 9.997663e-01
1.100000 16.050741 1.605074 1.837211 9.850950e-01
1.400000 0.961514 0.384606 0.019165 9.995414e-01
1.700000 0.956295 0.669406 0.021064 9.994400e-01
2.000000 0.951536 0.951536 0.022635 9.993470e-01
2.300000 0.947147 1.231291 0.023950 9.992621e-01
2.600000 0.943064 1.508902 0.025061 9.991851e-01
2.900000 0.939242 1.784560 0.026003 9.991156e-01
3.200000 0.935649 2.058427 0.026801 9.990533e-01
3.500000 0.932256 2.330641 0.027477 9.989978e-01
3.800000 0.929045 2.601326 0.028044 9.989488e-01
4.100000 0.925997 2.870589 0.028517 9.989059e-01
4.400000 0.923097 3.138530 0.028906 9.988689e-01
4.700000 0.920334 3.405237 0.029219 9.988373e-01
5.000000 0.917697 3.670789 0.029466 9.988108e-01
5.300000 0.915177 3.935261 0.029652 9.987891e-01
5.600000 0.912765 4.198719 0.029786 9.987717e-01
5.900000 0.910454 4.461225 0.029874 9.987582e-01
6.200000 0.908238 4.722836 0.029920 9.987483e-01
6.500000 0.906110 4.983605 0.029930 9.987415e-01
6.800000 0.904066 5.243581 0.029910 9.987376e-01
7.100000 0.902100 5.502810 0.029864 9.987360e-01
7.400000 0.900209 5.761335 0.029796 9.987364e-01
7.700000 0.898387 6.019196 0.029710 9.987386e-01
8.000000 0.896633 6.276430 0.029610 9.987422e-01
8.300000 0.894941 6.533073 0.029499 9.987468e-01
8.600000 0.893310 6.789158 0.029380 9.987524e-01
8.900000 0.891736 7.044717 0.029256 9.987585e-01
9.200000 0.890217 7.299780 0.029129 9.987651e-01
9.500000 0.888750 7.554374 0.029000 9.987719e-01
9.800000 0.887332 7.808526 0.028872 9.987788e-01
10.100000 0.885963 8.062261 0.028746 9.987857e-01
10.400000 0.884638 8.315602 0.028623 9.987924e-01
10.700000 0.883358 8.568571 0.028504 9.987990e-01
11.000000 0.882119 8.821189 0.028390 9.988053e-01
11.300000 0.880920 9.073475 0.028280 9.988112e-01
11.600000 0.879759 9.325448 0.028176 9.988168e-01
11.900000 0.878635 9.577125 0.028078 9.988220e-01
12.200000 0.877547 9.828522 0.027986 9.988269e-01
12.500000 0.876492 10.079655 0.027899 9.988313e-01
12.800000 0.875469 10.330536 0.027819 9.988353e-01
13.100000 0.874478 10.581179 0.027743 9.988390e-01
13.400000 0.873516 10.831598 0.027674 9.988422e-01
13.700000 0.872583 11.081803 0.027609 9.988452e-01
14.000000 0.871677 11.331805 0.027550 9.988477e-01
14.300000 0.870798 11.581615 0.027496 9.988500e-01
14.600000 0.869944 11.831242 0.027446 9.988519e-01
14.900000 0.869115 12.080695 0.027400 9.988535e-01
15.200000 0.868309 12.329982 0.027358 9.988549e-01
15.500000 0.867525 12.579112 0.027320 9.988560e-01
15.800000 0.866763 12.828092 0.027286 9.988568e-01
16.100000 0.866022 13.076929 0.027255 9.988575e-01
16.400000 0.865301 13.325629 0.027227 9.988579e-01
16.700000 0.864599 13.574199 0.027201 9.988582e-01
17.000000 0.863915 13.822645 0.027179 9.988583e-01
17.300000 0.863250 14.070972 0.027158 9.988583e-01
17.600000 0.862602 14.319185 0.027140 9.988581e-01
17.900000 0.861970 14.567290 0.027124 9.988578e-01
18.200000 0.861354 14.815290 0.027110 9.988573e-01
18.500000 0.860754 15.063192 0.027097 9.988568e-01
18.800000 0.860168 15.310998 0.027086 9.988562e-01
19.100000 0.859597 15.558713 0.027076 9.988555e-01
19.400000 0.859040 15.806340 0.027068 9.988547e-01
19.700000 0.858496 16.053884 0.027061 9.988539e-01
20.000000 0.857966 16.301347 0.027055 9.988530e-01
20.300000 0.857447 16.548733 0.027050 9.988520e-01
20.600000 0.856941 16.796046 0.027045 9.988510e-01
20.900000 0.856447 17.043287 0.027042 9.988500e-01
21.200000 0.855963 17.290460 0.027039 9.988489e-01
21.500000 0.855491 17.537568 0.027037 9.988479e-01
21.800000 0.855029 17.784613 0.027035 9.988467e-01
22.100000 0.854578 18.031598 0.027034 9.988456e-01
22.400000 0.854137 18.278525 0.027034 9.988445e-01
22.700000 0.853705 18.525396 0.027034 9.988433e-01
23.000000 0.853282 18.772213 0.027034 9.988422e-01
23.300000 0.852869 19.018979 0.027034 9.988410e-01
23.600000 0.852464 19.265696 0.027035 9.988398e-01
23.900000 0.852068 19.512365 0.027036 9.988386e-01
24.200000 0.851681 19.758988 0.027038 9.988375e-01
24.500000 0.851301 20.005567 0.027039 9.988363e-01
24.800000 0.850929 20.252104 0.027041 9.988351e-01
