1.450479 0.153503 9.872310e-01 0.546893 0.162873 9.070888e-01
1.311392 0.106350 9.924621e-01 0.748478 0.090221 9.834973e-01
1.189573 0.065186 9.965442e-01 0.889436 0.039942 9.976765e-01
1.106957 0.035488 9.988144e-01 0.960648 0.013499 9.997720e-01
1.057643 0.017000 9.997017e-01 0.988431 0.003937 9.999817e-01
1.028309 0.007351 9.999410e-01 0.996119 0.003318 9.999872e-01
1.009290 0.002443 9.999932e-01 0.995344 0.003431 9.999863e-01
0.995308 0.002732 9.999913e-01 0.990535 0.004676 9.999743e-01
0.983794 0.007453 9.999337e-01 0.983094 0.007805 9.999272e-01
0.973553 0.012866 9.997984e-01 0.973388 0.012959 9.997954e-01
0.964047 0.018537 9.995732e-01 0.961520 0.020052 9.994980e-01
0.955042 0.024210 9.992585e-01 0.947574 0.028850 9.989306e-01
0.946446 0.029719 9.988626e-01 0.931680 0.039048 9.979755e-01
0.938228 0.034960 9.983992e-01 0.914022 0.050321 9.965119e-01
0.930388 0.039863 9.978845e-01 0.894824 0.062344 9.944255e-01
0.922935 0.044388 9.973359e-01 0.874335 0.074807 9.916171e-01
0.915876 0.048514 9.967701e-01 0.852817 0.087424 9.880095e-01
0.909220 0.052236 9.962027e-01 0.830529 0.099942 9.835522e-01
0.902967 0.055559 9.956470e-01 0.807717 0.112144 9.782231e-01
0.897115 0.058498 9.951137e-01 0.784609 0.123855 9.720280e-01
0.891653 0.061073 9.946112e-01 0.761408 0.134940 9.649978e-01
0.886570 0.063312 9.941452e-01 0.738289 0.145301 9.571843e-01
0.881850 0.065240 9.937190e-01 0.715403 0.154876 9.486551e-01
0.877473 0.066889 9.933341e-01 0.692870 0.163631 9.394879e-01
0.873420 0.068286 9.929905e-01 0.670789 0.171557 9.297663e-01
0.869670 0.069459 9.926871e-01 0.649236 0.178667 9.195747e-01
0.866203 0.070436 9.924217e-01 0.628269 0.184984 9.089950e-01
0.862999 0.071241 9.921917e-01 0.607929 0.190548 8.981043e-01
0.860038 0.071895 9.919943e-01 0.588243 0.195403 8.869729e-01
0.857301 0.072421 9.918263e-01 0.569230 0.199598 8.756633e-01
0.854772 0.072835 9.916847e-01 0.550896 0.203186 8.642301e-01
0.852433 0.073155 9.915665e-01 0.533242 0.206220 8.527201e-01
0.850270 0.073393 9.914689e-01 0.516265 0.208752 8.411731e-01
0.848268 0.073564 9.913893e-01 0.499956 0.210831 8.296226e-01
0.846415 0.073678 9.913254e-01 0.484301 0.212506 8.180968e-01
0.844699 0.073744 9.912749e-01 0.469288 0.213820 8.066196e-01
0.843109 0.073771 9.912359e-01 0.454899 0.214815 7.952114e-01
0.841635 0.073765 9.912068e-01 0.441117 0.215527 7.838901e-01
0.840267 0.073733 9.911861e-01 0.427923 0.215990 7.726716e-01
0.838998 0.073679 9.911724e-01 0.415298 0.216234 7.615702e-01
0.837820 0.073608 9.911647e-01 0.403222 0.216285 7.505993e-01
0.836725 0.073524 9.911619e-01 0.391676 0.216169 7.397714e-01
0.835708 0.073429 9.911632e-01 0.380640 0.215906 7.290982e-01
0.834762 0.073326 9.911678e-01 0.370093 0.215515 7.185909e-01
0.833881 0.073218 9.911753e-01 0.360016 0.215011 7.082599e-01
