-25.000000 1.652916 -42.975823 0.161464 9.891003e-01
-24.700000 1.652144 -42.460106 0.161388 9.891004e-01
-24.400000 1.651354 -41.944388 0.161310 9.891004e-01
-24.100000 1.650545 -41.428670 0.161231 9.891005e-01
-23.800000 1.649716 -40.912951 0.161149 9.891006e-01
-23.500000 1.648867 -40.397231 0.161066 9.891007e-01
-23.200000 1.647996 -39.881511 0.160980 9.891008e-01
-22.900000 1.647104 -39.365790 0.160892 9.891009e-01
-22.600000 1.646189 -38.850068 0.160801 9.891010e-01
-22.300000 1.645251 -38.334344 0.160709 9.891012e-01
-22.000000 1.644288 -37.818620 0.160613 9.891014e-01
-21.700000 1.643299 -37.302894 0.160515 9.891015e-01
-21.400000 1.642284 -36.787167 0.160415 9.891017e-01
-21.100000 1.641242 -36.271439 0.160311 9.891020e-01
-20.800000 1.640170 -35.755709 0.160205 9.891022e-01
-20.500000 1.639069 -35.239977 0.160095 9.891025e-01
-20.200000 1.637936 -34.724244 0.159982 9.891028e-01
-19.900000 1.636771 -34.208508 0.159866 9.891032e-01
-19.600000 1.635571 -33.692770 0.159746 9.891036e-01
-19.300000 1.634336 -33.177030 0.159622 9.891040e-01
-19.000000 1.633064 -32.661287 0.159494 9.891045e-01
-18.700000 1.631753 -32.145541 0.159362 9.891050e-01
-18.400000 1.630402 -31.629792 0.159225 9.891056e-01
-18.100000 1.629007 -31.114040 0.159084 9.891063e-01
-17.800000 1.627568 -30.598284 0.158938 9.891071e-01
-17.500000 1.626082 -30.082523 0.158787 9.891079e-01
-17.200000 1.624547 -29.566759 0.158630 9.891088e-01
-16.900000 1.622960 -29.050990 0.158467 9.891099e-01
-16.600000 1.621319 -28.535216 0.158298 9.891111e-01
-16.300000 1.619621 -28.019436 0.158122 9.891124e-01
-16.000000 1.617862 -27.503650 0.157940 9.891139e-01
-15.700000 1.616039 -26.987857 0.157750 9.891156e-01
-15.400000 1.614150 -26.472058 0.157551 9.891175e-01
-15.100000 1.612189 -25.956250 0.157344 9.891196e-01
-14.800000 1.610154 -25.440435 0.157128 9.891220e-01
-14.500000 1.608039 -24.924610 0.156902 9.891247e-01
-14.200000 1.605841 -24.408776 0.156665 9.891278e-01
-13.900000 1.603552 -23.892931 0.156417 9.891312e-01
-13.600000 1.601170 -23.377075 0.156157 9.891351e-01
-13.300000 1.598686 -22.861207 0.155882 9.891395e-01
-13.000000 1.596095 -22.345326 0.155594 9.891445e-01
-12.700000 1.593389 -21.829430 0.155289 9.891501e-01
-12.400000 1.590561 -21.313520 0.154967 9.891565e-01
-12.100000 1.587603 -20.797593 0.154627 9.891638e-01
-11.800000 1.584504 -20.281649 0.154265 9.891721e-01
-11.500000 1.581255 -19.765686 0.153881 9.891815e-01
-11.200000 1.577845 -19.249704 0.153472 9.891922e-01
-10.900000 1.574261 -18.733701 0.153036 9.892045e-01
-10.600000 1.570489 -18.217676 0.152569 9.892185e-01
-10.300000 1.566516 -17.701627 0.152068 9.892346e-01
-10.000000 1.562323 -17.185554 0.151530 9.892530e-01
-9.700000 1.557893 -16.669455 0.150949 9.892742e-01
-9.400000 1.553205 -16.153329 0.150322 9.892986e-01
-9.100000 1.548235 -15.637176 0.149642 9.893267e-01
-8.800000 1.542959 -15.120994 0.148902 9.893592e-01
-8.500000 1.537346 -14.604783 0.148096 9.893968e-01
-8.200000 1.531363 -14.088543 0.147213 9.894404e-01
-7.900000 1.524975 -13.572274 0.146243 9.894910e-01
-7.600000 1.518137 -13.055978 0.145175 9.895499e-01
-7.300000 1.510802 -12.539655 0.143993 9.896185e-01
-7.000000 1.502914 -12.023310 0.142681 9.896987e-01
-6.700000 1.494409 -11.506946 0.141220 9.897924e-01
-6.400000 1.485212 -10.990569 0.139586 9.899023e-01
-6.100000 1.475238 -10.474189 0.137750 9.900314e-01
-5.800000 1.464385 -9.957817 0.135680 9.901834e-01
-5.500000 1.452534 -9.441469 0.133336 9.903625e-01
-5.200000 1.439543 -8.925169 0.130669 9.905744e-01
-4.900000 1.425245 -8.408947 0.127620 9.908255e-01
-4.600000 1.409437 -7.892847 0.124115 9.911242e-01
-4.300000 1.391874 -7.376934 0.120059 9.914808e-01
-4.000000 1.372261 -6.861305 0.115334 9.919084e-01
-3.700000 1.350239 -6.346121 0.109783 9.924234e-01
-3.400000 1.325377 -5.831659 0.103211 9.930455e-01
-3.100000 1.297180 -5.318437 0.095370 9.937964e-01
-2.800000 1.265125 -4.807475 0.085986 9.946936e-01
-2.500000 1.228815 -4.300851 0.074828 9.957359e-01
-2.200000 1.188366 -3.802770 0.061906 9.968758e-01
-1.900000 1.145206 -3.321096 0.047826 9.979899e-01
-1.600000 1.102946 -2.867659 0.034036 9.989014e-01
-1.300000 1.066647 -2.453287 0.022235 9.994984e-01
-1.000000 1.039505 -2.079010 0.013275 9.998117e-01
-0.700000 1.020893 -1.735518 0.007170 9.999430e-01
-0.400000 1.008205 -1.411488 0.003670 9.999847e-01
-0.100000 0.999046 -1.098950 0.002974 9.999898e-01
0.200000 0.991857 -0.793486 0.004455 9.999767e-01
0.500000 0.985763 -0.492881 0.006675 9.999471e-01
0.800000 0.980293 -0.196059 0.009216 9.998979e-01
1.100000 16.241286 1.624129 1.965236 9.833723e-01
1.400000 0.970364 0.388146 0.014752 9.997332e-01
1.700000 0.965711 0.675998 0.017590 9.996170e-01
2.000000 0.961212 0.961212 0.020405 9.994799e-01
2.300000 0.956849 1.243903 0.023161 9.993238e-01
2.600000 0.952616 1.524186 0.025835 9.991513e-01
2.900000 0.948513 1.802175 0.028409 9.989651e-01
3.200000 0.944539 2.077987 0.030869 9.987680e-01
3.500000 0.940696 2.351741 0.033209 9.985628e-01
3.800000 0.936985 2.623559 0.035423 9.983521e-01
4.100000 0.933407 2.893561 0.037510 9.981384e-01
4.400000 0.929961 3.161867 0.039471 9.979239e-01
4.700000 0.926646 3.428591 0.041307 9.977105e-01
5.000000 0.923461 3.693845 0.043022 9.974998e-01
5.300000 0.920404 3.957735 0.044621 9.972932e-01
5.600000 0.917470 4.220361 0.046109 9.970917e-01
5.900000 0.914657 4.481817 0.047492 9.968962e-01
6.200000 0.911960 4.742192 0.048776 9.967073e-01
6.500000 0.909376 5.001566 0.049967 9.965255e-01
6.800000 0.906899 5.260015 0.051072 9.963509e-01
7.100000 0.904526 5.517611 0.052096 9.961838e-01
7.400000 0.902253 5.774417 0.053045 9.960241e-01
7.700000 0.900074 6.030493 0.053925 9.958718e-01
8.000000 0.897985 6.285894 0.054741 9.957268e-01
8.300000 0.895982 6.540671 0.055498 9.955887e-01
8.600000 0.894062 6.794870 0.056200 9.954576e-01
8.900000 0.892220 7.048534 0.056852 9.953329e-01
9.200000 0.890451 7.301702 0.057458 9.952146e-01
9.500000 0.888754 7.554411 0.058021 9.951022e-01
9.800000 0.887124 7.806694 0.058545 9.949955e-01
10.100000 0.885558 8.058581 0.059033 9.948943e-01
10.400000 0.884053 8.310102 0.059488 9.947981e-01
10.700000 0.882606 8.561281 0.059912 9.947068e-01
11.000000 0.881214 8.812144 0.060308 9.946201e-01
11.300000 0.879875 9.062713 0.060679 9.945377e-01
11.600000 0.878586 9.313008 0.061025 9.944593e-01
11.900000 0.877344 9.563048 0.061350 9.943848e-01
12.200000 0.876147 9.812851 0.061654 9.943139e-01
12.500000 0.874994 10.062432 0.061939 9.942464e-01
12.800000 0.873882 10.311808 0.062208 9.941820e-01
13.100000 0.872809 10.560992 0.062460 9.941207e-01
13.400000 0.871774 10.809996 0.062697 9.940622e-01
13.700000 0.870774 11.058833 0.062921 9.940063e-01
14.000000 0.869809 11.307514 0.063132 9.939530e-01
14.300000 0.868876 11.556048 0.063331 9.939020e-01
14.600000 0.867974 11.804446 0.063519 9.938533e-01
14.900000 0.867102 12.052716 0.063697 9.938066e-01
15.200000 0.866258 12.300866 0.063866 9.937620e-01
15.500000 0.865442 12.548903 0.064025 9.937192e-01
15.800000 0.864651 12.796836 0.064177 9.936782e-01
16.100000 0.863885 13.044670 0.064320 9.936388e-01
16.400000 0.863144 13.292411 0.064457 9.936011e-01
16.700000 0.862425 13.540065 0.064586 9.935648e-01
17.000000 0.861727 13.787637 0.064710 9.935300e-01
17.300000 0.861051 14.035132 0.064827 9.934965e-01
17.600000 0.860395 14.282555 0.064939 9.934642e-01
17.900000 0.859758 14.529910 0.065046 9.934332e-01
18.200000 0.859140 14.777200 0.065148 9.934034e-01
18.500000 0.858539 15.024430 0.065245 9.933746e-01
18.800000 0.857955 15.271602 0.065338 9.933469e-01
19.100000 0.857388 15.518720 0.065427 9.933201e-01
19.400000 0.856836 15.765787 0.065511 9.932944e-01
19.700000 0.856300 16.012806 0.065593 9.932695e-01
20.000000 0.855778 16.259779 0.065670 9.932454e-01
20.300000 0.855270 16.506708 0.065745 9.932222e-01
20.600000 0.854775 16.753597 0.065816 9.931997e-01
20.900000 0.854294 17.000446 0.065885 9.931780e-01
21.200000 0.853825 17.247258 0.065951 9.931571e-01
21.500000 0.853368 17.494036 0.066014 9.931368e-01
21.800000 0.852922 17.740780 0.066074 9.931171e-01
22.100000 0.852488 17.987492 0.066132 9.930981e-01
22.400000 0.852064 18.234174 0.066188 9.930797e-01
22.700000 0.851651 18.480827 0.066242 9.930618e-01
23.000000 0.851248 18.727452 0.066294 9.930445e-01
23.300000 0.850854 18.974052 0.066344 9.930277e-01
23.600000 0.850470 19.220626 0.066392 9.930114e-01
23.900000 0.850095 19.467177 0.066438 9.929957e-01
24.200000 0.849729 19.713704 0.066482 9.929803e-01
24.500000 0.849371 19.960210 0.066525 9.929655e-01
24.800000 0.849021 20.206695 0.066566 9.929510e-01
