1.004604 0.268309 9.238925e-01 0.953557 0.010647 9.998561e-01
0.965087 0.039728 9.980468e-01 0.952900 0.008602 9.999059e-01
0.951689 0.009364 9.998882e-01 0.948471 0.008538 9.999064e-01
0.943940 0.012864 9.997856e-01 0.943492 0.013163 9.997753e-01
0.937325 0.017544 9.995956e-01 0.937217 0.017612 9.995924e-01
0.930937 0.020331 9.994495e-01 0.929236 0.021178 9.994005e-01
0.924728 0.021899 9.993528e-01 0.919616 0.023996 9.992143e-01
0.918767 0.022886 9.992840e-01 0.908597 0.026626 9.990092e-01
0.913104 0.023652 9.992257e-01 0.896429 0.029562 9.987457e-01
0.907755 0.024364 9.991687e-01 0.883332 0.033056 9.983854e-01
0.902715 0.025081 9.991093e-01 0.869480 0.037142 9.978971e-01
0.897970 0.025810 9.990468e-01 0.855014 0.041722 9.972577e-01
0.893500 0.026541 9.989820e-01 0.840047 0.046652 9.964509e-01
0.889288 0.027256 9.989163e-01 0.824676 0.051788 9.954664e-01
0.885313 0.027940 9.988511e-01 0.808983 0.057005 9.942984e-01
0.881561 0.028579 9.987878e-01 0.793041 0.062201 9.929458e-01
0.878016 0.029165 9.987274e-01 0.776915 0.067291 9.914109e-01
0.874665 0.029691 9.986710e-01 0.760669 0.072211 9.896999e-01
0.871497 0.030154 9.986193e-01 0.744359 0.076908 9.878220e-01
0.868502 0.030552 9.985729e-01 0.728038 0.081339 9.857899e-01
0.865670 0.030885 9.985322e-01 0.711758 0.085473 9.836190e-01
0.862992 0.031153 9.984973e-01 0.695565 0.089284 9.813273e-01
0.860462 0.031359 9.984685e-01 0.679503 0.092754 9.789349e-01
0.858072 0.031504 9.984457e-01 0.663610 0.095872 9.764638e-01
0.855814 0.031593 9.984287e-01 0.647922 0.098631 9.739365e-01
0.853683 0.031627 9.984175e-01 0.632471 0.101029 9.713764e-01
0.851671 0.031610 9.984117e-01 0.617283 0.103072 9.688060e-01
0.849772 0.031547 9.984110e-01 0.602383 0.104766 9.662473e-01
0.847981 0.031440 9.984150e-01 0.587789 0.106125 9.637200e-01
0.846292 0.031293 9.984235e-01 0.573518 0.107164 9.612416e-01
0.844699 0.031111 9.984359e-01 0.559581 0.107904 9.588266e-01
0.843197 0.030897 9.984518e-01 0.545988 0.108367 9.564858e-01
0.841780 0.030654 9.984709e-01 0.532744 0.108578 9.542257e-01
0.840444 0.030386 9.984927e-01 0.519855 0.108565 9.520488e-01
0.839184 0.030096 9.985169e-01 0.507320 0.108358 9.499526e-01
0.837996 0.029788 9.985429e-01 0.495139 0.107987 9.479298e-01
0.836874 0.029463 9.985706e-01 0.483310 0.107485 9.459684e-01
0.835816 0.029127 9.985995e-01 0.471828 0.106886 9.440512e-01
0.834817 0.028779 9.986294e-01 0.460690 0.106221 9.421566e-01
0.833873 0.028425 9.986599e-01 0.449889 0.105525 9.402586e-01
0.832982 0.028064 9.986909e-01 0.439418 0.104830 9.383270e-01
0.832140 0.027700 9.987220e-01 0.429269 0.104166 9.363281e-01
0.831343 0.027335 9.987530e-01 0.419436 0.103564 9.342253e-01
0.830590 0.026970 9.987839e-01 0.409910 0.103049 9.319796e-01
0.829878 0.026606 9.988144e-01 0.400683 0.102646 9.295504e-01
0.829203 0.026246 9.988444e-01 0.391745 0.102375 9.268964e-01
0.828564 0.025890 9.988738e-01 0.383090 0.102255 9.239762e-01
0.827959 0.025539 9.989024e-01 0.374708 0.102297 9.207495e-01
0.827385 0.025195 9.989303e-01 0.366591 0.102510 9.171776e-01
0.826841 0.024858 9.989573e-01 0.358731 0.102900 9.132249e-01
0.826325 0.024528 9.989835e-01 0.351119 0.103467 9.088587e-01
0.825835 0.024208 9.990087e-01 0.343748 0.104208 9.040512e-01
0.825370 0.023896 9.990329e-01 0.336609 0.105117 8.987791e-01
0.824928 0.023594 9.990562e-01 0.329695 0.106184 8.930248e-01
0.824509 0.023301 9.990785e-01 0.322999 0.107399 8.867765e-01
0.824109 0.023018 9.990999e-01 0.316513 0.108748 8.800286e-01
0.823730 0.022746 9.991202e-01 0.310230 0.110216 8.727819e-01
0.823368 0.022483 9.991396e-01 0.304143 0.111788 8.650433e-01
0.823025 0.022231 9.991581e-01 0.298246 0.113448 8.568258e-01
0.822697 0.021988 9.991757e-01 0.292531 0.115182 8.481480e-01
0.822385 0.021756 9.991924e-01 0.286993 0.116973 8.390339e-01
0.822088 0.021534 9.992082e-01 0.281626 0.118808 8.295119e-01
0.821804 0.021321 9.992233e-01 0.276423 0.120672 8.196145e-01
0.821534 0.021119 9.992374e-01 0.271378 0.122553 8.093774e-01
0.821275 0.020925 9.992509e-01 0.266486 0.124439 7.988389e-01
0.821029 0.020741 9.992636e-01 0.261742 0.126318 7.880389e-01
0.820794 0.020566 9.992755e-01 0.257140 0.128182 7.770184e-01
0.820569 0.020399 9.992868e-01 0.252675 0.130021 7.658189e-01
0.820354 0.020241 9.992974e-01 0.248341 0.131827 7.544812e-01
0.820148 0.020091 9.993074e-01 0.244135 0.133595 7.430456e-01
0.819951 0.019949 9.993169e-01 0.240052 0.135317 7.315507e-01
0.819763 0.019815 9.993257e-01 0.236086 0.136989 7.200337e-01
0.819582 0.019688 9.993340e-01 0.232234 0.138606 7.085292e-01
