1.591158 0.503855 8.962177e-01 0.651422 0.348936 7.511158e-01
1.469425 0.380590 9.280984e-01 0.790337 0.208213 9.257955e-01
1.326703 0.231189 9.661201e-01 0.911802 0.079828 9.912259e-01
1.210025 0.122284 9.883431e-01 0.976926 0.017599 9.996253e-01
1.126373 0.061405 9.965795e-01 0.998472 0.001208 9.999983e-01
1.059820 0.024853 9.993654e-01 0.995394 0.002647 9.999918e-01
0.999125 0.002796 9.999910e-01 0.974216 0.012007 9.998246e-01
0.939547 0.025689 9.991374e-01 0.935493 0.027056 9.990349e-01
0.880132 0.046235 9.968232e-01 0.879061 0.046506 9.967782e-01
0.822148 0.063534 9.931506e-01 0.806644 0.068073 9.918425e-01
0.767910 0.076899 9.885515e-01 0.722700 0.088941 9.828097e-01
0.719669 0.086297 9.836658e-01 0.633626 0.107081 9.680709e-01
0.678833 0.092284 9.791030e-01 0.546022 0.121760 9.456926e-01
0.645723 0.095634 9.752946e-01 0.465093 0.133080 9.136155e-01
0.619766 0.097088 9.724408e-01 0.393878 0.141443 8.703801e-01
0.599888 0.097271 9.705316e-01 0.333387 0.147304 8.160258e-01
0.584878 0.096658 9.694236e-01 0.283211 0.151083 7.526427e-01
