1.387236 0.270753 9.578621e-01 0.568925 0.311451 7.428900e-01
1.341834 0.242232 9.637302e-01 0.661703 0.249119 8.593385e-01
1.285288 0.204040 9.717191e-01 0.760412 0.180076 9.391744e-01
1.221870 0.158110 9.810296e-01 0.852286 0.112745 9.801913e-01
1.159665 0.110482 9.896268e-01 0.923964 0.057748 9.955091e-01
1.106608 0.069222 9.955015e-01 0.969359 0.022416 9.993828e-01
1.066028 0.038925 9.984626e-01 0.991989 0.005453 9.999651e-01
1.036549 0.019039 9.996106e-01 0.999598 0.000248 9.999999e-01
1.014993 0.006603 9.999511e-01 0.998679 0.000723 9.999994e-01
0.998521 0.001270 9.999981e-01 0.993012 0.003385 9.999866e-01
0.985213 0.006452 9.999505e-01 0.984424 0.006717 9.999462e-01
0.973915 0.010168 9.998741e-01 0.973731 0.010220 9.998728e-01
0.963966 0.013049 9.997884e-01 0.961323 0.013807 9.997618e-01
0.954986 0.015453 9.996977e-01 0.947425 0.017530 9.996048e-01
0.946751 0.017583 9.996018e-01 0.932206 0.021473 9.993876e-01
0.939120 0.019556 9.994995e-01 0.915813 0.025720 9.990900e-01
0.932000 0.021441 9.993892e-01 0.898383 0.030346 9.986840e-01
0.925329 0.023283 9.992694e-01 0.880047 0.035416 9.981331e-01
0.919058 0.025105 9.991390e-01 0.860930 0.040984 9.973898e-01
0.913152 0.026922 9.989972e-01 0.841153 0.047088 9.963941e-01
0.907583 0.028740 9.988433e-01 0.820834 0.053752 9.950722e-01
0.902328 0.030559 9.986772e-01 0.800087 0.060982 9.933358e-01
0.897371 0.032373 9.984993e-01 0.779025 0.068762 9.910827e-01
0.892696 0.034175 9.983103e-01 0.757759 0.077060 9.881978e-01
0.888290 0.035957 9.981113e-01 0.736396 0.085823 9.845563e-01
0.884142 0.037708 9.979038e-01 0.715041 0.094987 9.800278e-01
0.880241 0.039418 9.976895e-01 0.693790 0.104473 9.744817e-01
0.876579 0.041077 9.974705e-01 0.672735 0.114199 9.677934e-01
0.873144 0.042677 9.972487e-01 0.651960 0.124078 9.598509e-01
0.869927 0.044210 9.970262e-01 0.631541 0.134023 9.505618e-01
0.866920 0.045671 9.968051e-01 0.611544 0.143952 9.398593e-01
0.864110 0.047055 9.965872e-01 0.592026 0.153787 9.277071e-01
0.861490 0.048360 9.963741e-01 0.573032 0.163459 9.141030e-01
0.859048 0.049584 9.961673e-01 0.554602 0.172905 8.990803e-01
0.856775 0.050727 9.959681e-01 0.536764 0.182075 8.827069e-01
0.854661 0.051790 9.957774e-01 0.519538 0.190924 8.650828e-01
0.852696 0.052774 9.955958e-01 0.502935 0.199418 8.463355e-01
0.850870 0.053683 9.954240e-01 0.486963 0.207534 8.266139e-01
0.849175 0.054520 9.952622e-01 0.471620 0.215253 8.060822e-01
0.847600 0.055288 9.951104e-01 0.456900 0.222564 7.849126e-01
0.846138 0.055990 9.949688e-01 0.442793 0.229465 7.632789e-01
0.844780 0.056632 9.948369e-01 0.429286 0.235955 7.413508e-01
0.843519 0.057216 9.947146e-01 0.416362 0.242040 7.192887e-01
