-25.000000 1.768326 -45.976466 0.498461 9.159505e-01
-24.700000 1.767519 -45.425234 0.498193 9.159632e-01
-24.400000 1.766693 -44.874005 0.497918 9.159764e-01
-24.100000 1.765848 -44.322778 0.497635 9.159901e-01
-23.800000 1.764982 -43.771553 0.497345 9.160043e-01
-23.500000 1.764095 -43.220331 0.497048 9.160190e-01
-23.200000 1.763186 -42.669111 0.496742 9.160343e-01
-22.900000 1.762255 -42.117892 0.496428 9.160503e-01
-22.600000 1.761300 -41.566676 0.496106 9.160668e-01
-22.300000 1.760320 -41.015462 0.495774 9.160841e-01
-22.000000 1.759315 -40.464250 0.495434 9.161020e-01
-21.700000 1.758284 -39.913039 0.495083 9.161206e-01
-21.400000 1.757225 -39.361831 0.494722 9.161400e-01
-21.100000 1.756137 -38.810624 0.494351 9.161603e-01
-20.800000 1.755019 -38.259418 0.493968 9.161813e-01
-20.500000 1.753870 -37.708214 0.493574 9.162033e-01
-20.200000 1.752689 -37.157012 0.493168 9.162263e-01
-19.900000 1.751474 -36.605811 0.492750 9.162502e-01
-19.600000 1.750224 -36.054612 0.492318 9.162752e-01
-19.300000 1.748937 -35.503414 0.491872 9.163013e-01
-19.000000 1.747611 -34.952217 0.491411 9.163287e-01
-18.700000 1.746245 -34.401022 0.490936 9.163572e-01
-18.400000 1.744837 -33.849828 0.490444 9.163872e-01
-18.100000 1.743384 -33.298636 0.489936 9.164185e-01
-17.800000 1.741885 -32.747445 0.489409 9.164514e-01
-17.500000 1.740338 -32.196255 0.488865 9.164858e-01
-17.200000 1.738740 -31.645067 0.488300 9.165220e-01
-16.900000 1.737088 -31.093881 0.487715 9.165600e-01
-16.600000 1.735381 -30.542697 0.487108 9.166000e-01
-16.300000 1.733614 -29.991515 0.486478 9.166421e-01
-16.000000 1.731784 -29.440336 0.485824 9.166864e-01
-15.700000 1.729890 -28.889160 0.485144 9.167332e-01
-15.400000 1.727926 -28.337987 0.484437 9.167825e-01
-15.100000 1.725889 -27.786819 0.483701 9.168346e-01
-14.800000 1.723776 -27.235655 0.482934 9.168897e-01
-14.500000 1.721580 -26.684496 0.482134 9.169480e-01
-14.200000 1.719299 -26.133344 0.481299 9.170099e-01
-13.900000 1.716926 -25.582200 0.480428 9.170755e-01
-13.600000 1.714456 -25.031064 0.479517 9.171453e-01
-13.300000 1.711884 -24.479939 0.478563 9.172195e-01
-13.000000 1.709202 -23.928825 0.477565 9.172986e-01
-12.700000 1.706403 -23.377726 0.476517 9.173830e-01
-12.400000 1.703481 -22.826643 0.475418 9.174733e-01
-12.100000 1.700426 -22.275579 0.474262 9.175699e-01
-11.800000 1.697229 -21.724537 0.473047 9.176736e-01
-11.500000 1.693882 -21.173520 0.471765 9.177850e-01
-11.200000 1.690372 -20.622534 0.470413 9.179049e-01
-10.900000 1.686688 -20.071581 0.468985 9.180343e-01
-10.600000 1.682816 -19.520669 0.467473 9.181743e-01
-10.300000 1.678744 -18.969802 0.465871 9.183260e-01
-10.000000 1.674453 -18.418988 0.464169 9.184909e-01
-9.700000 1.669929 -17.868236 0.462360 9.186705e-01
-9.400000 1.665149 -17.317554 0.460431 9.188667e-01
-9.100000 1.660094 -16.766954 0.458370 9.190818e-01
-8.800000 1.654740 -16.216448 0.456165 9.193182e-01
-8.500000 1.649058 -15.666050 0.453799 9.195790e-01
-8.200000 1.643019 -15.115778 0.451254 9.198677e-01
-7.900000 1.636590 -14.565650 0.448510 9.201885e-01
-7.600000 1.629731 -14.015690 0.445541 9.205465e-01
-7.300000 1.622401 -13.465924 0.442319 9.209476e-01
-7.000000 1.614548 -12.916384 0.438811 9.213993e-01
-6.700000 1.606118 -12.367106 0.434978 9.219104e-01
-6.400000 1.597045 -11.818133 0.430772 9.224917e-01
-6.100000 1.587256 -11.269519 0.426138 9.231567e-01
-5.800000 1.576666 -10.721326 0.421007 9.239220e-01
-5.500000 1.565174 -10.173631 0.415298 9.248082e-01
-5.200000 1.552665 -9.626524 0.408910 9.258414e-01
-4.900000 1.539003 -9.080119 0.401721 9.270544e-01
-4.600000 1.524028 -8.534556 0.393577 9.284887e-01
-4.300000 1.507549 -7.990008 0.384288 9.301974e-01
-4.000000 1.489338 -7.446691 0.373617 9.322479e-01
-3.700000 1.469124 -6.904881 0.361262 9.347266e-01
-3.400000 1.446576 -6.364934 0.346842 9.377429e-01
-3.100000 1.421297 -5.827316 0.329873 9.414348e-01
-2.800000 1.392804 -5.292653 0.309740 9.459722e-01
-2.500000 1.360520 -4.761821 0.285667 9.515529e-01
-2.200000 1.323782 -4.236104 0.256713 9.583778e-01
-1.900000 1.281914 -3.717552 0.221865 9.665640e-01
-1.600000 1.234546 -3.209819 0.180483 9.759125e-01
-1.300000 1.182577 -2.719927 0.133713 9.854504e-01
-1.000000 1.129881 -2.259762 0.086956 9.932065e-01
-0.700000 1.082643 -1.840494 0.048799 9.976592e-01
-0.400000 1.043526 -1.460937 0.022569 9.994601e-01
-0.100000 1.010099 -1.111109 0.004547 9.999766e-01
0.200000 0.979288 -0.783430 0.009461 9.998922e-01
0.500000 0.949307 -0.474653 0.021576 9.994038e-01
0.800000 0.919278 -0.183856 0.032532 9.985558e-01
1.100000 14.337095 1.433710 1.085714 9.934209e-01
1.400000 0.860908 0.344363 0.052258 9.957629e-01
1.700000 0.832497 0.582748 0.060031 9.940309e-01
2.000000 0.805712 0.805712 0.066445 9.922071e-01
2.300000 0.780995 1.015293 0.071530 9.904056e-01
2.600000 0.758617 1.213787 0.075439 9.887089e-01
2.900000 0.738655 1.403444 0.078372 9.871662e-01
3.200000 0.721025 1.586255 0.080532 9.857980e-01
3.500000 0.705545 1.763864 0.082098 9.846044e-01
3.800000 0.691984 1.937557 0.083215 9.835737e-01
4.100000 0.680101 2.108313 0.083998 9.826886e-01
4.400000 0.669666 2.276863 0.084535 9.819300e-01
4.700000 0.660472 2.443745 0.084889 9.812798e-01
5.000000 0.652338 2.609353 0.085109 9.807215e-01
5.300000 0.645112 2.773980 0.085229 9.802410e-01
5.600000 0.638661 2.937839 0.085277 9.798258e-01
5.900000 0.632876 3.101090 0.085271 9.794656e-01
6.200000 0.627664 3.263852 0.085226 9.791518e-01
6.500000 0.622948 3.426215 0.085154 9.788769e-01
6.800000 0.618663 3.588247 0.085061 9.786350e-01
7.100000 0.614754 3.750002 0.084956 9.784210e-01
7.400000 0.611175 3.911522 0.084841 9.782307e-01
7.700000 0.607886 4.072838 0.084721 9.780605e-01
8.000000 0.604854 4.233977 0.084598 9.779075e-01
8.300000 0.602049 4.394960 0.084475 9.777693e-01
8.600000 0.599448 4.555806 0.084353 9.776437e-01
8.900000 0.597029 4.716527 0.084232 9.775292e-01
9.200000 0.594773 4.877138 0.084114 9.774242e-01
9.500000 0.592664 5.037647 0.083999 9.773275e-01
9.800000 0.590689 5.198065 0.083888 9.772381e-01
10.100000 0.588835 5.358399 0.083781 9.771550e-01
10.400000 0.587091 5.518656 0.083677 9.770776e-01
10.700000 0.585448 5.678842 0.083578 9.770052e-01
11.000000 0.583896 5.838962 0.083483 9.769372e-01
11.300000 0.582429 5.999022 0.083391 9.768732e-01
11.600000 0.581040 6.159026 0.083303 9.768128e-01
11.900000 0.579723 6.318977 0.083219 9.767556e-01
12.200000 0.578471 6.478880 0.083139 9.767012e-01
12.500000 0.577281 6.638737 0.083062 9.766496e-01
12.800000 0.576148 6.798552 0.082989 9.766003e-01
13.100000 0.575068 6.958327 0.082918 9.765533e-01
13.400000 0.574038 7.118065 0.082851 9.765082e-01
13.700000 0.573053 7.277769 0.082787 9.764651e-01
14.000000 0.572111 7.437440 0.082725 9.764237e-01
14.300000 0.571209 7.597081 0.082666 9.763839e-01
14.600000 0.570345 7.756693 0.082610 9.763456e-01
14.900000 0.569516 7.916279 0.082555 9.763086e-01
15.200000 0.568721 8.075839 0.082504 9.762730e-01
15.500000 0.567957 8.235376 0.082454 9.762387e-01
15.800000 0.567222 8.394891 0.082406 9.762055e-01
16.100000 0.566516 8.554384 0.082360 9.761733e-01
16.400000 0.565835 8.713858 0.082316 9.761423e-01
16.700000 0.565179 8.873314 0.082274 9.761122e-01
17.000000 0.564547 9.032752 0.082233 9.760830e-01
17.300000 0.563937 9.192173 0.082194 9.760547e-01
17.600000 0.563348 9.351580 0.082157 9.760273e-01
17.900000 0.562779 9.510971 0.082120 9.760006e-01
18.200000 0.562230 9.670349 0.082085 9.759748e-01
18.500000 0.561698 9.829714 0.082052 9.759497e-01
18.800000 0.561184 9.989067 0.082019 9.759252e-01
19.100000 0.560686 10.148408 0.081988 9.759015e-01
19.400000 0.560203 10.307738 0.081957 9.758784e-01
19.700000 0.559736 10.467058 0.081928 9.758560e-01
20.000000 0.559283 10.626369 0.081900 9.758341e-01
20.300000 0.558843 10.785670 0.081872 9.758128e-01
20.600000 0.558416 10.944963 0.081846 9.757921e-01
20.900000 0.558002 11.104247 0.081820 9.757720e-01
21.200000 0.557600 11.263524 0.081795 9.757523e-01
21.500000 0.557209 11.422794 0.081771 9.757332e-01
21.800000 0.556830 11.582057 0.081747 9.757145e-01
22.100000 0.556460 11.741314 0.081724 9.756963e-01
22.400000 0.556101 11.900564 0.081702 9.756786e-01
22.700000 0.555752 12.059809 0.081680 9.756613e-01
23.000000 0.555411 12.219049 0.081659 9.756445e-01
23.300000 0.555080 12.378283 0.081639 9.756280e-01
23.600000 0.554757 12.537513 0.081619 9.756120e-01
23.900000 0.554443 12.696738 0.081599 9.755964e-01
24.200000 0.554136 12.855959 0.081580 9.755811e-01
24.500000 0.553837 13.015177 0.081562 9.755662e-01
24.800000 0.553546 13.174390 0.081544 9.755516e-01
