2.406863 0.854525 8.729281e-01 0.188323 0.101840 7.475413e-01
2.383362 0.860098 8.692648e-01 0.229252 0.102594 8.121603e-01
2.349037 0.865282 8.645307e-01 0.278650 0.102035 8.659154e-01
2.286420 0.873353 8.558002e-01 0.349433 0.104760 9.059637e-01
2.105943 0.902961 8.248719e-01 0.497425 0.127849 9.291178e-01
1.593353 0.849894 7.526879e-01 0.770008 0.108548 9.775650e-01
1.068249 0.377118 8.741841e-01 0.911297 0.021696 9.993458e-01
0.932926 0.072002 9.931680e-01 0.910561 0.015698 9.996569e-01
0.907789 0.012484 9.997816e-01 0.902466 0.015351 9.996660e-01
0.894937 0.022604 9.992638e-01 0.894204 0.022816 9.992487e-01
0.884353 0.024751 9.990962e-01 0.884186 0.024765 9.990949e-01
0.874930 0.024684 9.990816e-01 0.872430 0.024733 9.990727e-01
0.866310 0.024236 9.990970e-01 0.859087 0.024368 9.990717e-01
0.858302 0.023815 9.991117e-01 0.844286 0.024393 9.990369e-01
0.850806 0.023505 9.991194e-01 0.828180 0.025130 9.989379e-01
0.843774 0.023303 9.991199e-01 0.810963 0.026630 9.987563e-01
0.837186 0.023187 9.991149e-01 0.792859 0.028744 9.984845e-01
0.831035 0.023127 9.991064e-01 0.774110 0.031210 9.981264e-01
0.825313 0.023094 9.990966e-01 0.754952 0.033752 9.976971e-01
0.820011 0.023064 9.990873e-01 0.735608 0.036129 9.972220e-01
0.815115 0.023019 9.990799e-01 0.716277 0.038160 9.967330e-01
0.810606 0.022949 9.990752e-01 0.697126 0.039727 9.962636e-01
0.806465 0.022852 9.990736e-01 0.678292 0.040774 9.958441e-01
0.802666 0.022729 9.990748e-01 0.659877 0.041302 9.954961e-01
0.799185 0.022586 9.990784e-01 0.641958 0.041363 9.952285e-01
0.795996 0.022432 9.990837e-01 0.624585 0.041055 9.950351e-01
0.793074 0.022275 9.990898e-01 0.607789 0.040520 9.948934e-01
0.790395 0.022123 9.990961e-01 0.591584 0.039934 9.947653e-01
0.787935 0.021983 9.991019e-01 0.575970 0.039495 9.945992e-01
0.785674 0.021862 9.991066e-01 0.560941 0.039409 9.943322e-01
0.783593 0.021762 9.991100e-01 0.546481 0.039857 9.938945e-01
0.781674 0.021687 9.991119e-01 0.532571 0.040968 9.932127e-01
0.779901 0.021636 9.991120e-01 0.519190 0.042798 9.922137e-01
0.778261 0.021608 9.991106e-01 0.506314 0.045330 9.908282e-01
0.776740 0.021602 9.991076e-01 0.493921 0.048487 9.889932e-01
0.775327 0.021614 9.991033e-01 0.481987 0.052162 9.866547e-01
0.774013 0.021643 9.990979e-01 0.470489 0.056236 9.837691e-01
0.772788 0.021684 9.990915e-01 0.459407 0.060596 9.803042e-01
0.771645 0.021736 9.990845e-01 0.448720 0.065142 9.762393e-01
0.770576 0.021794 9.990771e-01 0.438407 0.069792 9.715652e-01
0.769575 0.021857 9.990693e-01 0.428453 0.074475 9.662837e-01
0.768637 0.021922 9.990615e-01 0.418838 0.079135 9.604065e-01
0.767756 0.021987 9.990537e-01 0.409549 0.083729 9.539540e-01
0.766929 0.022051 9.990462e-01 0.400569 0.088222 9.469544e-01
0.766150 0.022113 9.990389e-01 0.391885 0.092586 9.394424e-01
0.765416 0.022171 9.990320e-01 0.383484 0.096802 9.314572e-01
0.764724 0.022224 9.990256e-01 0.375354 0.100854 9.230425e-01
0.764071 0.022273 9.990196e-01 0.367483 0.104731 9.142441e-01
0.763453 0.022318 9.990141e-01 0.359861 0.108426 9.051096e-01
0.762870 0.022356 9.990092e-01 0.352477 0.111933 8.956872e-01
0.762317 0.022390 9.990048e-01 0.345322 0.115251 8.860250e-01
0.761794 0.022418 9.990009e-01 0.338385 0.118377 8.761699e-01
0.761297 0.022441 9.989975e-01 0.331660 0.121314 8.661675e-01
0.760826 0.022460 9.989946e-01 0.325137 0.124062 8.560612e-01
0.760379 0.022473 9.989923e-01 0.318807 0.126626 8.458919e-01
0.759954 0.022482 9.989903e-01 0.312665 0.129007 8.356980e-01
0.759549 0.022487 9.989888e-01 0.306702 0.131211 8.255147e-01
0.759165 0.022487 9.989877e-01 0.300911 0.133243 8.153742e-01
0.758798 0.022484 9.989870e-01 0.295285 0.135106 8.053058e-01
0.758449 0.022478 9.989867e-01 0.289819 0.136808 7.953353e-01
0.758116 0.022468 9.989867e-01 0.284506 0.138353 7.854856e-01
0.757798 0.022456 9.989870e-01 0.279339 0.139747 7.757769e-01
0.757494 0.022441 9.989875e-01 0.274314 0.140996 7.662260e-01
0.757204 0.022423 9.989883e-01 0.269425 0.142106 7.568475e-01
0.756926 0.022403 9.989894e-01 0.264667 0.143082 7.476533e-01
0.756661 0.022382 9.989906e-01 0.260035 0.143932 7.386530e-01
0.756407 0.022358 9.989920e-01 0.255523 0.144660 7.298539e-01
0.756163 0.022333 9.989936e-01 0.251128 0.145273 7.212616e-01
0.755930 0.022307 9.989954e-01 0.246844 0.145775 7.128796e-01
0.755706 0.022280 9.989972e-01 0.242668 0.146174 7.047103e-01
