-25.000000 2.376649 -61.792879 0.795684 8.853928e-01
-24.700000 2.375539 -61.051365 0.795313 8.853928e-01
-24.400000 2.374404 -60.309851 0.794933 8.853928e-01
-24.100000 2.373240 -59.568336 0.794543 8.853928e-01
-23.800000 2.372049 -58.826822 0.794145 8.853927e-01
-23.500000 2.370829 -58.085307 0.793736 8.853927e-01
-23.200000 2.369578 -57.343793 0.793318 8.853927e-01
-22.900000 2.368296 -56.602279 0.792888 8.853926e-01
-22.600000 2.366982 -55.860765 0.792449 8.853926e-01
-22.300000 2.365633 -55.119250 0.791997 8.853925e-01
-22.000000 2.364249 -54.377736 0.791534 8.853925e-01
-21.700000 2.362829 -53.636222 0.791059 8.853924e-01
-21.400000 2.361371 -52.894708 0.790571 8.853923e-01
-21.100000 2.359873 -52.153193 0.790070 8.853923e-01
-20.800000 2.358334 -51.411679 0.789555 8.853922e-01
-20.500000 2.356752 -50.670165 0.789026 8.853921e-01
-20.200000 2.355125 -49.928651 0.788481 8.853920e-01
-19.900000 2.353452 -49.187137 0.787922 8.853919e-01
-19.600000 2.351729 -48.445623 0.787345 8.853917e-01
-19.300000 2.349956 -47.704109 0.786752 8.853916e-01
-19.000000 2.348130 -46.962595 0.786141 8.853914e-01
-18.700000 2.346248 -46.221082 0.785512 8.853913e-01
-18.400000 2.344308 -45.479568 0.784863 8.853911e-01
-18.100000 2.342307 -44.738054 0.784194 8.853908e-01
-17.800000 2.340242 -43.996541 0.783504 8.853906e-01
-17.500000 2.338110 -43.255027 0.782791 8.853903e-01
-17.200000 2.335907 -42.513514 0.782055 8.853900e-01
-16.900000 2.333631 -41.772001 0.781294 8.853897e-01
-16.600000 2.331278 -41.030488 0.780508 8.853893e-01
-16.300000 2.328842 -40.288975 0.779694 8.853889e-01
-16.000000 2.326321 -39.547462 0.778852 8.853884e-01
-15.700000 2.323710 -38.805949 0.777979 8.853879e-01
-15.400000 2.321002 -38.064437 0.777075 8.853873e-01
-15.100000 2.318194 -37.322925 0.776138 8.853866e-01
-14.800000 2.315279 -36.581413 0.775165 8.853859e-01
-14.500000 2.312252 -35.839901 0.774154 8.853850e-01
-14.200000 2.309105 -35.098389 0.773104 8.853841e-01
-13.900000 2.305831 -34.356878 0.772012 8.853831e-01
-13.600000 2.302422 -33.615367 0.770875 8.853819e-01
-13.300000 2.298871 -32.873857 0.769691 8.853806e-01
-13.000000 2.295168 -32.132347 0.768457 8.853791e-01
-12.700000 2.291302 -31.390838 0.767169 8.853775e-01
-12.400000 2.287263 -30.649329 0.765823 8.853757e-01
-12.100000 2.283040 -29.907821 0.764417 8.853736e-01
-11.800000 2.278618 -29.166314 0.762945 8.853713e-01
-11.500000 2.273985 -28.424808 0.761403 8.853687e-01
-11.200000 2.269123 -27.683303 0.759787 8.853658e-01
-10.900000 2.264017 -26.941799 0.758089 8.853625e-01
-10.600000 2.258646 -26.200297 0.756304 8.853588e-01
-10.300000 2.252991 -25.458797 0.754426 8.853547e-01
-10.000000 2.247027 -24.717300 0.752446 8.853500e-01
-9.700000 2.240730 -23.975806 0.750357 8.853448e-01
-9.400000 2.234069 -23.234316 0.748148 8.853390e-01
-9.100000 2.227013 -22.492831 0.745809 8.853325e-01
-8.800000 2.219526 -21.751352 0.743328 8.853252e-01
-8.500000 2.211566 -21.009881 0.740692 8.853171e-01
-8.200000 2.203089 -20.268420 0.737886 8.853081e-01
-7.900000 2.194042 -19.526973 0.734891 8.852981e-01
-7.600000 2.184365 -18.785543 0.731690 8.852872e-01
-7.300000 2.173992 -18.044135 0.728258 8.852752e-01
-7.000000 2.162845 -17.302757 0.724569 8.852624e-01
-6.700000 2.150833 -16.561417 0.720594 8.852487e-01
-6.400000 2.137855 -15.820128 0.716295 8.852346e-01
-6.100000 2.123789 -15.078905 0.711632 8.852206e-01
-5.800000 2.108496 -14.337772 0.706553 8.852074e-01
-5.500000 2.091809 -13.596756 0.700999 8.851965e-01
-5.200000 2.073532 -12.855899 0.694896 8.851900e-01
-4.900000 2.053433 -12.115253 0.688156 8.851913e-01
-4.600000 2.031231 -11.374892 0.680668 8.852055e-01
-4.300000 2.006588 -10.634915 0.672295 8.852405e-01
-4.000000 1.979091 -9.895456 0.662860 8.853084e-01
-3.700000 1.948234 -9.156699 0.652141 8.854280e-01
-3.400000 1.913385 -8.418894 0.639844 8.856280e-01
-3.100000 1.873752 -7.682381 0.625585 8.859532e-01
-2.800000 1.828322 -6.947624 0.608844 8.864734e-01
-2.500000 1.775785 -6.215249 0.588921 8.872990e-01
-2.200000 1.714409 -5.486108 0.564845 8.886057e-01
-1.900000 1.641849 -4.761362 0.535254 8.906800e-01
-1.600000 1.554858 -4.042631 0.498198 8.940045e-01
-1.300000 1.448869 -3.332398 0.450781 8.994514e-01
-1.000000 1.317927 -2.635854 0.388254 9.089056e-01
-0.700000 1.159756 -1.971585 0.300770 9.279266e-01
-0.400000 1.005249 -1.407349 0.173369 9.667914e-01
-0.100000 0.925565 -1.018122 0.051304 9.964643e-01
0.200000 0.904969 -0.723976 0.010081 9.998567e-01
0.500000 0.897143 -0.448572 0.020103 9.994205e-01
0.800000 0.891274 -0.178255 0.023713 9.991832e-01
1.100000 14.042203 1.404220 2.060553 9.757365e-01
1.400000 0.881179 0.352472 0.024711 9.990926e-01
1.700000 0.876629 0.613641 0.024526 9.990969e-01
2.000000 0.872319 0.872319 0.024257 9.991078e-01
2.300000 0.868210 1.128673 0.023973 9.991203e-01
2.600000 0.864280 1.382848 0.023702 9.991323e-01
2.900000 0.860517 1.634981 0.023455 9.991428e-01
3.200000 0.856911 1.885204 0.023237 9.991515e-01
3.500000 0.853458 2.133646 0.023049 9.991584e-01
3.800000 0.850155 2.380434 0.022890 9.991636e-01
4.100000 0.846998 2.625693 0.022755 9.991672e-01
4.400000 0.843983 2.869542 0.022642 9.991695e-01
4.700000 0.841106 3.112093 0.022547 9.991709e-01
5.000000 0.838364 3.353455 0.022465 9.991714e-01
5.300000 0.835750 3.593725 0.022395 9.991715e-01
5.600000 0.833260 3.832995 0.022332 9.991712e-01
5.900000 0.830888 4.071349 0.022276 9.991706e-01
6.200000 0.828628 4.308864 0.022223 9.991701e-01
6.500000 0.826474 4.545608 0.022173 9.991695e-01
6.800000 0.824422 4.781645 0.022125 9.991690e-01
7.100000 0.822464 5.017031 0.022078 9.991685e-01
7.400000 0.820596 5.251817 0.022032 9.991682e-01
7.700000 0.818813 5.486050 0.021987 9.991680e-01
8.000000 0.817110 5.719771 0.021943 9.991679e-01
8.300000 0.815482 5.953018 0.021900 9.991678e-01
8.600000 0.813924 6.185826 0.021858 9.991679e-01
8.900000 0.812433 6.418224 0.021816 9.991679e-01
9.200000 0.811005 6.650242 0.021776 9.991681e-01
9.500000 0.809636 6.881905 0.021738 9.991682e-01
9.800000 0.808322 7.113237 0.021700 9.991684e-01
10.100000 0.807061 7.344258 0.021665 9.991685e-01
10.400000 0.805850 7.574988 0.021630 9.991686e-01
10.700000 0.804685 7.805446 0.021598 9.991687e-01
11.000000 0.803565 8.035647 0.021567 9.991688e-01
11.300000 0.802486 8.265608 0.021538 9.991688e-01
11.600000 0.801447 8.495342 0.021510 9.991688e-01
11.900000 0.800446 8.724862 0.021484 9.991688e-01
12.200000 0.799480 8.954180 0.021459 9.991687e-01
12.500000 0.798548 9.183308 0.021436 9.991685e-01
12.800000 0.797649 9.412255 0.021415 9.991683e-01
13.100000 0.796780 9.641033 0.021394 9.991681e-01
13.400000 0.795939 9.869649 0.021376 9.991678e-01
13.700000 0.795127 10.098112 0.021358 9.991675e-01
14.000000 0.794341 10.326429 0.021342 9.991671e-01
14.300000 0.793580 10.554610 0.021326 9.991667e-01
14.600000 0.792843 10.782659 0.021312 9.991662e-01
14.900000 0.792128 11.010584 0.021299 9.991658e-01
15.200000 0.791436 11.238391 0.021286 9.991653e-01
15.500000 0.790764 11.466084 0.021275 9.991648e-01
15.800000 0.790113 11.693671 0.021264 9.991642e-01
16.100000 0.789480 11.921155 0.021255 9.991637e-01
16.400000 0.788866 12.148542 0.021245 9.991631e-01
16.700000 0.788270 12.375835 0.021237 9.991625e-01
17.000000 0.787690 12.603040 0.021229 9.991619e-01
17.300000 0.787126 12.830159 0.021222 9.991612e-01
17.600000 0.786578 13.057197 0.021215 9.991606e-01
17.900000 0.786045 13.284157 0.021209 9.991600e-01
18.200000 0.785526 13.511042 0.021203 9.991593e-01
18.500000 0.785020 13.737855 0.021197 9.991587e-01
18.800000 0.784528 13.964601 0.021192 9.991581e-01
19.100000 0.784049 14.191280 0.021187 9.991574e-01
19.400000 0.783581 14.417896 0.021183 9.991568e-01
19.700000 0.783126 14.644451 0.021178 9.991561e-01
20.000000 0.782681 14.870948 0.021174 9.991555e-01
20.300000 0.782248 15.097389 0.021170 9.991549e-01
20.600000 0.781825 15.323777 0.021167 9.991542e-01
20.900000 0.781413 15.550112 0.021163 9.991536e-01
21.200000 0.781010 15.776397 0.021160 9.991530e-01
21.500000 0.780616 16.002634 0.021157 9.991524e-01
21.800000 0.780232 16.228824 0.021154 9.991518e-01
22.100000 0.779856 16.454970 0.021151 9.991512e-01
22.400000 0.779489 16.681072 0.021148 9.991507e-01
22.700000 0.779131 16.907132 0.021145 9.991501e-01
23.000000 0.778780 17.133153 0.021143 9.991495e-01
23.300000 0.778436 17.359134 0.021140 9.991490e-01
23.600000 0.778101 17.585077 0.021138 9.991485e-01
23.900000 0.777772 17.810985 0.021135 9.991480e-01
24.200000 0.777451 18.036856 0.021133 9.991475e-01
24.500000 0.777136 18.262694 0.021130 9.991470e-01
24.800000 0.776828 18.488499 0.021128 9.991465e-01
