-25.000000 1.954529 -50.817741 0.414962 9.505211e-01
-24.700000 1.953670 -50.209317 0.414774 9.505225e-01
-24.400000 1.952791 -49.600894 0.414581 9.505241e-01
-24.100000 1.951891 -48.992474 0.414382 9.505257e-01
-23.800000 1.950970 -48.384055 0.414179 9.505274e-01
-23.500000 1.950026 -47.775637 0.413970 9.505293e-01
-23.200000 1.949059 -47.167222 0.413756 9.505313e-01
-22.900000 1.948067 -46.558808 0.413536 9.505335e-01
-22.600000 1.947051 -45.950397 0.413310 9.505358e-01
-22.300000 1.946008 -45.341987 0.413078 9.505382e-01
-22.000000 1.944938 -44.733579 0.412840 9.505409e-01
-21.700000 1.943840 -44.125173 0.412594 9.505437e-01
-21.400000 1.942713 -43.516769 0.412342 9.505467e-01
-21.100000 1.941555 -42.908367 0.412082 9.505499e-01
-20.800000 1.940365 -42.299967 0.411814 9.505533e-01
-20.500000 1.939143 -41.691570 0.411539 9.505570e-01
-20.200000 1.937886 -41.083174 0.411255 9.505609e-01
-19.900000 1.936592 -40.474781 0.410962 9.505651e-01
-19.600000 1.935262 -39.866389 0.410660 9.505696e-01
-19.300000 1.933892 -39.258000 0.410348 9.505744e-01
-19.000000 1.932481 -38.649613 0.410027 9.505796e-01
-18.700000 1.931027 -38.041229 0.409694 9.505851e-01
-18.400000 1.929528 -37.432847 0.409350 9.505910e-01
-18.100000 1.927983 -36.824467 0.408995 9.505973e-01
-17.800000 1.926388 -36.216089 0.408627 9.506040e-01
-17.500000 1.924741 -35.607714 0.408247 9.506113e-01
-17.200000 1.923041 -34.999342 0.407852 9.506191e-01
-16.900000 1.921283 -34.390971 0.407443 9.506274e-01
-16.600000 1.919466 -33.782604 0.407019 9.506364e-01
-16.300000 1.917586 -33.174238 0.406578 9.506461e-01
-16.000000 1.915640 -32.565876 0.406120 9.506565e-01
-15.700000 1.913624 -31.957516 0.405645 9.506677e-01
-15.400000 1.911534 -31.349158 0.405150 9.506797e-01
-15.100000 1.909367 -30.740803 0.404634 9.506927e-01
-14.800000 1.907117 -30.132450 0.404097 9.507068e-01
-14.500000 1.904781 -29.524100 0.403536 9.507220e-01
-14.200000 1.902352 -28.915753 0.402951 9.507384e-01
-13.900000 1.899826 -28.307408 0.402340 9.507562e-01
-13.600000 1.897196 -27.699066 0.401700 9.507755e-01
-13.300000 1.894456 -27.090726 0.401030 9.507964e-01
-13.000000 1.891599 -26.482389 0.400328 9.508192e-01
-12.700000 1.888617 -25.874054 0.399591 9.508440e-01
-12.400000 1.885502 -25.265722 0.398816 9.508710e-01
-12.100000 1.882244 -24.657393 0.398001 9.509006e-01
-11.800000 1.878833 -24.049066 0.397143 9.509328e-01
-11.500000 1.875259 -23.440742 0.396237 9.509682e-01
-11.200000 1.871510 -22.832421 0.395281 9.510069e-01
-10.900000 1.867572 -22.224102 0.394268 9.510495e-01
-10.600000 1.863430 -21.615786 0.393196 9.510964e-01
-10.300000 1.859068 -21.007474 0.392058 9.511481e-01
-10.000000 1.854470 -20.399165 0.390847 9.512052e-01
-9.700000 1.849613 -19.790860 0.389558 9.512685e-01
-9.400000 1.844477 -19.182560 0.388182 9.513386e-01
-9.100000 1.839036 -18.574265 0.386711 9.514167e-01
-8.800000 1.833263 -17.965977 0.385134 9.515036e-01
-8.500000 1.827126 -17.357697 0.383440 9.516008e-01
-8.200000 1.820590 -16.749429 0.381617 9.517096e-01
-7.900000 1.813615 -16.141174 0.379650 9.518318e-01
-7.600000 1.806156 -15.532938 0.377520 9.519694e-01
-7.300000 1.798160 -14.924726 0.375210 9.521248e-01
-7.000000 1.789568 -14.316546 0.372696 9.523009e-01
-6.700000 1.780313 -13.708409 0.369951 9.525010e-01
-6.400000 1.770314 -13.100327 0.366944 9.527292e-01
-6.100000 1.759482 -12.492319 0.363639 9.529906e-01
-5.800000 1.747707 -11.884411 0.359992 9.532911e-01
-5.500000 1.734867 -11.276633 0.355952 9.536384e-01
-5.200000 1.720811 -10.669031 0.351455 9.540417e-01
-4.900000 1.705366 -10.061662 0.346424 9.545130e-01
-4.600000 1.688322 -9.454604 0.340765 9.550677e-01
-4.300000 1.669427 -8.847965 0.334359 9.557260e-01
-4.000000 1.648378 -8.241889 0.327052 9.565152e-01
-3.700000 1.624804 -7.636579 0.318647 9.574727e-01
-3.400000 1.598255 -7.032320 0.308875 9.586515e-01
-3.100000 1.568175 -6.429516 0.297374 9.601279e-01
-2.800000 1.533884 -5.828761 0.283633 9.620132e-01
-2.500000 1.494554 -5.230937 0.266935 9.644696e-01
-2.200000 1.449191 -4.637411 0.246287 9.677220e-01
-1.900000 1.396696 -4.050418 0.220414 9.720433e-01
-1.600000 1.336132 -3.473942 0.188023 9.776422e-01
-1.300000 1.267643 -2.915579 0.148778 9.843414e-01
-1.000000 1.194420 -2.388841 0.105280 9.911075e-01
-0.700000 1.123721 -1.910325 0.063821 9.962888e-01
-0.400000 1.062081 -1.486913 0.029649 9.991008e-01
-0.100000 1.009812 -1.110793 0.003859 9.999831e-01
0.200000 0.964025 -0.771220 0.021047 9.994499e-01
0.500000 0.923003 -0.461502 0.040842 9.977439e-01
0.800000 0.886608 -0.177322 0.057609 9.951479e-01
1.100000 13.549141 1.354914 0.605929 9.976957e-01
1.400000 0.828325 0.331330 0.081101 9.890504e-01
1.700000 0.805815 0.564070 0.088479 9.862681e-01
2.000000 0.786881 0.786881 0.093766 9.838665e-01
2.300000 0.770870 1.002132 0.097534 9.818481e-01
2.600000 0.757224 1.211558 0.100228 9.801683e-01
2.900000 0.745492 1.416435 0.102167 9.787705e-01
3.200000 0.735322 1.617708 0.103573 9.776011e-01
3.500000 0.726435 1.816087 0.104603 9.766148e-01
3.800000 0.718612 2.012113 0.105363 9.757750e-01
4.100000 0.711679 2.206204 0.105929 9.750530e-01
4.400000 0.705497 2.398689 0.106354 9.744262e-01
4.700000 0.699953 2.589825 0.106675 9.738772e-01
5.000000 0.694955 2.779820 0.106919 9.733921e-01
5.300000 0.690428 2.968841 0.107105 9.729601e-01
5.600000 0.686310 3.157024 0.107248 9.725727e-01
5.900000 0.682547 3.344481 0.107357 9.722231e-01
6.200000 0.679097 3.531304 0.107440 9.719057e-01
6.500000 0.675922 3.717571 0.107503 9.716162e-01
6.800000 0.672991 3.903345 0.107551 9.713509e-01
7.100000 0.670276 4.088683 0.107586 9.711068e-01
7.400000 0.667755 4.273629 0.107611 9.708815e-01
7.700000 0.665407 4.458224 0.107628 9.706727e-01
8.000000 0.663215 4.642502 0.107638 9.704788e-01
8.300000 0.661163 4.826492 0.107643 9.702983e-01
8.600000 0.659239 5.010220 0.107643 9.701298e-01
8.900000 0.657431 5.193707 0.107639 9.699722e-01
9.200000 0.655729 5.376974 0.107632 9.698246e-01
9.500000 0.654122 5.560037 0.107622 9.696860e-01
9.800000 0.652604 5.742912 0.107610 9.695558e-01
10.100000 0.651166 5.925611 0.107596 9.694332e-01
10.400000 0.649803 6.108148 0.107580 9.693176e-01
10.700000 0.648508 6.290532 0.107562 9.692085e-01
11.000000 0.647277 6.472773 0.107543 9.691055e-01
11.300000 0.646105 6.654881 0.107523 9.690080e-01
11.600000 0.644987 6.836862 0.107502 9.689157e-01
11.900000 0.643920 7.018724 0.107480 9.688282e-01
12.200000 0.642899 7.200474 0.107457 9.687452e-01
12.500000 0.641923 7.382117 0.107433 9.686664e-01
12.800000 0.640988 7.563659 0.107409 9.685915e-01
13.100000 0.640091 7.745105 0.107384 9.685203e-01
13.400000 0.639231 7.926460 0.107359 9.684525e-01
13.700000 0.638404 8.107728 0.107333 9.683879e-01
14.000000 0.637609 8.288914 0.107307 9.683264e-01
14.300000 0.636844 8.470020 0.107281 9.682677e-01
14.600000 0.636107 8.651051 0.107255 9.682117e-01
14.900000 0.635396 8.832009 0.107228 9.681582e-01
15.200000 0.634711 9.012899 0.107201 9.681071e-01
15.500000 0.634050 9.193722 0.107174 9.680583e-01
15.800000 0.633411 9.374482 0.107147 9.680115e-01
16.100000 0.632793 9.555181 0.107120 9.679668e-01
16.400000 0.632196 9.735823 0.107093 9.679239e-01
16.700000 0.631618 9.916408 0.107065 9.678829e-01
17.000000 0.631059 10.096940 0.107038 9.678435e-01
17.300000 0.630517 10.277420 0.107011 9.678058e-01
17.600000 0.629991 10.457851 0.106984 9.677696e-01
17.900000 0.629481 10.638235 0.106957 9.677348e-01
18.200000 0.628987 10.818573 0.106930 9.677015e-01
18.500000 0.628507 10.998868 0.106903 9.676694e-01
18.800000 0.628040 11.179120 0.106877 9.676386e-01
19.100000 0.627587 11.359332 0.106850 9.676090e-01
19.400000 0.627147 11.539506 0.106823 9.675805e-01
19.700000 0.626719 11.719642 0.106797 9.675531e-01
20.000000 0.626302 11.899742 0.106771 9.675267e-01
20.300000 0.625897 12.079808 0.106745 9.675013e-01
20.600000 0.625502 12.259841 0.106719 9.674769e-01
20.900000 0.625118 12.439842 0.106693 9.674534e-01
21.200000 0.624743 12.619812 0.106668 9.674307e-01
21.500000 0.624378 12.799753 0.106643 9.674088e-01
21.800000 0.624022 12.979665 0.106617 9.673877e-01
22.100000 0.623675 13.159551 0.106592 9.673674e-01
22.400000 0.623337 13.339410 0.106568 9.673478e-01
22.700000 0.623007 13.519244 0.106543 9.673289e-01
23.000000 0.622684 13.699053 0.106519 9.673107e-01
23.300000 0.622369 13.878840 0.106494 9.672930e-01
23.600000 0.622062 14.058604 0.106470 9.672760e-01
23.900000 0.621762 14.238346 0.106447 9.672596e-01
24.200000 0.621468 14.418068 0.106423 9.672438e-01
24.500000 0.621182 14.597769 0.106400 9.672284e-01
24.800000 0.620901 14.777452 0.106377 9.672136e-01
