1.817789 0.474866 9.269475e-01 0.552454 0.279733 7.715529e-01
1.683674 0.399338 9.389965e-01 0.705167 0.191841 9.212580e-01
1.502175 0.281926 9.609125e-01 0.858803 0.090027 9.874683e-01
1.325887 0.171133 9.811243e-01 0.956558 0.027301 9.990602e-01
1.187911 0.092725 9.930127e-01 0.992002 0.007591 9.999324e-01
1.079452 0.036181 9.987042e-01 0.987110 0.009913 9.998835e-01
0.987597 0.010569 9.998677e-01 0.955300 0.025569 9.991733e-01
0.909262 0.047557 9.968508e-01 0.904731 0.049565 9.965459e-01
0.845392 0.074884 9.910201e-01 0.844422 0.075274 9.909065e-01
0.795620 0.092675 9.845729e-01 0.782537 0.097330 9.824485e-01
0.757732 0.103199 9.790281e-01 0.724075 0.113679 9.723222e-01
0.728982 0.108995 9.748330e-01 0.671082 0.124857 9.615609e-01
0.706975 0.111996 9.718345e-01 0.623910 0.132415 9.505537e-01
0.689902 0.113441 9.697212e-01 0.582188 0.137936 9.391202e-01
0.676466 0.114053 9.682155e-01 0.545316 0.142637 9.267734e-01
0.665744 0.114231 9.671182e-01 0.512673 0.147307 9.129562e-01
0.657078 0.114190 9.662979e-01 0.483688 0.152351 8.972040e-01
0.649991 0.114041 9.656709e-01 0.457855 0.157897 8.792399e-01
0.644132 0.113840 9.651842e-01 0.434739 0.163891 8.590131e-01
0.639240 0.113614 9.648037e-01 0.413966 0.170186 8.366915e-01
0.635116 0.113374 9.645064e-01 0.395220 0.176602 8.126204e-01
0.631610 0.113127 9.642762e-01 0.378230 0.182961 7.872616e-01
0.628605 0.112874 9.641013e-01 0.362767 0.189111 7.611292e-01
0.626010 0.112617 9.639723e-01 0.348634 0.194933 7.347314e-01
0.623753 0.112358 9.638816e-01 0.335664 0.200338 7.085278e-01
