-25.000000 1.580811 -41.101094 0.402969 9.301957e-01
-24.700000 1.580082 -40.608103 0.402755 9.302046e-01
-24.400000 1.579335 -40.115116 0.402536 9.302140e-01
-24.100000 1.578571 -39.622133 0.402311 9.302238e-01
-23.800000 1.577788 -39.129154 0.402080 9.302341e-01
-23.500000 1.576987 -38.636180 0.401842 9.302448e-01
-23.200000 1.576166 -38.143209 0.401598 9.302560e-01
-22.900000 1.575324 -37.650243 0.401348 9.302677e-01
-22.600000 1.574461 -37.157282 0.401090 9.302800e-01
-22.300000 1.573576 -36.664326 0.400824 9.302929e-01
-22.000000 1.572668 -36.171375 0.400551 9.303065e-01
-21.700000 1.571737 -35.678429 0.400270 9.303207e-01
-21.400000 1.570781 -35.185489 0.399981 9.303356e-01
-21.100000 1.569799 -34.692555 0.399682 9.303512e-01
-20.800000 1.568790 -34.199627 0.399375 9.303677e-01
-20.500000 1.567754 -33.706706 0.399058 9.303850e-01
-20.200000 1.566688 -33.213792 0.398730 9.304032e-01
-19.900000 1.565593 -32.720885 0.398392 9.304224e-01
-19.600000 1.564465 -32.227986 0.398043 9.304427e-01
-19.300000 1.563305 -31.735095 0.397683 9.304640e-01
-19.000000 1.562111 -31.242214 0.397309 9.304865e-01
-18.700000 1.560880 -30.749341 0.396923 9.305103e-01
-18.400000 1.559612 -30.256478 0.396524 9.305355e-01
-18.100000 1.558305 -29.763626 0.396110 9.305621e-01
-17.800000 1.556957 -29.270785 0.395681 9.305903e-01
-17.500000 1.555565 -28.777957 0.395236 9.306202e-01
-17.200000 1.554129 -28.285141 0.394774 9.306519e-01
-16.900000 1.552645 -27.792340 0.394294 9.306855e-01
-16.600000 1.551111 -27.299554 0.393796 9.307213e-01
-16.300000 1.549525 -26.806784 0.393277 9.307593e-01
-16.000000 1.547884 -26.314031 0.392737 9.307998e-01
-15.700000 1.546186 -25.821298 0.392174 9.308430e-01
-15.400000 1.544426 -25.328585 0.391588 9.308890e-01
-15.100000 1.542602 -24.835895 0.390976 9.309382e-01
-14.800000 1.540711 -24.343228 0.390337 9.309908e-01
-14.500000 1.538748 -23.850589 0.389669 9.310472e-01
-14.200000 1.536709 -23.357977 0.388969 9.311076e-01
-13.900000 1.534590 -22.865397 0.388237 9.311724e-01
-13.600000 1.532387 -22.372852 0.387468 9.312420e-01
-13.300000 1.530094 -21.880343 0.386662 9.313170e-01
-13.000000 1.527705 -21.387875 0.385815 9.313978e-01
-12.700000 1.525215 -20.895452 0.384923 9.314850e-01
-12.400000 1.522618 -20.403078 0.383983 9.315793e-01
-12.100000 1.519905 -19.910757 0.382992 9.316813e-01
-11.800000 1.517070 -19.418496 0.381946 9.317920e-01
-11.500000 1.514104 -18.926300 0.380838 9.319122e-01
-11.200000 1.510998 -18.434176 0.379665 9.320430e-01
-10.900000 1.507742 -17.942131 0.378421 9.321856e-01
-10.600000 1.504325 -17.450175 0.377098 9.323413e-01
-10.300000 1.500736 -16.958316 0.375689 9.325118e-01
-10.000000 1.496961 -16.466566 0.374187 9.326988e-01
-9.700000 1.492985 -15.974937 0.372582 9.329044e-01
-9.400000 1.488793 -15.483444 0.370863 9.331310e-01
-9.100000 1.484367 -14.992102 0.369018 9.333814e-01
-8.800000 1.479687 -14.500931 0.367033 9.336589e-01
-8.500000 1.474732 -14.009951 0.364892 9.339673e-01
-8.200000 1.469477 -13.519190 0.362578 9.343111e-01
-7.900000 1.463896 -13.028675 0.360068 9.346956e-01
-7.600000 1.457958 -12.538441 0.357337 9.351273e-01
-7.300000 1.451630 -12.048528 0.354358 9.356138e-01
-7.000000 1.444873 -11.558984 0.351094 9.361644e-01
-6.700000 1.437645 -11.069864 0.347505 9.367901e-01
-6.400000 1.429896 -10.581233 0.343542 9.375045e-01
-6.100000 1.421573 -10.093169 0.339147 9.383242e-01
-5.800000 1.412612 -9.605761 0.334248 9.392695e-01
-5.500000 1.402941 -9.119115 0.328760 9.403653e-01
-5.200000 1.392476 -8.633352 0.322576 9.416421e-01
-4.900000 1.381121 -8.148613 0.315569 9.431377e-01
-4.600000 1.368760 -7.665057 0.307579 9.448979e-01
-4.300000 1.355258 -7.182866 0.298411 9.469788e-01
-4.000000 1.340449 -6.702243 0.287821 9.494476e-01
-3.700000 1.324132 -6.223418 0.275512 9.523837e-01
-3.400000 1.306058 -5.746657 0.261113 9.558777e-01
-3.100000 1.285924 -5.272286 0.244172 9.600266e-01
-2.800000 1.263356 -4.800755 0.224153 9.649206e-01
-2.500000 1.237934 -4.332768 0.200456 9.706091e-01
-2.200000 1.209256 -3.869620 0.172550 9.770266e-01
-1.900000 1.177208 -3.413902 0.140364 9.838468e-01
-1.600000 1.142583 -2.970715 0.105231 9.902994e-01
-1.300000 1.107886 -2.548138 0.071063 9.952711e-01
-1.000000 1.076613 -2.153226 0.043233 9.981412e-01
-0.700000 1.050190 -1.785324 0.023973 9.993986e-01
-0.400000 1.026999 -1.437798 0.011041 9.998666e-01
-0.100000 1.004536 -1.104990 0.001890 9.999959e-01
0.200000 0.980757 -0.784605 0.009005 9.999027e-01
0.500000 0.954149 -0.477074 0.019669 9.995095e-01
0.800000 0.923737 -0.184747 0.032452 9.985767e-01
1.100000 14.365794 1.436579 1.041110 9.939712e-01
1.400000 0.852445 0.340978 0.064386 9.934547e-01
1.700000 0.815163 0.570614 0.081364 9.886254e-01
2.000000 0.780112 0.780112 0.096934 9.824819e-01
2.300000 0.748938 0.973620 0.110157 9.756253e-01
2.600000 0.722160 1.155455 0.120859 9.686678e-01
2.900000 0.699525 1.329098 0.129325 9.620274e-01
3.200000 0.680460 1.497011 0.135987 9.559111e-01
3.500000 0.664338 1.660844 0.141254 9.503810e-01
3.800000 0.650602 1.821685 0.145462 9.454216e-01
4.100000 0.638795 1.980264 0.148864 9.409845e-01
4.400000 0.628554 2.137083 0.151648 9.370116e-01
4.700000 0.619596 2.292503 0.153953 9.334463e-01
5.000000 0.611698 2.446791 0.155879 9.302376e-01
5.300000 0.604686 2.600148 0.157504 9.273409e-01
5.600000 0.598421 2.752736 0.158886 9.247182e-01
5.900000 0.592792 2.904680 0.160068 9.223367e-01
6.200000 0.587708 3.056084 0.161084 9.201684e-01
6.500000 0.583097 3.207033 0.161963 9.181895e-01
6.800000 0.578896 3.357596 0.162726 9.163790e-01
7.100000 0.575054 3.507832 0.163391 9.147191e-01
7.400000 0.571530 3.657790 0.163972 9.131941e-01
7.700000 0.568285 3.807510 0.164481 9.117902e-01
8.000000 0.565290 3.957028 0.164927 9.104955e-01
8.300000 0.562517 4.106372 0.165320 9.092993e-01
8.600000 0.559943 4.255568 0.165666 9.081922e-01
8.900000 0.557549 4.404637 0.165971 9.071660e-01
9.200000 0.555317 4.553597 0.166240 9.062132e-01
9.500000 0.553231 4.702462 0.166477 9.053271e-01
9.800000 0.551278 4.851248 0.166687 9.045020e-01
10.100000 0.549447 4.999963 0.166872 9.037326e-01
10.400000 0.547725 5.148619 0.167035 9.030140e-01
10.700000 0.546106 5.297224 0.167179 9.023421e-01
11.000000 0.544578 5.445784 0.167306 9.017130e-01
11.300000 0.543136 5.594306 0.167418 9.011233e-01
11.600000 0.541773 5.742795 0.167516 9.005697e-01
11.900000 0.540482 5.891255 0.167602 9.000495e-01
12.200000 0.539258 6.039691 0.167677 8.995601e-01
12.500000 0.538096 6.188106 0.167742 8.990992e-01
12.800000 0.536992 6.336503 0.167798 8.986646e-01
13.100000 0.535941 6.484884 0.167847 8.982544e-01
13.400000 0.534940 6.633252 0.167888 8.978668e-01
13.700000 0.533985 6.781608 0.167923 8.975002e-01
14.000000 0.533073 6.929954 0.167953 8.971532e-01
14.300000 0.532202 7.078292 0.167977 8.968244e-01
14.600000 0.531369 7.226622 0.167996 8.965126e-01
14.900000 0.530572 7.374946 0.168012 8.962165e-01
15.200000 0.529807 7.523265 0.168023 8.959352e-01
15.500000 0.529074 7.671579 0.168031 8.956677e-01
15.800000 0.528371 7.819889 0.168036 8.954131e-01
16.100000 0.527695 7.968196 0.168039 8.951707e-01
16.400000 0.527045 8.116500 0.168038 8.949395e-01
16.700000 0.526421 8.264802 0.168036 8.947190e-01
17.000000 0.525819 8.413102 0.168031 8.945085e-01
17.300000 0.525239 8.561400 0.168025 8.943074e-01
17.600000 0.524681 8.709697 0.168017 8.941152e-01
17.900000 0.524142 8.857993 0.168007 8.939312e-01
18.200000 0.523621 9.006289 0.167996 8.937551e-01
18.500000 0.523119 9.154583 0.167984 8.935865e-01
18.800000 0.522634 9.302877 0.167971 8.934248e-01
19.100000 0.522164 9.451171 0.167957 8.932697e-01
19.400000 0.521710 9.599464 0.167942 8.931208e-01
19.700000 0.521270 9.747757 0.167926 8.929778e-01
20.000000 0.520845 9.896051 0.167909 8.928405e-01
20.300000 0.520432 10.044344 0.167892 8.927084e-01
20.600000 0.520033 10.192637 0.167874 8.925814e-01
20.900000 0.519645 10.340931 0.167856 8.924591e-01
21.200000 0.519269 10.489224 0.167837 8.923414e-01
21.500000 0.518903 10.637518 0.167818 8.922279e-01
21.800000 0.518549 10.785812 0.167799 8.921186e-01
22.100000 0.518204 10.934107 0.167779 8.920131e-01
22.400000 0.517869 11.082401 0.167759 8.919114e-01
22.700000 0.517544 11.230696 0.167739 8.918132e-01
23.000000 0.517227 11.378992 0.167719 8.917183e-01
23.300000 0.516919 11.527288 0.167699 8.916267e-01
23.600000 0.516619 11.675584 0.167678 8.915381e-01
23.900000 0.516327 11.823880 0.167658 8.914524e-01
24.200000 0.516042 11.972177 0.167637 8.913695e-01
24.500000 0.515765 12.120474 0.167616 8.912893e-01
24.800000 0.515495 12.268772 0.167596 8.912117e-01
