2.000923 0.705789 8.743662e-01 0.576198 0.302450 7.586150e-01
1.921861 0.663198 8.791052e-01 0.665718 0.254230 8.558550e-01
1.765895 0.550169 8.992037e-01 0.795909 0.158518 9.561971e-01
1.526888 0.363903 9.384413e-01 0.926030 0.055330 9.958941e-01
1.287260 0.189203 9.756585e-01 0.987063 0.015475 9.997162e-01
1.103837 0.063188 9.962300e-01 0.979341 0.020062 9.995156e-01
0.971776 0.026596 9.991357e-01 0.934252 0.048984 9.968353e-01
0.880164 0.082180 9.900327e-01 0.875592 0.084663 9.893182e-01
0.818369 0.114068 9.780558e-01 0.817488 0.114481 9.778534e-01
0.775564 0.131219 9.679996e-01 0.764341 0.135709 9.648735e-01
0.743884 0.140649 9.603521e-01 0.715446 0.150462 9.514049e-01
0.718822 0.146229 9.543883e-01 0.669210 0.161389 9.370617e-01
0.698070 0.149793 9.495094e-01 0.624684 0.170238 9.210081e-01
0.680471 0.152157 9.454103e-01 0.581635 0.177874 9.025216e-01
0.665399 0.153687 9.419674e-01 0.540245 0.184607 8.811764e-01
0.652461 0.154568 9.391329e-01 0.500835 0.190483 8.568615e-01
0.641363 0.154917 9.368753e-01 0.463697 0.195462 8.297368e-01
0.631856 0.154828 9.351555e-01 0.429033 0.199512 8.001689e-01
0.623722 0.154383 9.339223e-01 0.396937 0.202635 7.686616e-01
0.616768 0.153658 9.331152e-01 0.367410 0.204872 7.357933e-01
0.610824 0.152719 9.326700e-01 0.340388 0.206292 7.021622e-01
