-25.000000 2.062625 -53.628244 0.638482 9.003676e-01
-24.700000 2.061733 -52.986538 0.638210 9.003664e-01
-24.400000 2.060820 -52.344833 0.637931 9.003652e-01
-24.100000 2.059886 -51.703128 0.637646 9.003642e-01
-23.800000 2.058928 -51.061424 0.637353 9.003632e-01
-23.500000 2.057948 -50.419721 0.637052 9.003623e-01
-23.200000 2.056943 -49.778020 0.636744 9.003616e-01
-22.900000 2.055913 -49.136319 0.636427 9.003610e-01
-22.600000 2.054857 -48.494621 0.636102 9.003605e-01
-22.300000 2.053774 -47.852924 0.635768 9.003603e-01
-22.000000 2.052662 -47.211230 0.635424 9.003602e-01
-21.700000 2.051521 -46.569538 0.635071 9.003603e-01
-21.400000 2.050350 -45.927849 0.634707 9.003606e-01
-21.100000 2.049148 -45.286163 0.634332 9.003612e-01
-20.800000 2.047912 -44.644481 0.633947 9.003620e-01
-20.500000 2.046642 -44.002803 0.633550 9.003632e-01
-20.200000 2.045336 -43.361130 0.633140 9.003648e-01
-19.900000 2.043993 -42.719461 0.632717 9.003667e-01
-19.600000 2.042612 -42.077799 0.632281 9.003690e-01
-19.300000 2.041189 -41.436143 0.631831 9.003719e-01
-19.000000 2.039725 -40.794493 0.631366 9.003752e-01
-18.700000 2.038216 -40.152852 0.630885 9.003792e-01
-18.400000 2.036661 -39.511220 0.630388 9.003838e-01
-18.100000 2.035057 -38.869596 0.629873 9.003891e-01
-17.800000 2.033403 -38.227984 0.629339 9.003952e-01
-17.500000 2.031696 -37.586383 0.628787 9.004022e-01
-17.200000 2.029934 -36.944795 0.628213 9.004101e-01
-16.900000 2.028113 -36.303222 0.627618 9.004191e-01
-16.600000 2.026231 -35.661663 0.627000 9.004294e-01
-16.300000 2.024285 -35.020122 0.626357 9.004409e-01
-16.000000 2.022271 -34.378600 0.625689 9.004539e-01
-15.700000 2.020186 -33.737099 0.624993 9.004686e-01
-15.400000 2.018026 -33.095620 0.624267 9.004850e-01
-15.100000 2.015787 -32.454167 0.623510 9.005034e-01
-14.800000 2.013465 -31.812741 0.622720 9.005241e-01
-14.500000 2.011054 -31.171345 0.621895 9.005472e-01
-14.200000 2.008551 -30.529981 0.621031 9.005730e-01
-13.900000 2.005950 -29.888654 0.620127 9.006019e-01
-13.600000 2.003244 -29.247367 0.619179 9.006341e-01
-13.300000 2.000428 -28.606123 0.618184 9.006701e-01
-13.000000 1.997495 -27.964926 0.617139 9.007103e-01
-12.700000 1.994437 -27.323781 0.616040 9.007551e-01
-12.400000 1.991246 -26.682693 0.614882 9.008050e-01
-12.100000 1.987914 -26.041667 0.613662 9.008608e-01
-11.800000 1.984430 -25.400709 0.612374 9.009229e-01
-11.500000 1.980786 -24.759825 0.611012 9.009922e-01
-11.200000 1.976969 -24.119021 0.609570 9.010696e-01
-10.900000 1.972967 -23.478305 0.608041 9.011559e-01
-10.600000 1.968766 -22.837686 0.606418 9.012523e-01
-10.300000 1.964351 -22.197171 0.604693 9.013599e-01
-10.000000 1.959706 -21.556769 0.602855 9.014801e-01
-9.700000 1.954812 -20.916492 0.600894 9.016145e-01
-9.400000 1.949649 -20.276350 0.598799 9.017648e-01
-9.100000 1.944194 -19.636355 0.596556 9.019331e-01
-8.800000 1.938420 -18.996520 0.594150 9.021217e-01
-8.500000 1.932301 -18.356858 0.591565 9.023332e-01
-8.200000 1.925803 -17.717385 0.588781 9.025707e-01
-7.900000 1.918890 -17.078118 0.585776 9.028378e-01
-7.600000 1.911520 -16.439074 0.582526 9.031385e-01
-7.300000 1.903647 -15.800273 0.579001 9.034777e-01
-7.000000 1.895217 -15.161737 0.575169 9.038611e-01
-6.700000 1.886167 -14.523489 0.570991 9.042952e-01
-6.400000 1.876427 -13.885558 0.566424 9.047882e-01
-6.100000 1.865912 -13.247973 0.561413 9.053495e-01
-5.800000 1.854525 -12.610768 0.555896 9.059907e-01
-5.500000 1.842151 -11.973981 0.549801 9.067258e-01
-5.200000 1.828655 -11.337660 0.543038 9.075723e-01
-4.900000 1.813874 -10.701856 0.535499 9.085514e-01
-4.600000 1.797613 -10.066632 0.527053 9.096903e-01
-4.300000 1.779635 -9.432066 0.517539 9.110231e-01
-4.000000 1.759650 -8.798250 0.506753 9.125937e-01
-3.700000 1.737299 -8.165305 0.494443 9.144594e-01
-3.400000 1.712132 -7.533382 0.480283 9.166955e-01
-3.100000 1.683581 -6.902684 0.463850 9.194032e-01
-2.800000 1.650919 -6.273490 0.444592 9.227200e-01
-2.500000 1.613201 -5.646203 0.421767 9.268363e-01
-2.200000 1.569198 -5.021434 0.394368 9.320175e-01
-1.900000 1.517307 -4.400190 0.361021 9.386324e-01
-1.600000 1.455496 -3.784290 0.319882 9.471668e-01
-1.300000 1.381477 -3.177398 0.268727 9.581318e-01
-1.000000 1.293789 -2.587579 0.205977 9.715615e-01
-0.700000 1.195315 -2.032036 0.134290 9.856331e-01
-0.400000 1.097704 -1.536785 0.064622 9.960137e-01
-0.100000 1.014354 -1.115789 0.011590 9.998493e-01
0.200000 0.948217 -0.758574 0.039428 9.980072e-01
0.500000 0.896729 -0.448364 0.071747 9.926614e-01
0.800000 0.857302 -0.171460 0.094618 9.861281e-01
1.100000 12.892890 1.289289 0.932491 9.939952e-01
1.400000 0.803621 0.321448 0.120101 9.748548e-01
1.700000 0.784510 0.549157 0.127004 9.706225e-01
2.000000 0.768433 0.768433 0.131889 9.670997e-01
2.300000 0.754521 0.980877 0.135491 9.640974e-01
2.600000 0.742243 1.187589 0.138238 9.614850e-01
2.900000 0.731269 1.389412 0.140378 9.591804e-01
3.200000 0.721382 1.587041 0.142062 9.571330e-01
3.500000 0.712429 1.781072 0.143388 9.553097e-01
3.800000 0.704292 1.972018 0.144423 9.536875e-01
4.100000 0.696878 2.160323 0.145217 9.522478e-01
4.400000 0.690108 2.346369 0.145808 9.509745e-01
4.700000 0.683915 2.530484 0.146230 9.498527e-01
5.000000 0.678237 2.712949 0.146508 9.488685e-01
5.300000 0.673024 2.894002 0.146666 9.480085e-01
5.600000 0.668227 3.073846 0.146723 9.472600e-01
5.900000 0.663807 3.252654 0.146696 9.466114e-01
6.200000 0.659725 3.430572 0.146600 9.460516e-01
6.500000 0.655950 3.607725 0.146446 9.455707e-01
6.800000 0.652451 3.784219 0.146246 9.451594e-01
7.100000 0.649204 3.960143 0.146009 9.448093e-01
7.400000 0.646184 4.135576 0.145742 9.445131e-01
7.700000 0.643370 4.310582 0.145452 9.442639e-01
8.000000 0.640745 4.485216 0.145145 9.440557e-01
8.300000 0.638291 4.659527 0.144825 9.438833e-01
8.600000 0.635994 4.833555 0.144497 9.437417e-01
8.900000 0.633840 5.007334 0.144163 9.436270e-01
9.200000 0.631817 5.180896 0.143826 9.435353e-01
9.500000 0.629913 5.354265 0.143490 9.434636e-01
9.800000 0.628121 5.527463 0.143155 9.434088e-01
10.100000 0.626430 5.700509 0.142823 9.433686e-01
10.400000 0.624832 5.873421 0.142496 9.433408e-01
10.700000 0.623321 6.046211 0.142174 9.433236e-01
11.000000 0.621889 6.218892 0.141859 9.433152e-01
11.300000 0.620532 6.391476 0.141550 9.433144e-01
11.600000 0.619242 6.563970 0.141249 9.433198e-01
11.900000 0.618017 6.736383 0.140955 9.433304e-01
12.200000 0.616850 6.908723 0.140670 9.433453e-01
12.500000 0.615739 7.080995 0.140392 9.433636e-01
12.800000 0.614678 7.253205 0.140122 9.433848e-01
13.100000 0.613666 7.425357 0.139861 9.434083e-01
13.400000 0.612698 7.597456 0.139607 9.434335e-01
13.700000 0.611772 7.769505 0.139362 9.434600e-01
14.000000 0.610885 7.941508 0.139124 9.434874e-01
14.300000 0.610035 8.113468 0.138894 9.435155e-01
14.600000 0.609220 8.285387 0.138671 9.435440e-01
14.900000 0.608436 8.457267 0.138455 9.435727e-01
15.200000 0.607684 8.629111 0.138247 9.436013e-01
15.500000 0.606960 8.800921 0.138045 9.436298e-01
15.800000 0.606263 8.972697 0.137850 9.436579e-01
16.100000 0.605592 9.144443 0.137662 9.436856e-01
16.400000 0.604945 9.316158 0.137480 9.437128e-01
16.700000 0.604321 9.487845 0.137303 9.437395e-01
17.000000 0.603719 9.659505 0.137133 9.437655e-01
17.300000 0.603137 9.831138 0.136968 9.437908e-01
17.600000 0.602575 10.002746 0.136809 9.438154e-01
17.900000 0.602031 10.174330 0.136654 9.438393e-01
18.200000 0.601505 10.345890 0.136505 9.438625e-01
18.500000 0.600996 10.517427 0.136361 9.438849e-01
18.800000 0.600502 10.688942 0.136221 9.439065e-01
19.100000 0.600024 10.860436 0.136086 9.439273e-01
19.400000 0.599560 11.031910 0.135955 9.439474e-01
19.700000 0.599110 11.203363 0.135828 9.439668e-01
20.000000 0.598674 11.374797 0.135705 9.439854e-01
20.300000 0.598249 11.546211 0.135586 9.440032e-01
20.600000 0.597837 11.717608 0.135471 9.440203e-01
20.900000 0.597437 11.888987 0.135359 9.440368e-01
21.200000 0.597047 12.060348 0.135250 9.440525e-01
21.500000 0.596668 12.231693 0.135145 9.440676e-01
21.800000 0.596299 12.403021 0.135043 9.440820e-01
22.100000 0.595940 12.574333 0.134944 9.440958e-01
22.400000 0.595590 12.745630 0.134848 9.441090e-01
22.700000 0.595249 12.916911 0.134755 9.441215e-01
23.000000 0.594917 13.088178 0.134664 9.441335e-01
23.300000 0.594593 13.259430 0.134577 9.441450e-01
23.600000 0.594277 13.430669 0.134491 9.441559e-01
23.900000 0.593969 13.601893 0.134408 9.441663e-01
24.200000 0.593668 13.773105 0.134328 9.441761e-01
24.500000 0.593375 13.944303 0.134249 9.441855e-01
24.800000 0.593088 14.115489 0.134173 9.441945e-01
