1.275047 0.358488 9.163472e-01 0.819045 0.248960 9.035861e-01
1.124600 0.148260 9.803236e-01 0.948240 0.068125 9.940745e-01
1.048227 0.046558 9.977269e-01 0.992059 0.009229 9.999001e-01
1.020179 0.015021 9.997497e-01 0.999736 0.000248 9.999999e-01
1.007560 0.004634 9.999756e-01 0.999289 0.000540 9.999997e-01
0.999272 0.000814 9.999992e-01 0.996444 0.002350 9.999936e-01
0.992450 0.004636 9.999748e-01 0.992033 0.004864 9.999722e-01
0.986345 0.007942 9.999251e-01 0.986246 0.007995 9.999241e-01
0.980711 0.010887 9.998577e-01 0.979214 0.011669 9.998360e-01
0.975431 0.013573 9.997765e-01 0.971038 0.015829 9.996932e-01
0.970427 0.016069 9.996834e-01 0.961787 0.020449 9.994782e-01
0.965635 0.018432 9.995794e-01 0.951489 0.025534 9.991690e-01
0.961002 0.020708 9.994641e-01 0.940142 0.031117 9.987365e-01
0.956482 0.022937 9.993363e-01 0.927714 0.037257 9.981409e-01
0.952035 0.025156 9.991944e-01 0.914152 0.044035 9.973275e-01
0.947626 0.027394 9.990359e-01 0.899383 0.051546 9.962209e-01
0.943227 0.029677 9.988581e-01 0.883325 0.059902 9.947172e-01
0.938815 0.032028 9.986577e-01 0.865896 0.069216 9.926749e-01
0.934373 0.034461 9.984316e-01 0.847020 0.079602 9.899034e-01
0.929894 0.036987 9.981763e-01 0.826637 0.091156 9.861513e-01
0.925375 0.039607 9.978889e-01 0.804721 0.103950 9.810942e-01
0.920824 0.042315 9.975672e-01 0.781281 0.118014 9.743265e-01
0.916255 0.045098 9.972101e-01 0.756378 0.133326 9.653607e-01
0.911688 0.047934 9.968178e-01 0.730122 0.149803 9.536384e-01
0.907153 0.050794 9.963925e-01 0.702682 0.167297 9.385610e-01
0.902679 0.053644 9.959381e-01 0.674275 0.185599 9.195409e-01
0.898300 0.056448 9.954606e-01 0.645159 0.204453 8.960749e-01
0.894050 0.059170 9.949672e-01 0.615624 0.223564 8.678310e-01
0.889959 0.061774 9.944667e-01 0.585971 0.242623 8.347337e-01
0.886054 0.064231 9.939679e-01 0.556495 0.261327 7.970254e-01
0.882357 0.066518 9.934797e-01 0.527479 0.279395 7.552845e-01
0.878883 0.068617 9.930100e-01 0.499169 0.296583 7.103876e-01
