-25.000000 2.745072 -71.371877 0.831466 9.041991e-01
-24.700000 2.743847 -70.516869 0.831040 9.042106e-01
-24.400000 2.742593 -69.661860 0.830604 9.042222e-01
-24.100000 2.741309 -68.806851 0.830158 9.042342e-01
-23.800000 2.739994 -67.951842 0.829701 9.042463e-01
-23.500000 2.738646 -67.096834 0.829233 9.042588e-01
-23.200000 2.737265 -66.241825 0.828754 9.042715e-01
-22.900000 2.735850 -65.386817 0.828264 9.042845e-01
-22.600000 2.734399 -64.531809 0.827761 9.042978e-01
-22.300000 2.732910 -63.676802 0.827245 9.043113e-01
-22.000000 2.731382 -62.821795 0.826717 9.043252e-01
-21.700000 2.729814 -61.966789 0.826174 9.043394e-01
-21.400000 2.728205 -61.111784 0.825618 9.043539e-01
-21.100000 2.726551 -60.256780 0.825047 9.043687e-01
-20.800000 2.724852 -59.401777 0.824460 9.043839e-01
-20.500000 2.723106 -58.546776 0.823858 9.043995e-01
-20.200000 2.721310 -57.691776 0.823239 9.044154e-01
-19.900000 2.719463 -56.836779 0.822602 9.044317e-01
-19.600000 2.717562 -55.981783 0.821948 9.044484e-01
-19.300000 2.715605 -55.126791 0.821275 9.044655e-01
-19.000000 2.713590 -54.271801 0.820582 9.044830e-01
-18.700000 2.711513 -53.416815 0.819869 9.045010e-01
-18.400000 2.709373 -52.561833 0.819135 9.045194e-01
-18.100000 2.707165 -51.706856 0.818378 9.045382e-01
-17.800000 2.704887 -50.851883 0.817597 9.045576e-01
-17.500000 2.702536 -49.996916 0.816793 9.045775e-01
-17.200000 2.700107 -49.141956 0.815962 9.045978e-01
-16.900000 2.697598 -48.287003 0.815105 9.046188e-01
-16.600000 2.695003 -47.432057 0.814220 9.046402e-01
-16.300000 2.692319 -46.577121 0.813305 9.046623e-01
-16.000000 2.689541 -45.722195 0.812359 9.046849e-01
-15.700000 2.686664 -44.867281 0.811381 9.047082e-01
-15.400000 2.683682 -44.012379 0.810368 9.047321e-01
-15.100000 2.680590 -43.157491 0.809319 9.047567e-01
-14.800000 2.677381 -42.302620 0.808231 9.047819e-01
-14.500000 2.674049 -41.447765 0.807104 9.048079e-01
-14.200000 2.670588 -40.592931 0.805934 9.048346e-01
-13.900000 2.666988 -39.738118 0.804719 9.048621e-01
-13.600000 2.663242 -38.883329 0.803457 9.048904e-01
-13.300000 2.659340 -38.028568 0.802144 9.049195e-01
-13.000000 2.655274 -37.173836 0.800778 9.049495e-01
-12.700000 2.651032 -36.319138 0.799355 9.049803e-01
-12.400000 2.646603 -35.464476 0.797872 9.050121e-01
-12.100000 2.641974 -34.609855 0.796325 9.050449e-01
-11.800000 2.637131 -33.755280 0.794709 9.050786e-01
-11.500000 2.632060 -32.900755 0.793021 9.051134e-01
-11.200000 2.626745 -32.046285 0.791254 9.051493e-01
-10.900000 2.621166 -31.191877 0.789403 9.051863e-01
-10.600000 2.615305 -30.337537 0.787463 9.052245e-01
-10.300000 2.609139 -29.483272 0.785425 9.052640e-01
-10.000000 2.602645 -28.629091 0.783284 9.053048e-01
-9.700000 2.595795 -27.775001 0.781030 9.053470e-01
-9.400000 2.588559 -26.921014 0.778654 9.053907e-01
-9.100000 2.580905 -26.067138 0.776146 9.054361e-01
-8.800000 2.572795 -25.213387 0.773494 9.054832e-01
-8.500000 2.564187 -24.359773 0.770685 9.055324e-01
-8.200000 2.555034 -23.506311 0.767703 9.055838e-01
-7.900000 2.545283 -22.653016 0.764532 9.056378e-01
-7.600000 2.534873 -21.799907 0.761151 9.056947e-01
-7.300000 2.523735 -20.947002 0.757539 9.057552e-01
-7.000000 2.511791 -20.094324 0.753668 9.058198e-01
-6.700000 2.498948 -19.241899 0.749508 9.058896e-01
-6.400000 2.485102 -18.389754 0.745022 9.059657e-01
-6.100000 2.470130 -17.537921 0.740169 9.060496e-01
-5.800000 2.453888 -16.686437 0.734896 9.061436e-01
-5.500000 2.436207 -15.835346 0.729143 9.062504e-01
-5.200000 2.416887 -14.984697 0.722835 9.063738e-01
-4.900000 2.395687 -14.134552 0.715882 9.065188e-01
-4.600000 2.372318 -13.284981 0.708173 9.066923e-01
-4.300000 2.346429 -12.436076 0.699570 9.069036e-01
-4.000000 2.317589 -11.587947 0.689899 9.071656e-01
-3.700000 2.285263 -10.740738 0.678939 9.074964e-01
-3.400000 2.248781 -9.894638 0.666408 9.079214e-01
-3.100000 2.207294 -9.049904 0.651934 9.084778e-01
-2.800000 2.159710 -8.206897 0.635025 9.092210e-01
-2.500000 2.104613 -7.366147 0.615010 9.102367e-01
-2.200000 2.040141 -6.528452 0.590948 9.116640e-01
-1.900000 1.963809 -5.695046 0.561476 9.137397e-01
-1.600000 1.872245 -4.867836 0.524532 9.168886e-01
-1.300000 1.760738 -4.049698 0.476862 9.219076e-01
-1.000000 1.622393 -3.244787 0.413135 9.303320e-01
-0.700000 1.446964 -2.459840 0.324649 9.450592e-01
-0.400000 1.225624 -1.715874 0.200857 9.699173e-01
-0.100000 0.999352 -1.099288 0.062589 9.954905e-01
0.200000 0.877680 -0.702144 0.022629 9.992329e-01
0.500000 0.835512 -0.417756 0.030860 9.984270e-01
0.800000 0.815327 -0.163065 0.032214 9.982005e-01
1.100000 12.326660 1.232666 1.526077 9.826073e-01
1.400000 0.791431 0.316572 0.032466 9.980604e-01
1.700000 0.783259 0.548281 0.032563 9.980079e-01
2.000000 0.776674 0.776674 0.032788 9.979461e-01
2.300000 0.771279 1.002662 0.033174 9.978681e-01
2.600000 0.766786 1.226857 0.033728 9.977706e-01
2.900000 0.762983 1.449667 0.034438 9.976527e-01
3.200000 0.759711 1.671364 0.035282 9.975154e-01
3.500000 0.756854 1.892134 0.036231 9.973606e-01
3.800000 0.754323 2.112103 0.037255 9.971910e-01
4.100000 0.752052 2.331362 0.038328 9.970094e-01
4.400000 0.749993 2.549976 0.039427 9.968186e-01
4.700000 0.748107 2.767995 0.040532 9.966215e-01
5.000000 0.746365 2.985458 0.041627 9.964205e-01
5.300000 0.744743 3.202397 0.042701 9.962179e-01
5.600000 0.743226 3.418838 0.043743 9.960156e-01
5.900000 0.741797 3.634807 0.044747 9.958153e-01
6.200000 0.740447 3.850323 0.045709 9.956183e-01
6.500000 0.739165 4.065407 0.046626 9.954259e-01
6.800000 0.737944 4.280076 0.047496 9.952388e-01
7.100000 0.736778 4.494348 0.048319 9.950577e-01
7.400000 0.735662 4.708239 0.049094 9.948832e-01
7.700000 0.734591 4.921762 0.049824 9.947154e-01
8.000000 0.733562 5.134933 0.050509 9.945547e-01
8.300000 0.732571 5.347766 0.051152 9.944011e-01
8.600000 0.731615 5.560273 0.051753 9.942545e-01
8.900000 0.730692 5.772468 0.052315 9.941149e-01
9.200000 0.729800 5.984361 0.052841 9.939822e-01
9.500000 0.728937 6.195966 0.053332 9.938562e-01
9.800000 0.728101 6.407293 0.053790 9.937366e-01
10.100000 0.727292 6.618353 0.054217 9.936232e-01
10.400000 0.726506 6.829157 0.054616 9.935158e-01
10.700000 0.725744 7.039714 0.054987 9.934142e-01
11.000000 0.725004 7.250036 0.055333 9.933180e-01
11.300000 0.724284 7.460130 0.055656 9.932270e-01
11.600000 0.723585 7.670006 0.055957 9.931410e-01
11.900000 0.722906 7.879673 0.056237 9.930596e-01
12.200000 0.722245 8.089140 0.056498 9.929827e-01
12.500000 0.721601 8.298415 0.056742 9.929100e-01
12.800000 0.720975 8.507506 0.056969 9.928413e-01
13.100000 0.720365 8.716420 0.057180 9.927763e-01
13.400000 0.719771 8.925165 0.057377 9.927149e-01
13.700000 0.719193 9.133749 0.057561 9.926568e-01
14.000000 0.718629 9.342177 0.057732 9.926018e-01
14.300000 0.718080 9.550457 0.057892 9.925498e-01
14.600000 0.717544 9.758596 0.058041 9.925006e-01
14.900000 0.717021 9.966598 0.058180 9.924540e-01
15.200000 0.716512 10.174471 0.058309 9.924099e-01
15.500000 0.716015 10.382220 0.058430 9.923681e-01
15.800000 0.715530 10.589850 0.058543 9.923286e-01
16.100000 0.715057 10.797367 0.058649 9.922910e-01
16.400000 0.714596 11.004775 0.058747 9.922554e-01
16.700000 0.714145 11.212080 0.058839 9.922217e-01
17.000000 0.713705 11.419286 0.058925 9.921896e-01
17.300000 0.713276 11.626397 0.059005 9.921591e-01
17.600000 0.712857 11.833418 0.059079 9.921302e-01
17.900000 0.712447 12.040353 0.059149 9.921027e-01
18.200000 0.712047 12.247205 0.059215 9.920766e-01
18.500000 0.711656 12.453978 0.059276 9.920517e-01
18.800000 0.711274 12.660676 0.059333 9.920280e-01
19.100000 0.710901 12.867302 0.059386 9.920054e-01
19.400000 0.710536 13.073859 0.059436 9.919839e-01
19.700000 0.710179 13.280350 0.059483 9.919634e-01
20.000000 0.709830 13.486779 0.059527 9.919439e-01
20.300000 0.709489 13.693147 0.059568 9.919252e-01
20.600000 0.709156 13.899457 0.059606 9.919074e-01
20.900000 0.708830 14.105713 0.059642 9.918903e-01
21.200000 0.708511 14.311916 0.059675 9.918740e-01
21.500000 0.708198 14.518068 0.059706 9.918585e-01
21.800000 0.707893 14.724172 0.059736 9.918436e-01
22.100000 0.707594 14.930229 0.059763 9.918293e-01
22.400000 0.707301 15.136243 0.059789 9.918156e-01
22.700000 0.707014 15.342213 0.059813 9.918025e-01
23.000000 0.706734 15.548143 0.059835 9.917900e-01
23.300000 0.706459 15.754033 0.059856 9.917779e-01
23.600000 0.706190 15.959886 0.059876 9.917664e-01
23.900000 0.705926 16.165703 0.059894 9.917552e-01
24.200000 0.705667 16.371485 0.059911 9.917446e-01
24.500000 0.705414 16.577234 0.059927 9.917343e-01
24.800000 0.705166 16.782950 0.059942 9.917245e-01
