-25.000000 1.656310 -43.064057 0.257094 9.729289e-01
-24.700000 1.655566 -42.548035 0.256996 9.729252e-01
-24.400000 1.654804 -42.032014 0.256897 9.729214e-01
-24.100000 1.654024 -41.515994 0.256794 9.729175e-01
-23.800000 1.653225 -40.999974 0.256690 9.729136e-01
-23.500000 1.652406 -40.483956 0.256582 9.729095e-01
-23.200000 1.651568 -39.967939 0.256472 9.729053e-01
-22.900000 1.650708 -39.451923 0.256360 9.729011e-01
-22.600000 1.649827 -38.935908 0.256244 9.728968e-01
-22.300000 1.648923 -38.419895 0.256125 9.728923e-01
-22.000000 1.647995 -37.903884 0.256003 9.728878e-01
-21.700000 1.647043 -37.387875 0.255877 9.728832e-01
-21.400000 1.646066 -36.871867 0.255748 9.728785e-01
-21.100000 1.645062 -36.355862 0.255616 9.728736e-01
-20.800000 1.644030 -35.839860 0.255479 9.728687e-01
-20.500000 1.642970 -35.323860 0.255339 9.728636e-01
-20.200000 1.641880 -34.807863 0.255195 9.728585e-01
-19.900000 1.640759 -34.291869 0.255046 9.728533e-01
-19.600000 1.639606 -33.775879 0.254892 9.728479e-01
-19.300000 1.638418 -33.259893 0.254734 9.728425e-01
-19.000000 1.637196 -32.743912 0.254570 9.728369e-01
-18.700000 1.635936 -32.227935 0.254402 9.728313e-01
-18.400000 1.634637 -31.711964 0.254227 9.728256e-01
-18.100000 1.633298 -31.195999 0.254047 9.728198e-01
-17.800000 1.631917 -30.680040 0.253860 9.728139e-01
-17.500000 1.630491 -30.164088 0.253667 9.728080e-01
-17.200000 1.629019 -29.648145 0.253466 9.728020e-01
-16.900000 1.627498 -29.132210 0.253258 9.727960e-01
-16.600000 1.625925 -28.616285 0.253042 9.727900e-01
-16.300000 1.624299 -28.100370 0.252818 9.727840e-01
-16.000000 1.622616 -27.584467 0.252584 9.727780e-01
-15.700000 1.620873 -27.068578 0.252341 9.727721e-01
-15.400000 1.619067 -26.552702 0.252087 9.727664e-01
-15.100000 1.617195 -26.036843 0.251823 9.727607e-01
-14.800000 1.615253 -25.521001 0.251546 9.727553e-01
-14.500000 1.613237 -25.005179 0.251256 9.727502e-01
-14.200000 1.611143 -24.489378 0.250953 9.727455e-01
-13.900000 1.608966 -23.973600 0.250634 9.727411e-01
-13.600000 1.606702 -23.457849 0.250299 9.727374e-01
-13.300000 1.604345 -22.942127 0.249946 9.727343e-01
-13.000000 1.601888 -22.426438 0.249574 9.727320e-01
-12.700000 1.599327 -21.910783 0.249181 9.727308e-01
-12.400000 1.596654 -21.395168 0.248765 9.727307e-01
-12.100000 1.593862 -20.879596 0.248323 9.727321e-01
-11.800000 1.590943 -20.364072 0.247854 9.727352e-01
-11.500000 1.587888 -19.848600 0.247355 9.727403e-01
-11.200000 1.584688 -19.333188 0.246821 9.727478e-01
-10.900000 1.581331 -18.817840 0.246250 9.727582e-01
-10.600000 1.577807 -18.302563 0.245638 9.727719e-01
-10.300000 1.574103 -17.787366 0.244979 9.727896e-01
-10.000000 1.570205 -17.272255 0.244269 9.728120e-01
-9.700000 1.566097 -16.757240 0.243502 9.728398e-01
-9.400000 1.561763 -16.242332 0.242670 9.728742e-01
-9.100000 1.557182 -15.727540 0.241766 9.729162e-01
-8.800000 1.552334 -15.212876 0.240780 9.729670e-01
-8.500000 1.547195 -14.698354 0.239703 9.730284e-01
-8.200000 1.541738 -14.183987 0.238522 9.731021e-01
-7.900000 1.535932 -13.669792 0.237223 9.731903e-01
-7.600000 1.529742 -13.155784 0.235791 9.732954e-01
-7.300000 1.523130 -12.641983 0.234206 9.734204e-01
-7.000000 1.516051 -12.128409 0.232448 9.735689e-01
-6.700000 1.508452 -11.615084 0.230491 9.737448e-01
-6.400000 1.500275 -11.102033 0.228306 9.739531e-01
-6.100000 1.491448 -10.589284 0.225858 9.741995e-01
-5.800000 1.481893 -10.076870 0.223107 9.744909e-01
-5.500000 1.471512 -9.564826 0.220004 9.748354e-01
-5.200000 1.460193 -9.053196 0.216493 9.752427e-01
-4.900000 1.447802 -8.542034 0.212503 9.757247e-01
-4.600000 1.434180 -8.031407 0.207953 9.762956e-01
-4.300000 1.419132 -7.521401 0.202741 9.769726e-01
-4.000000 1.402427 -7.012136 0.196745 9.777765e-01
-3.700000 1.383783 -6.503780 0.189814 9.787328e-01
-3.400000 1.362860 -5.996584 0.181762 9.798721e-01
-3.100000 1.339252 -5.490934 0.172360 9.812308e-01
-2.800000 1.312486 -4.987447 0.161327 9.828511e-01
-2.500000 1.282037 -4.487129 0.148321 9.847782e-01
-2.200000 1.247385 -3.991634 0.132945 9.870518e-01
-1.900000 1.208153 -3.503645 0.114796 9.896811e-01
-1.600000 1.164360 -3.027335 0.093669 9.925816e-01
-1.300000 1.116842 -2.568736 0.070168 9.954622e-01
-1.000000 1.067700 -2.135400 0.046786 9.977874e-01
-0.700000 1.019965 -1.733940 0.028224 9.991165e-01
-0.400000 0.975710 -1.365994 0.018943 9.995649e-01
-0.100000 0.934763 -1.028239 0.018522 9.995468e-01
0.200000 0.895994 -0.716795 0.022922 9.992448e-01
0.500000 0.858940 -0.429470 0.030380 9.985574e-01
0.800000 0.824110 -0.164822 0.039793 9.973146e-01
1.100000 12.162293 1.216229 0.647966 9.967328e-01
1.400000 0.764684 0.305873 0.059040 9.931629e-01
1.700000 0.741015 0.518710 0.067036 9.906372e-01
2.000000 0.721161 0.721161 0.073563 9.881261e-01
2.300000 0.704594 0.915973 0.078734 9.857848e-01
2.600000 0.690738 1.105181 0.082770 9.836883e-01
2.900000 0.679071 1.290234 0.085901 9.818560e-01
3.200000 0.669160 1.472151 0.088325 9.802766e-01
3.500000 0.660662 1.651654 0.090203 9.789254e-01
3.800000 0.653309 1.829267 0.091659 9.777734e-01
4.100000 0.646894 2.005372 0.092787 9.767920e-01
4.400000 0.641252 2.180258 0.093662 9.759551e-01
4.700000 0.636255 2.354144 0.094339 9.752399e-01
5.000000 0.631800 2.527202 0.094861 9.746266e-01
5.300000 0.627805 2.699563 0.095263 9.740984e-01
5.600000 0.624203 2.871334 0.095571 9.736412e-01
5.900000 0.620938 3.042598 0.095806 9.732433e-01
6.200000 0.617966 3.213423 0.095984 9.728947e-01
6.500000 0.615248 3.383865 0.096117 9.725873e-01
6.800000 0.612753 3.553968 0.096216 9.723144e-01
7.100000 0.610454 3.723770 0.096289 9.720704e-01
7.400000 0.608328 3.893300 0.096341 9.718506e-01
7.700000 0.606356 4.062586 0.096378 9.716512e-01
8.000000 0.604521 4.231648 0.096403 9.714692e-01
8.300000 0.602809 4.400506 0.096420 9.713018e-01
8.600000 0.601207 4.569175 0.096431 9.711469e-01
8.900000 0.599705 4.737669 0.096437 9.710027e-01
9.200000 0.598293 4.905999 0.096440 9.708677e-01
9.500000 0.596962 5.074178 0.096442 9.707407e-01
9.800000 0.595706 5.242214 0.096442 9.706207e-01
10.100000 0.594518 5.410115 0.096442 9.705068e-01
10.400000 0.593393 5.577890 0.096441 9.703983e-01
10.700000 0.592324 5.745544 0.096442 9.702945e-01
11.000000 0.591309 5.913085 0.096442 9.701950e-01
11.300000 0.590342 6.080519 0.096444 9.700993e-01
11.600000 0.589420 6.247850 0.096446 9.700071e-01
11.900000 0.588540 6.415084 0.096449 9.699181e-01
12.200000 0.587699 6.582225 0.096453 9.698320e-01
12.500000 0.586894 6.749278 0.096459 9.697486e-01
12.800000 0.586123 6.916247 0.096465 9.696676e-01
13.100000 0.585383 7.083136 0.096472 9.695890e-01
13.400000 0.584673 7.249948 0.096479 9.695125e-01
13.700000 0.583991 7.416687 0.096488 9.694382e-01
14.000000 0.583335 7.583357 0.096497 9.693657e-01
14.300000 0.582704 7.749960 0.096508 9.692951e-01
14.600000 0.582096 7.916500 0.096518 9.692263e-01
14.900000 0.581509 8.082979 0.096529 9.691592e-01
15.200000 0.580944 8.249399 0.096541 9.690936e-01
15.500000 0.580398 8.415765 0.096553 9.690297e-01
15.800000 0.579870 8.582077 0.096566 9.689672e-01
16.100000 0.579360 8.748339 0.096579 9.689062e-01
16.400000 0.578867 8.914552 0.096592 9.688466e-01
16.700000 0.578390 9.080719 0.096606 9.687884e-01
17.000000 0.577928 9.246842 0.096619 9.687315e-01
17.300000 0.577480 9.412923 0.096633 9.686758e-01
17.600000 0.577046 9.578963 0.096647 9.686215e-01
17.900000 0.576625 9.744964 0.096661 9.685683e-01
18.200000 0.576217 9.910929 0.096675 9.685163e-01
18.500000 0.575820 10.076858 0.096689 9.684655e-01
18.800000 0.575436 10.242754 0.096703 9.684158e-01
19.100000 0.575062 10.408617 0.096717 9.683671e-01
19.400000 0.574698 10.574449 0.096731 9.683196e-01
19.700000 0.574345 10.740252 0.096744 9.682731e-01
20.000000 0.574001 10.906026 0.096758 9.682276e-01
20.300000 0.573667 11.071774 0.096772 9.681831e-01
20.600000 0.573342 11.237495 0.096785 9.681396e-01
20.900000 0.573025 11.403192 0.096798 9.680970e-01
21.200000 0.572716 11.568865 0.096811 9.680554e-01
21.500000 0.572415 11.734515 0.096824 9.680147e-01
21.800000 0.572122 11.900143 0.096837 9.679748e-01
22.100000 0.571837 12.065751 0.096849 9.679358e-01
22.400000 0.571558 12.231339 0.096862 9.678976e-01
22.700000 0.571286 12.396907 0.096874 9.678603e-01
23.000000 0.571021 12.562457 0.096886 9.678237e-01
23.300000 0.570762 12.727990 0.096897 9.677880e-01
23.600000 0.570509 12.893506 0.096909 9.677530e-01
23.900000 0.570262 13.059006 0.096920 9.677188e-01
24.200000 0.570021 13.224490 0.096931 9.676852e-01
24.500000 0.569786 13.389960 0.096942 9.676524e-01
24.800000 0.569555 13.555415 0.096952 9.676203e-01
