-25.000000 1.413098 -36.740549 0.202887 9.767474e-01
-24.700000 1.412461 -36.300241 0.202765 9.767543e-01
-24.400000 1.411809 -35.859939 0.202640 9.767614e-01
-24.100000 1.411141 -35.419642 0.202510 9.767689e-01
-23.800000 1.410458 -34.979352 0.202378 9.767766e-01
-23.500000 1.409758 -34.539067 0.202241 9.767847e-01
-23.200000 1.409041 -34.098789 0.202101 9.767932e-01
-22.900000 1.408306 -33.658518 0.201956 9.768021e-01
-22.600000 1.407553 -33.218253 0.201807 9.768113e-01
-22.300000 1.406781 -32.777996 0.201653 9.768210e-01
-22.000000 1.405989 -32.337746 0.201494 9.768312e-01
-21.700000 1.405176 -31.897504 0.201330 9.768418e-01
-21.400000 1.404342 -31.457270 0.201161 9.768530e-01
-21.100000 1.403486 -31.017045 0.200986 9.768647e-01
-20.800000 1.402607 -30.576828 0.200806 9.768770e-01
-20.500000 1.401703 -30.136621 0.200619 9.768899e-01
-20.200000 1.400775 -29.696424 0.200425 9.769036e-01
-19.900000 1.399820 -29.256237 0.200225 9.769180e-01
-19.600000 1.398838 -28.816061 0.200017 9.769331e-01
-19.300000 1.397827 -28.375896 0.199802 9.769491e-01
-19.000000 1.396787 -27.935743 0.199578 9.769660e-01
-18.700000 1.395716 -27.495602 0.199346 9.769839e-01
-18.400000 1.394612 -27.055475 0.199104 9.770028e-01
-18.100000 1.393474 -26.615362 0.198853 9.770228e-01
-17.800000 1.392301 -26.175264 0.198592 9.770440e-01
-17.500000 1.391091 -25.735181 0.198319 9.770666e-01
-17.200000 1.389841 -25.295115 0.198035 9.770906e-01
-16.900000 1.388551 -24.855067 0.197739 9.771160e-01
-16.600000 1.387218 -24.415037 0.197429 9.771432e-01
-16.300000 1.385840 -23.975026 0.197105 9.771721e-01
-16.000000 1.384414 -23.535037 0.196767 9.772029e-01
-15.700000 1.382938 -23.095069 0.196412 9.772358e-01
-15.400000 1.381410 -22.655125 0.196039 9.772710e-01
-15.100000 1.379826 -22.215205 0.195649 9.773086e-01
-14.800000 1.378184 -21.775312 0.195238 9.773489e-01
-14.500000 1.376480 -21.335447 0.194806 9.773921e-01
-14.200000 1.374711 -20.895612 0.194352 9.774385e-01
-13.900000 1.372873 -20.455808 0.193873 9.774883e-01
-13.600000 1.370962 -20.016038 0.193367 9.775419e-01
-13.300000 1.368972 -19.576304 0.192832 9.775996e-01
-13.000000 1.366901 -19.136607 0.192267 9.776617e-01
-12.700000 1.364741 -18.696951 0.191668 9.777288e-01
-12.400000 1.362488 -18.257339 0.191033 9.778013e-01
-12.100000 1.360135 -17.817772 0.190359 9.778797e-01
-11.800000 1.357676 -17.378255 0.189642 9.779645e-01
-11.500000 1.355103 -16.938790 0.188878 9.780565e-01
-11.200000 1.352408 -16.499382 0.188063 9.781564e-01
-10.900000 1.349583 -16.060035 0.187193 9.782649e-01
-10.600000 1.346617 -15.620752 0.186262 9.783830e-01
-10.300000 1.343499 -15.181540 0.185265 9.785117e-01
-10.000000 1.340219 -14.742405 0.184195 9.786521e-01
-9.700000 1.336762 -14.303352 0.183044 9.788055e-01
-9.400000 1.333114 -13.864389 0.181804 9.789735e-01
-9.100000 1.329260 -13.425525 0.180466 9.791575e-01
-8.800000 1.325181 -12.986770 0.179020 9.793595e-01
-8.500000 1.320857 -12.548137 0.177453 9.795816e-01
-8.200000 1.316265 -12.109639 0.175752 9.798263e-01
-7.900000 1.311381 -11.671295 0.173901 9.800962e-01
-7.600000 1.306177 -11.233124 0.171881 9.803944e-01
-7.300000 1.300621 -10.795155 0.169674 9.807247e-01
-7.000000 1.294678 -10.357421 0.167255 9.810911e-01
-6.700000 1.288307 -9.919963 0.164596 9.814982e-01
-6.400000 1.281465 -9.482838 0.161666 9.819515e-01
-6.100000 1.274101 -9.046116 0.158429 9.824572e-01
-5.800000 1.266160 -8.609891 0.154841 9.830222e-01
-5.500000 1.257583 -8.174288 0.150852 9.836547e-01
-5.200000 1.248302 -7.739472 0.146402 9.843637e-01
-4.900000 1.238248 -7.305665 0.141422 9.851595e-01
-4.600000 1.227350 -6.873160 0.135829 9.860532e-01
-4.300000 1.215537 -6.442347 0.129526 9.870567e-01
-4.000000 1.202747 -6.013737 0.122401 9.881809e-01
-3.700000 1.188933 -5.587987 0.114333 9.894333e-01
-3.400000 1.174077 -5.165939 0.105205 9.908125e-01
-3.100000 1.158210 -4.748661 0.094944 9.922993e-01
-2.800000 1.141448 -4.337502 0.083585 9.938455e-01
-2.500000 1.124037 -3.934130 0.071365 9.953664e-01
-2.200000 1.106389 -3.540446 0.058797 9.967491e-01
-1.900000 1.089045 -3.158229 0.046623 9.978879e-01
-1.600000 1.072515 -2.788539 0.035585 9.987303e-01
-1.300000 1.057086 -2.431297 0.026122 9.992953e-01
-1.000000 1.042742 -2.085484 0.018252 9.996463e-01
-0.700000 1.029273 -1.749764 0.011713 9.998505e-01
-0.400000 1.016432 -1.423005 0.006189 9.999572e-01
-0.100000 1.004044 -1.104449 0.001437 9.999976e-01
0.200000 0.992034 -0.793627 0.002672 9.999916e-01
0.500000 0.980409 -0.490204 0.006186 9.999540e-01
0.800000 0.969227 -0.193845 0.009112 9.998979e-01
1.100000 15.866368 1.586637 1.890122 9.838754e-01
1.400000 0.948488 0.379395 0.013237 9.997751e-01
1.700000 0.939046 0.657332 0.014520 9.997240e-01
2.000000 0.930259 0.930259 0.015391 9.996840e-01
2.300000 0.922127 1.198765 0.015965 9.996540e-01
2.600000 0.914631 1.463409 0.016362 9.996306e-01
2.900000 0.907739 1.724705 0.016699 9.996093e-01
3.200000 0.901414 1.983111 0.017072 9.995859e-01
3.500000 0.895613 2.239032 0.017549 9.995568e-01
3.800000 0.890291 2.492815 0.018162 9.995196e-01
4.100000 0.885407 2.744760 0.018911 9.994735e-01
4.400000 0.880918 2.995122 0.019776 9.994183e-01
4.700000 0.876787 3.244113 0.020726 9.993551e-01
5.000000 0.872979 3.491915 0.021727 9.992852e-01
5.300000 0.869459 3.738676 0.022747 9.992102e-01
5.600000 0.866200 3.984521 0.023760 9.991318e-01
5.900000 0.863175 4.229556 0.024748 9.990516e-01
6.200000 0.860359 4.473867 0.025696 9.989709e-01
6.500000 0.857732 4.717527 0.026595 9.988909e-01
6.800000 0.855275 4.960597 0.027442 9.988125e-01
7.100000 0.852972 5.203130 0.028232 9.987364e-01
7.400000 0.850808 5.445169 0.028967 9.986631e-01
7.700000 0.848769 5.686754 0.029647 9.985929e-01
8.000000 0.846845 5.927916 0.030276 9.985261e-01
8.300000 0.845025 6.168685 0.030854 9.984627e-01
8.600000 0.843301 6.409086 0.031387 9.984028e-01
8.900000 0.841664 6.649143 0.031876 9.983463e-01
9.200000 0.840107 6.888876 0.032325 9.982931e-01
9.500000 0.838624 7.128304 0.032738 9.982431e-01
9.800000 0.837210 7.367444 0.033118 9.981962e-01
10.100000 0.835859 7.606312 0.033466 9.981522e-01
10.400000 0.834566 7.844923 0.033786 9.981109e-01
10.700000 0.833329 8.083290 0.034081 9.980721e-01
11.000000 0.832143 8.321426 0.034353 9.980358e-01
11.300000 0.831004 8.559344 0.034603 9.980017e-01
11.600000 0.829911 8.797053 0.034833 9.979697e-01
11.900000 0.828859 9.034566 0.035046 9.979396e-01
12.200000 0.827847 9.271891 0.035243 9.979113e-01
12.500000 0.826873 9.509039 0.035426 9.978847e-01
12.800000 0.825934 9.746018 0.035595 9.978597e-01
13.100000 0.825028 9.982837 0.035752 9.978361e-01
13.400000 0.824153 10.219503 0.035897 9.978139e-01
13.700000 0.823309 10.456025 0.036033 9.977928e-01
14.000000 0.822493 10.692410 0.036159 9.977730e-01
14.300000 0.821704 10.928664 0.036277 9.977542e-01
14.600000 0.820941 11.164794 0.036387 9.977364e-01
14.900000 0.820202 11.400806 0.036490 9.977195e-01
15.200000 0.819486 11.636705 0.036586 9.977035e-01
15.500000 0.818793 11.872498 0.036676 9.976883e-01
15.800000 0.818121 12.108189 0.036761 9.976738e-01
16.100000 0.817469 12.343783 0.036841 9.976600e-01
16.400000 0.816837 12.579285 0.036916 9.976468e-01
16.700000 0.816223 12.814700 0.036986 9.976343e-01
17.000000 0.815627 13.050030 0.037053 9.976223e-01
17.300000 0.815048 13.285282 0.037116 9.976109e-01
17.600000 0.814485 13.520457 0.037176 9.975999e-01
17.900000 0.813938 13.755560 0.037232 9.975894e-01
18.200000 0.813407 13.990593 0.037285 9.975793e-01
18.500000 0.812889 14.225561 0.037336 9.975697e-01
18.800000 0.812386 14.460466 0.037384 9.975604e-01
19.100000 0.811896 14.695311 0.037430 9.975515e-01
19.400000 0.811418 14.930098 0.037474 9.975429e-01
19.700000 0.810954 15.164831 0.037515 9.975347e-01
20.000000 0.810501 15.399511 0.037555 9.975267e-01
20.300000 0.810059 15.634141 0.037593 9.975190e-01
20.600000 0.809629 15.868723 0.037629 9.975117e-01
20.900000 0.809209 16.103259 0.037663 9.975045e-01
21.200000 0.808800 16.337751 0.037696 9.974976e-01
21.500000 0.808400 16.572201 0.037728 9.974910e-01
21.800000 0.808010 16.806610 0.037758 9.974845e-01
22.100000 0.807629 17.040981 0.037787 9.974783e-01
22.400000 0.807258 17.275315 0.037815 9.974723e-01
22.700000 0.806895 17.509613 0.037842 9.974664e-01
23.000000 0.806540 17.743877 0.037868 9.974607e-01
23.300000 0.806193 17.978108 0.037892 9.974552e-01
23.600000 0.805854 18.212308 0.037916 9.974499e-01
23.900000 0.805523 18.446478 0.037939 9.974447e-01
24.200000 0.805199 18.680618 0.037961 9.974397e-01
24.500000 0.804882 18.914730 0.037983 9.974348e-01
24.800000 0.804572 19.148816 0.038003 9.974301e-01
