1.329507 0.217461 9.700297e-01 0.610362 0.294345 7.882872e-01
1.294027 0.192505 9.750793e-01 0.693588 0.235914 8.821400e-01
1.253469 0.160263 9.814714e-01 0.776638 0.169926 9.476116e-01
1.211190 0.125151 9.878201e-01 0.850634 0.108280 9.816309e-01
1.171027 0.092650 9.928228e-01 0.908962 0.060747 9.948685e-01
1.135164 0.066077 9.961023e-01 0.950320 0.029773 9.988678e-01
1.103607 0.045679 9.980254e-01 0.977239 0.012140 9.998218e-01
1.075202 0.030041 9.990993e-01 0.992924 0.003371 9.999867e-01
1.048758 0.017634 9.996736e-01 0.999573 0.000183 1.000000e+00
1.023566 0.007490 9.999382e-01 0.998340 0.000643 9.999995e-01
0.999435 0.000935 9.999990e-01 0.989922 0.003510 9.999855e-01
0.976517 0.007364 9.999343e-01 0.975059 0.007713 9.999278e-01
0.955105 0.012141 9.998134e-01 0.954759 0.012210 9.998112e-01
0.935468 0.015310 9.996908e-01 0.930260 0.016161 9.996516e-01
0.917774 0.017199 9.995946e-01 0.902884 0.019260 9.994748e-01
0.902067 0.018324 9.995237e-01 0.873875 0.022096 9.992622e-01
0.888285 0.019301 9.994551e-01 0.844290 0.026171 9.988916e-01
0.876296 0.020661 9.993584e-01 0.814962 0.033025 9.981072e-01
0.865931 0.022669 9.992092e-01 0.786494 0.043099 9.965441e-01
0.857002 0.025274 9.989966e-01 0.759296 0.055789 9.938041e-01
0.849326 0.028241 9.987248e-01 0.733610 0.070126 9.895577e-01
0.842728 0.031303 9.984091e-01 0.709552 0.085169 9.836334e-01
0.837049 0.034245 9.980708e-01 0.687140 0.100132 9.760636e-01
0.832146 0.036924 9.977314e-01 0.666323 0.114409 9.670743e-01
0.827897 0.039264 9.974092e-01 0.647004 0.127573 9.570312e-01
0.824195 0.041236 9.971175e-01 0.629059 0.139355 9.463654e-01
0.820948 0.042845 9.968643e-01 0.612349 0.149618 9.355034e-01
0.818082 0.044117 9.966527e-01 0.596735 0.158326 9.248167e-01
0.815532 0.045088 9.964825e-01 0.582083 0.165520 9.145947e-01
0.813248 0.045798 9.963509e-01 0.568269 0.171290 9.050384e-01
0.811186 0.046287 9.962539e-01 0.555181 0.175757 8.962673e-01
0.809312 0.046594 9.961868e-01 0.542723 0.179056 8.883331e-01
0.807597 0.046752 9.961447e-01 0.530811 0.181331 8.812362e-01
0.806019 0.046792 9.961230e-01 0.519374 0.182721 8.749403e-01
0.804560 0.046739 9.961178e-01 0.508356 0.183356 8.693853e-01
0.803203 0.046615 9.961253e-01 0.497709 0.183361 8.644970e-01
0.801937 0.046437 9.961426e-01 0.487394 0.182845 8.601945e-01
0.800752 0.046221 9.961671e-01 0.477381 0.181907 8.563954e-01
0.799639 0.045977 9.961967e-01 0.467646 0.180637 8.530189e-01
0.798592 0.045716 9.962298e-01 0.458170 0.179110 8.499882e-01
0.797605 0.045444 9.962651e-01 0.448939 0.177395 8.472319e-01
0.796672 0.045169 9.963014e-01 0.439942 0.175547 8.446845e-01
0.795790 0.044894 9.963381e-01 0.431170 0.173616 8.422868e-01
0.794956 0.044623 9.963745e-01 0.422616 0.171643 8.399859e-01
0.794165 0.044358 9.964101e-01 0.414276 0.169663 8.377350e-01
0.793416 0.044102 9.964446e-01 0.406147 0.167703 8.354934e-01
0.792705 0.043855 9.964779e-01 0.398223 0.165786 8.332261e-01
0.792031 0.043618 9.965098e-01 0.390504 0.163929 8.309035e-01
0.791391 0.043393 9.965401e-01 0.382986 0.162145 8.285010e-01
0.790783 0.043178 9.965688e-01 0.375666 0.160445 8.259989e-01
0.790207 0.042975 9.965960e-01 0.368543 0.158834 8.233817e-01
0.789659 0.042782 9.966217e-01 0.361614 0.157316 8.206382e-01
0.789138 0.042600 9.966459e-01 0.354876 0.155891 8.177606e-01
0.788644 0.042428 9.966686e-01 0.348325 0.154560 8.147449e-01
0.788174 0.042267 9.966900e-01 0.341960 0.153319 8.115896e-01
0.787728 0.042114 9.967100e-01 0.335776 0.152166 8.082961e-01
0.787303 0.041971 9.967288e-01 0.329770 0.151095 8.048681e-01
0.786900 0.041835 9.967464e-01 0.323939 0.150102 8.013112e-01
0.786516 0.041708 9.967630e-01 0.318279 0.149181 7.976328e-01
0.786151 0.041588 9.967785e-01 0.312784 0.148326 7.938414e-01
0.785803 0.041476 9.967931e-01 0.307453 0.147531 7.899466e-01
0.785473 0.041370 9.968067e-01 0.302280 0.146790 7.859590e-01
0.785158 0.041270 9.968196e-01 0.297261 0.146097 7.818895e-01
0.784858 0.041175 9.968316e-01 0.292392 0.145447 7.777493e-01
0.784573 0.041086 9.968430e-01 0.287669 0.144835 7.735499e-01
0.784301 0.041002 9.968536e-01 0.283087 0.144255 7.693026e-01
0.784042 0.040923 9.968637e-01 0.278642 0.143703 7.650186e-01
0.783795 0.040848 9.968731e-01 0.274330 0.143174 7.607086e-01
0.783559 0.040778 9.968821e-01 0.270147 0.142666 7.563829e-01
0.783334 0.040711 9.968905e-01 0.266088 0.142174 7.520516e-01
0.783120 0.040647 9.968984e-01 0.262150 0.141695 7.477237e-01
0.782915 0.040587 9.969059e-01 0.258329 0.141227 7.434079e-01
0.782719 0.040530 9.969131e-01 0.254620 0.140768 7.391123e-01
0.782532 0.040476 9.969198e-01 0.251021 0.140314 7.348441e-01
0.782353 0.040425 9.969262e-01 0.247526 0.139864 7.306099e-01
0.782182 0.040376 9.969322e-01 0.244134 0.139418 7.264157e-01
0.782019 0.040330 9.969380e-01 0.240839 0.138973 7.222668e-01
0.781862 0.040285 9.969435e-01 0.237640 0.138529 7.181679e-01
0.781712 0.040243 9.969487e-01 0.234532 0.138084 7.141229e-01
0.781569 0.040203 9.969536e-01 0.231512 0.137638 7.101354e-01
0.781432 0.040165 9.969584e-01 0.228578 0.137191 7.062082e-01
0.781300 0.040128 9.969629e-01 0.225727 0.136742 7.023438e-01
