1.828606 0.287889 9.721723e-01 0.153223 0.092903 7.019719e-01
1.828589 0.287925 9.721651e-01 0.153653 0.092399 7.054110e-01
1.828571 0.287961 9.721576e-01 0.154082 0.091904 7.087885e-01
1.828553 0.288000 9.721499e-01 0.154510 0.091422 7.120974e-01
1.828536 0.288039 9.721419e-01 0.154938 0.090952 7.153306e-01
1.828517 0.288081 9.721336e-01 0.155365 0.090498 7.184807e-01
1.828499 0.288123 9.721250e-01 0.155790 0.090059 7.215402e-01
1.828481 0.288168 9.721161e-01 0.156214 0.089639 7.245011e-01
1.828462 0.288214 9.721069e-01 0.156637 0.089240 7.273555e-01
1.828444 0.288262 9.720973e-01 0.157058 0.088861 7.300949e-01
1.828425 0.288312 9.720873e-01 0.157477 0.088507 7.327109e-01
1.828406 0.288364 9.720770e-01 0.157894 0.088179 7.351949e-01
1.828386 0.288418 9.720662e-01 0.158309 0.087879 7.375380e-01
1.828367 0.288474 9.720551e-01 0.158721 0.087609 7.397313e-01
1.828347 0.288533 9.720435e-01 0.159131 0.087371 7.417659e-01
1.828328 0.288593 9.720315e-01 0.159539 0.087168 7.436326e-01
1.828308 0.288657 9.720190e-01 0.159943 0.087002 7.453224e-01
1.828288 0.288722 9.720060e-01 0.160346 0.086875 7.468262e-01
1.828267 0.288791 9.719925e-01 0.160745 0.086790 7.481349e-01
1.828247 0.288862 9.719784e-01 0.161142 0.086749 7.492398e-01
1.828226 0.288937 9.719638e-01 0.161536 0.086755 7.501320e-01
1.828206 0.289014 9.719485e-01 0.161928 0.086809 7.508031e-01
1.828185 0.289095 9.719326e-01 0.162317 0.086915 7.512449e-01
1.828163 0.289180 9.719160e-01 0.162704 0.087075 7.514495e-01
1.828142 0.289268 9.718987e-01 0.163089 0.087291 7.514095e-01
1.828120 0.289360 9.718806e-01 0.163473 0.087564 7.511181e-01
1.828098 0.289457 9.718617e-01 0.163856 0.087898 7.505688e-01
1.828076 0.289558 9.718419e-01 0.164239 0.088295 7.497561e-01
1.828053 0.289665 9.718211e-01 0.164621 0.088755 7.486752e-01
1.828030 0.289776 9.717993e-01 0.165005 0.089282 7.473220e-01
1.828006 0.289893 9.717765e-01 0.165391 0.089877 7.456934e-01
1.827981 0.290016 9.717524e-01 0.165781 0.090541 7.437875e-01
1.827956 0.290146 9.717271e-01 0.166175 0.091277 7.416033e-01
1.827929 0.290283 9.717003e-01 0.166575 0.092084 7.391411e-01
1.827902 0.290428 9.716721e-01 0.166983 0.092966 7.364026e-01
1.827874 0.290581 9.716422e-01 0.167401 0.093922 7.333904e-01
1.827844 0.290743 9.716105e-01 0.167832 0.094954 7.301088e-01
1.827812 0.290916 9.715767e-01 0.168278 0.096063 7.265630e-01
1.827778 0.291100 9.715408e-01 0.168743 0.097251 7.227597e-01
1.827742 0.291296 9.715025e-01 0.169229 0.098518 7.187064e-01
1.827703 0.291505 9.714614e-01 0.169741 0.099867 7.144116e-01
1.827661 0.291730 9.714174e-01 0.170284 0.101299 7.098840e-01
1.827615 0.291971 9.713701e-01 0.170863 0.102817 7.051326e-01
1.827564 0.292230 9.713191e-01 0.171484 0.104424 7.001658e-01
1.744426 0.329216 9.604928e-01 0.458562 0.250138 7.442541e-01
1.711563 0.322362 9.606459e-01 0.525610 0.223714 8.269861e-01
1.663527 0.309804 9.614891e-01 0.609234 0.191310 8.977665e-01
1.595771 0.287529 9.638621e-01 0.706937 0.154104 9.479775e-01
1.505555 0.248351 9.695333e-01 0.810126 0.108619 9.796620e-01
1.396738 0.189752 9.791306e-01 0.902291 0.059102 9.950695e-01
1.283014 0.124659 9.892155e-01 0.964924 0.022705 9.993610e-01
1.177532 0.069905 9.959465e-01 0.991571 0.008469 9.999158e-01
1.081577 0.028471 9.992004e-01 0.986953 0.010150 9.998779e-01
0.990762 0.010966 9.998586e-01 0.955264 0.021749 9.994017e-01
0.904956 0.039670 9.977858e-01 0.899664 0.041478 9.975513e-01
0.829117 0.065550 9.928334e-01 0.827940 0.065945 9.927269e-01
0.768015 0.085101 9.860191e-01 0.751961 0.090301 9.836188e-01
0.722541 0.098348 9.790523e-01 0.681848 0.110998 9.703045e-01
0.690297 0.106690 9.731538e-01 0.622483 0.126906 9.541991e-01
0.667802 0.111755 9.686716e-01 0.574321 0.138537 9.370345e-01
0.651959 0.114833 9.654115e-01 0.535639 0.147010 9.199707e-01
0.640494 0.116784 9.630259e-01 0.504200 0.153441 9.033790e-01
0.631893 0.118120 9.612112e-01 0.478023 0.158697 8.870901e-01
0.625187 0.119124 9.597591e-01 0.455595 0.163348 8.707358e-01
0.619767 0.119937 9.585439e-01 0.435839 0.167698 8.539903e-01
0.615250 0.120624 9.574962e-01 0.418019 0.171860 8.366795e-01
0.611393 0.121212 9.565798e-01 0.401641 0.175822 8.187940e-01
0.608035 0.121708 9.557758e-01 0.386372 0.179516 8.004487e-01
0.605068 0.122117 9.550731e-01 0.371988 0.182858 7.818248e-01
0.602415 0.122443 9.544635e-01 0.358333 0.185779 7.631157e-01
0.600022 0.122690 9.539392e-01 0.345296 0.188238 7.444875e-01
0.597847 0.122866 9.534922e-01 0.332799 0.190223 7.260577e-01
0.595860 0.122979 9.531143e-01 0.320782 0.191752 7.078891e-01
