2.773727 0.465212 9.685360e-01 -0.000000 0.000000 3.000000e+04
2.773727 0.465212 9.685360e-01 -0.000000 0.000000 3.000000e+04
2.773727 0.465212 9.685360e-01 -0.000000 0.000000 3.000000e+04
2.773727 0.465212 9.685360e-01 -0.000000 0.000000 3.000000e+04
2.773727 0.465212 9.685360e-01 -0.000000 0.000000 3.000000e+04
2.773727 0.465212 9.685360e-01 -0.000000 0.000000 3.000000e+04
2.773727 0.465212 9.685360e-01 -0.000000 0.000000 3.000000e+04
2.773727 0.465212 9.685360e-01 -0.000000 0.000000 3.000000e+04
2.773727 0.465212 9.685360e-01 -0.000000 0.000000 3.000000e+04
2.773727 0.465212 9.685360e-01 -0.000000 0.000000 3.000000e+04
2.773727 0.465212 9.685360e-01 -0.000000 0.000000 3.000000e+04
2.773727 0.465212 9.685360e-01 -0.000000 0.000000 3.000000e+04
2.773727 0.465212 9.685360e-01 -0.000000 0.000000 3.000000e+04
2.773727 0.465212 9.685360e-01 -0.000000 0.000000 3.000000e+04
2.773727 0.465212 9.685360e-01 -0.000000 0.000000 3.000000e+04
2.773727 0.465212 9.685360e-01 -0.000000 0.000000 3.000000e+04
2.773727 0.465212 9.685360e-01 -0.000000 0.000000 3.000000e+04
2.773727 0.465212 9.685360e-01 -0.000000 0.000001 3.000000e+04
2.773727 0.465212 9.685360e-01 -0.000000 0.000001 3.000000e+04
2.773727 0.465212 9.685360e-01 -0.000000 0.000001 3.000000e+04
2.773727 0.465212 9.685360e-01 -0.000000 0.000001 3.000000e+04
2.773727 0.465212 9.685360e-01 -0.000000 0.000001 3.000000e+04
2.773727 0.465212 9.685360e-01 -0.000000 0.000002 3.000000e+04
2.773727 0.465212 9.685360e-01 -0.000001 0.000002 3.000000e+04
2.773727 0.465212 9.685360e-01 -0.000001 0.000003 3.000000e+04
2.773727 0.465212 9.685360e-01 -0.000001 0.000003 3.000000e+04
2.272186 0.580035 9.300105e-01 0.484721 0.204595 8.293629e-01
1.614377 0.338009 9.518136e-01 0.842525 0.070728 9.919272e-01
1.163932 0.090509 9.930653e-01 0.965891 0.013677 9.997685e-01
1.014923 0.020767 9.995167e-01 0.962506 0.012845 9.997944e-01
0.956736 0.010442 9.998624e-01 0.943179 0.011549 9.998269e-01
0.923774 0.013754 9.997441e-01 0.922104 0.014062 9.997315e-01
0.900721 0.018678 9.995037e-01 0.900377 0.018760 9.994989e-01
0.883189 0.023479 9.991845e-01 0.878572 0.024796 9.990810e-01
0.869401 0.027617 9.988361e-01 0.857280 0.031311 9.984618e-01
0.858355 0.030942 9.985016e-01 0.836903 0.037603 9.976740e-01
0.849370 0.033506 9.982062e-01 0.817631 0.043265 9.967769e-01
0.841953 0.035433 9.979589e-01 0.799493 0.048131 9.958320e-01
0.835737 0.036859 9.977587e-01 0.782425 0.052189 9.948882e-01
0.830451 0.037904 9.976000e-01 0.766323 0.055512 9.939764e-01
0.825892 0.038663 9.974755e-01 0.751065 0.058212 9.931105e-01
0.821908 0.039214 9.973781e-01 0.736536 0.060416 9.922897e-01
0.818385 0.039613 9.973016e-01 0.722632 0.062253 9.915022e-01
0.815237 0.039903 9.972409e-01 0.709263 0.063848 9.907283e-01
0.812398 0.040117 9.971918e-01 0.696353 0.065314 9.899426e-01
0.809817 0.040279 9.971511e-01 0.683839 0.066751 9.891162e-01
0.807453 0.040407 9.971163e-01 0.671667 0.068246 9.882178e-01
0.805274 0.040513 9.970856e-01 0.659797 0.069869 9.872153e-01
0.803255 0.040607 9.970574e-01 0.648192 0.071674 9.860762e-01
0.801375 0.040696 9.970307e-01 0.636824 0.073698 9.847688e-01
0.799618 0.040784 9.970047e-01 0.625671 0.075962 9.832623e-01
0.797971 0.040876 9.969789e-01 0.614715 0.078474 9.815274e-01
0.796420 0.040972 9.969529e-01 0.603942 0.081229 9.795367e-01
0.794958 0.041074 9.969265e-01 0.593340 0.084214 9.772649e-01
0.793575 0.041183 9.968995e-01 0.582903 0.087409 9.746890e-01
0.792265 0.041298 9.968719e-01 0.572624 0.090789 9.717886e-01
0.791023 0.041420 9.968436e-01 0.562500 0.094328 9.685459e-01
0.789843 0.041547 9.968148e-01 0.552529 0.097997 9.649456e-01
0.788720 0.041679 9.967854e-01 0.542710 0.101769 9.609756e-01
0.787652 0.041816 9.967557e-01 0.533044 0.105619 9.566264e-01
0.786635 0.041955 9.967256e-01 0.523531 0.109521 9.518916e-01
0.785665 0.042097 9.966954e-01 0.514175 0.113453 9.467677e-01
0.784740 0.042240 9.966651e-01 0.504978 0.117394 9.412544e-01
0.783859 0.042384 9.966349e-01 0.495942 0.121325 9.353542e-01
0.783018 0.042528 9.966049e-01 0.487069 0.125231 9.290728e-01
0.782215 0.042671 9.965751e-01 0.478364 0.129095 9.224187e-01
0.781450 0.042812 9.965457e-01 0.469829 0.132907 9.154033e-01
0.780719 0.042951 9.965168e-01 0.461465 0.136654 9.080407e-01
0.780022 0.043088 9.964885e-01 0.453277 0.140326 9.003477e-01
0.779357 0.043221 9.964608e-01 0.445264 0.143916 8.923433e-01
0.778723 0.043351 9.964338e-01 0.437430 0.147416 8.840487e-01
0.778118 0.043477 9.964076e-01 0.429775 0.150821 8.754870e-01
0.777540 0.043599 9.963822e-01 0.422301 0.154125 8.666829e-01
0.776990 0.043716 9.963576e-01 0.415006 0.157324 8.576622e-01
0.776465 0.043829 9.963339e-01 0.407892 0.160415 8.484519e-01
0.775964 0.043937 9.963111e-01 0.400958 0.163396 8.390793e-01
0.775487 0.044040 9.962893e-01 0.394203 0.166265 8.295725e-01
0.775031 0.044139 9.962683e-01 0.387625 0.169020 8.199590e-01
0.774597 0.044233 9.962483e-01 0.381222 0.171662 8.102665e-01
0.774183 0.044321 9.962293e-01 0.374994 0.174190 8.005219e-01
0.773789 0.044406 9.962112e-01 0.368937 0.176604 7.907512e-01
0.773412 0.044485 9.961939e-01 0.363048 0.178906 7.809794e-01
0.773053 0.044560 9.961776e-01 0.357324 0.181095 7.712305e-01
0.772711 0.044630 9.961622e-01 0.351763 0.183175 7.615269e-01
0.772385 0.044696 9.961477e-01 0.346361 0.185145 7.518895e-01
0.772073 0.044758 9.961340e-01 0.341115 0.187009 7.423376e-01
0.771776 0.044815 9.961211e-01 0.336020 0.188768 7.328891e-01
0.771493 0.044869 9.961091e-01 0.331072 0.190425 7.235600e-01
0.771222 0.044918 9.960978e-01 0.326269 0.191981 7.143647e-01
0.770964 0.044964 9.960872e-01 0.321605 0.193440 7.053159e-01
