-25.000000 1.764168 -45.868369 0.279260 9.718763e-01
-24.700000 1.763416 -45.319790 0.279159 9.718728e-01
-24.400000 1.762646 -44.771216 0.279055 9.718692e-01
-24.100000 1.761858 -44.222647 0.278949 9.718656e-01
-23.800000 1.761052 -43.674084 0.278839 9.718621e-01
-23.500000 1.760226 -43.125526 0.278726 9.718585e-01
-23.200000 1.759379 -42.576973 0.278610 9.718550e-01
-22.900000 1.758512 -42.028426 0.278491 9.718515e-01
-22.600000 1.757622 -41.479885 0.278368 9.718480e-01
-22.300000 1.756710 -40.931349 0.278241 9.718445e-01
-22.000000 1.755775 -40.382819 0.278110 9.718411e-01
-21.700000 1.754815 -39.834294 0.277975 9.718377e-01
-21.400000 1.753829 -39.285775 0.277836 9.718344e-01
-21.100000 1.752817 -38.737262 0.277692 9.718311e-01
-20.800000 1.751778 -38.188755 0.277544 9.718280e-01
-20.500000 1.750709 -37.640254 0.277390 9.718248e-01
-20.200000 1.749611 -37.091759 0.277232 9.718218e-01
-19.900000 1.748482 -36.543269 0.277067 9.718189e-01
-19.600000 1.747320 -35.994786 0.276897 9.718160e-01
-19.300000 1.746124 -35.446309 0.276722 9.718133e-01
-19.000000 1.744892 -34.897838 0.276539 9.718108e-01
-18.700000 1.743623 -34.349373 0.276350 9.718084e-01
-18.400000 1.742315 -33.800915 0.276154 9.718061e-01
-18.100000 1.740967 -33.252462 0.275951 9.718041e-01
-17.800000 1.739575 -32.704016 0.275740 9.718022e-01
-17.500000 1.738139 -32.155577 0.275520 9.718006e-01
-17.200000 1.736656 -31.607144 0.275292 9.717993e-01
-16.900000 1.735124 -31.058718 0.275054 9.717982e-01
-16.600000 1.733540 -30.510299 0.274807 9.717975e-01
-16.300000 1.731901 -29.961887 0.274549 9.717971e-01
-16.000000 1.730205 -29.413481 0.274280 9.717971e-01
-15.700000 1.728448 -28.865083 0.274000 9.717975e-01
-15.400000 1.726628 -28.316693 0.273706 9.717984e-01
-15.100000 1.724740 -27.768310 0.273400 9.717999e-01
-14.800000 1.722781 -27.219935 0.273079 9.718019e-01
-14.500000 1.720746 -26.671569 0.272743 9.718046e-01
-14.200000 1.718632 -26.123211 0.272391 9.718081e-01
-13.900000 1.716434 -25.574863 0.272021 9.718123e-01
-13.600000 1.714145 -25.026524 0.271633 9.718175e-01
-13.300000 1.711762 -24.478196 0.271225 9.718238e-01
-13.000000 1.709277 -23.929879 0.270794 9.718311e-01
-12.700000 1.706684 -23.381575 0.270341 9.718398e-01
-12.400000 1.703976 -22.833283 0.269862 9.718500e-01
-12.100000 1.701146 -22.285007 0.269355 9.718618e-01
-11.800000 1.698183 -21.736746 0.268819 9.718754e-01
-11.500000 1.695080 -21.188502 0.268250 9.718912e-01
-11.200000 1.691826 -20.640279 0.267646 9.719095e-01
-10.900000 1.688410 -20.092078 0.267003 9.719304e-01
-10.600000 1.684819 -19.543902 0.266317 9.719545e-01
-10.300000 1.681040 -18.995754 0.265585 9.719822e-01
-10.000000 1.677058 -18.447638 0.264801 9.720140e-01
-9.700000 1.672856 -17.899558 0.263960 9.720505e-01
-9.400000 1.668416 -17.351521 0.263056 9.720926e-01
-9.100000 1.663716 -16.803533 0.262081 9.721409e-01
-8.800000 1.658735 -16.255600 0.261027 9.721966e-01
-8.500000 1.653445 -15.707732 0.259886 9.722609e-01
-8.200000 1.647819 -15.159938 0.258644 9.723352e-01
-7.900000 1.641824 -14.612232 0.257291 9.724211e-01
-7.600000 1.635422 -14.064628 0.255812 9.725208e-01
-7.300000 1.628571 -13.517143 0.254188 9.726365e-01
-7.000000 1.621225 -12.969797 0.252400 9.727712e-01
-6.700000 1.613327 -12.422615 0.250424 9.729284e-01
-6.400000 1.604814 -11.875627 0.248233 9.731121e-01
-6.100000 1.595615 -11.328866 0.245793 9.733273e-01
-5.800000 1.585644 -10.782377 0.243066 9.735800e-01
-5.500000 1.574802 -10.236211 0.240004 9.738775e-01
-5.200000 1.562973 -9.690431 0.236553 9.742284e-01
-4.900000 1.550020 -9.145117 0.232647 9.746433e-01
-4.600000 1.535780 -8.600369 0.228207 9.751350e-01
-4.300000 1.520060 -8.056316 0.223136 9.757190e-01
-4.000000 1.502626 -7.513129 0.217319 9.764141e-01
-3.700000 1.483201 -6.971043 0.210618 9.772428e-01
-3.400000 1.461451 -6.430385 0.202865 9.782322e-01
-3.100000 1.436985 -5.891637 0.193858 9.794147e-01
-2.800000 1.409348 -5.355524 0.183355 9.808280e-01
-2.500000 1.378047 -4.823165 0.171065 9.825152e-01
-2.200000 1.342593 -4.296298 0.156636 9.845244e-01
-1.900000 1.302613 -3.777579 0.139643 9.869020e-01
-1.600000 1.258030 -3.270877 0.119625 9.896658e-01
-1.300000 1.209322 -2.781440 0.096348 9.927230e-01
-1.000000 1.157841 -2.315682 0.070485 9.957385e-01
-0.700000 1.105887 -1.880007 0.044262 9.981535e-01
-0.400000 1.055807 -1.478129 0.020607 9.995603e-01
-0.100000 1.008477 -1.109324 0.004413 9.999779e-01
0.200000 0.963297 -0.770638 0.018426 9.995777e-01
0.500000 0.919766 -0.459883 0.034214 9.984046e-01
0.800000 0.878497 -0.175699 0.048786 9.964511e-01
1.100000 13.283676 1.328368 0.606645 9.975972e-01
1.400000 0.808149 0.323259 0.072263 9.908509e-01
1.700000 0.780675 0.546472 0.080704 9.878088e-01
2.000000 0.758110 0.758110 0.087216 9.849455e-01
2.300000 0.739710 0.961624 0.092202 9.823739e-01
2.600000 0.724659 1.159454 0.096043 9.801177e-01
2.900000 0.712228 1.353234 0.099048 9.781533e-01
3.200000 0.701834 1.544035 0.101448 9.764393e-01
3.500000 0.693023 1.732558 0.103407 9.749327e-01
3.800000 0.685455 1.919275 0.105041 9.735962e-01
4.100000 0.678874 2.104508 0.106430 9.723992e-01
4.400000 0.673085 2.288490 0.107630 9.713178e-01
4.700000 0.667944 2.471394 0.108679 9.703340e-01
5.000000 0.663338 2.653351 0.109607 9.694335e-01
5.300000 0.659178 2.834466 0.110432 9.686055e-01
5.600000 0.655397 3.014825 0.111170 9.678414e-01
5.900000 0.651939 3.194501 0.111834 9.671342e-01
6.200000 0.648760 3.373553 0.112432 9.664784e-01
6.500000 0.645824 3.552033 0.112971 9.658690e-01
6.800000 0.643102 3.729989 0.113459 9.653018e-01
7.100000 0.640567 3.907460 0.113901 9.647733e-01
7.400000 0.638200 4.084482 0.114301 9.642801e-01
7.700000 0.635984 4.261090 0.114663 9.638193e-01
8.000000 0.633902 4.437312 0.114992 9.633885e-01
8.300000 0.631942 4.613177 0.115291 9.629851e-01
8.600000 0.630093 4.788709 0.115561 9.626071e-01
8.900000 0.628346 4.963933 0.115807 9.622525e-01
9.200000 0.626691 5.138869 0.116031 9.619196e-01
9.500000 0.625122 5.313540 0.116233 9.616068e-01
9.800000 0.623632 5.487963 0.116418 9.613126e-01
10.100000 0.622215 5.662156 0.116585 9.610356e-01
10.400000 0.620865 5.836135 0.116737 9.607746e-01
10.700000 0.619579 6.009916 0.116875 9.605286e-01
11.000000 0.618351 6.183513 0.117000 9.602965e-01
11.300000 0.617179 6.356939 0.117113 9.600773e-01
11.600000 0.616057 6.530206 0.117216 9.598702e-01
11.900000 0.614984 6.703325 0.117309 9.596744e-01
12.200000 0.613956 6.876307 0.117393 9.594891e-01
12.500000 0.612971 7.049161 0.117468 9.593137e-01
12.800000 0.612025 7.221896 0.117537 9.591475e-01
13.100000 0.611117 7.394521 0.117598 9.589899e-01
13.400000 0.610245 7.567042 0.117653 9.588405e-01
13.700000 0.609407 7.739466 0.117703 9.586986e-01
14.000000 0.608600 7.911800 0.117747 9.585639e-01
14.300000 0.607823 8.084050 0.117786 9.584359e-01
14.600000 0.607075 8.256221 0.117820 9.583142e-01
14.900000 0.606354 8.428318 0.117851 9.581983e-01
15.200000 0.605658 8.600345 0.117878 9.580881e-01
15.500000 0.604987 8.772307 0.117901 9.579831e-01
15.800000 0.604338 8.944207 0.117921 9.578830e-01
16.100000 0.603712 9.116049 0.117938 9.577875e-01
16.400000 0.603106 9.287837 0.117952 9.576964e-01
16.700000 0.602521 9.459572 0.117964 9.576095e-01
17.000000 0.601954 9.631259 0.117974 9.575264e-01
17.300000 0.601405 9.802900 0.117981 9.574470e-01
17.600000 0.600873 9.974496 0.117987 9.573711e-01
17.900000 0.600358 10.146051 0.117990 9.572984e-01
18.200000 0.599859 10.317567 0.117992 9.572289e-01
18.500000 0.599374 10.489044 0.117993 9.571623e-01
18.800000 0.598904 10.660486 0.117992 9.570984e-01
19.100000 0.598447 10.831894 0.117990 9.570372e-01
19.400000 0.598004 11.003269 0.117987 9.569784e-01
19.700000 0.597573 11.174613 0.117983 9.569221e-01
20.000000 0.597154 11.345927 0.117977 9.568679e-01
20.300000 0.596747 11.517213 0.117971 9.568158e-01
20.600000 0.596351 11.688471 0.117964 9.567658e-01
20.900000 0.595965 11.859704 0.117957 9.567177e-01
21.200000 0.595590 12.030911 0.117948 9.566714e-01
21.500000 0.595224 12.202095 0.117939 9.566268e-01
21.800000 0.594868 12.373256 0.117930 9.565838e-01
22.100000 0.594521 12.544395 0.117920 9.565424e-01
22.400000 0.594183 12.715512 0.117909 9.565024e-01
22.700000 0.593853 12.886609 0.117898 9.564639e-01
23.000000 0.593531 13.057687 0.117887 9.564267e-01
23.300000 0.593217 13.228746 0.117875 9.563908e-01
23.600000 0.592911 13.399787 0.117863 9.563562e-01
23.900000 0.592612 13.570810 0.117851 9.563227e-01
24.200000 0.592320 13.741817 0.117839 9.562902e-01
24.500000 0.592034 13.912808 0.117826 9.562589e-01
24.800000 0.591756 14.083783 0.117813 9.562286e-01
