1.367544 0.240554 9.654999e-01 0.589809 0.345408 7.162988e-01
1.342460 0.220502 9.697850e-01 0.656150 0.292429 8.134173e-01
1.312246 0.194262 9.753161e-01 0.727031 0.230868 8.956946e-01
1.277942 0.163117 9.815326e-01 0.797276 0.166996 9.517769e-01
1.241727 0.130013 9.874979e-01 0.860637 0.108885 9.818506e-01
1.206147 0.098539 9.923510e-01 0.912272 0.062952 9.945309e-01
1.172977 0.071422 9.957366e-01 0.950489 0.031428 9.987390e-01
1.142566 0.049774 9.978131e-01 0.976400 0.012696 9.998048e-01
1.113855 0.033382 9.989638e-01 0.992211 0.003389 9.999865e-01
1.084563 0.021312 9.995543e-01 0.999481 0.000175 1.000000e+00
1.051070 0.011998 9.998495e-01 0.997643 0.000618 9.999996e-01
1.007907 0.002653 9.999920e-01 0.982208 0.004053 9.999803e-01
0.947640 0.012314 9.998051e-01 0.942507 0.013761 9.997539e-01
0.863624 0.037557 9.978207e-01 0.862062 0.038060 9.977540e-01
0.758451 0.073847 9.891706e-01 0.730230 0.083623 9.850815e-01
0.650584 0.110876 9.675465e-01 0.563285 0.140853 9.326526e-01
0.562475 0.135699 9.370178e-01 0.400965 0.186397 8.002767e-01
