-25.000000 1.419476 -36.906389 0.229601 9.706715e-01
-24.700000 1.418843 -36.464259 0.229422 9.706907e-01
-24.400000 1.418195 -36.022146 0.229237 9.707106e-01
-24.100000 1.417532 -35.580052 0.229046 9.707312e-01
-23.800000 1.416854 -35.137975 0.228850 9.707527e-01
-23.500000 1.416160 -34.695917 0.228648 9.707750e-01
-23.200000 1.415450 -34.253878 0.228440 9.707982e-01
-22.900000 1.414722 -33.811859 0.228226 9.708223e-01
-22.600000 1.413977 -33.369860 0.228004 9.708474e-01
-22.300000 1.413214 -32.927882 0.227776 9.708735e-01
-22.000000 1.412432 -32.485925 0.227540 9.709007e-01
-21.700000 1.411630 -32.043991 0.227297 9.709291e-01
-21.400000 1.410807 -31.602078 0.227046 9.709586e-01
-21.100000 1.409963 -31.160189 0.226786 9.709894e-01
-20.800000 1.409097 -30.718323 0.226518 9.710215e-01
-20.500000 1.408208 -30.276482 0.226240 9.710549e-01
-20.200000 1.407296 -29.834665 0.225953 9.710899e-01
-19.900000 1.406358 -29.392875 0.225656 9.711264e-01
-19.600000 1.405394 -28.951110 0.225348 9.711645e-01
-19.300000 1.404403 -28.509372 0.225029 9.712043e-01
-19.000000 1.403383 -28.067662 0.224698 9.712460e-01
-18.700000 1.402334 -27.625981 0.224354 9.712896e-01
-18.400000 1.401254 -27.184328 0.223998 9.713352e-01
-18.100000 1.400142 -26.742706 0.223628 9.713830e-01
-17.800000 1.398995 -26.301114 0.223244 9.714330e-01
-17.500000 1.397814 -25.859555 0.222844 9.714855e-01
-17.200000 1.396595 -25.418027 0.222429 9.715406e-01
-16.900000 1.395337 -24.976533 0.221996 9.715984e-01
-16.600000 1.394038 -24.535074 0.221545 9.716591e-01
-16.300000 1.392697 -24.093651 0.221075 9.717229e-01
-16.000000 1.391310 -23.652264 0.220585 9.717900e-01
-15.700000 1.389875 -23.210915 0.220074 9.718607e-01
-15.400000 1.388391 -22.769605 0.219539 9.719351e-01
-15.100000 1.386853 -22.328336 0.218981 9.720136e-01
-14.800000 1.385260 -21.887109 0.218396 9.720963e-01
-14.500000 1.383608 -21.445926 0.217784 9.721837e-01
-14.200000 1.381894 -21.004789 0.217142 9.722761e-01
-13.900000 1.380114 -20.563699 0.216469 9.723738e-01
-13.600000 1.378264 -20.122659 0.215763 9.724773e-01
-13.300000 1.376341 -19.681671 0.215019 9.725870e-01
-13.000000 1.374338 -19.240737 0.214238 9.727034e-01
-12.700000 1.372253 -18.799862 0.213414 9.728270e-01
-12.400000 1.370078 -18.359047 0.212545 9.729585e-01
-12.100000 1.367809 -17.918297 0.211628 9.730985e-01
-11.800000 1.365439 -17.477616 0.210658 9.732478e-01
-11.500000 1.362961 -17.037008 0.209631 9.734073e-01
-11.200000 1.360367 -16.596479 0.208542 9.735777e-01
-10.900000 1.357650 -16.156035 0.207386 9.737602e-01
-10.600000 1.354800 -15.715683 0.206157 9.739560e-01
-10.300000 1.351808 -15.275430 0.204847 9.741663e-01
-10.000000 1.348662 -14.835285 0.203450 9.743926e-01
-9.700000 1.345351 -14.395260 0.201956 9.746365e-01
-9.400000 1.341862 -13.955364 0.200356 9.749000e-01
-9.100000 1.338179 -13.515613 0.198639 9.751851e-01
-8.800000 1.334288 -13.076021 0.196793 9.754942e-01
-8.500000 1.330169 -12.636607 0.194803 9.758300e-01
-8.200000 1.325804 -12.197393 0.192654 9.761955e-01
-7.900000 1.321169 -11.758403 0.190327 9.765943e-01
-7.600000 1.316240 -11.319667 0.187801 9.770302e-01
-7.300000 1.310990 -10.881220 0.185052 9.775078e-01
-7.000000 1.305388 -10.443104 0.182052 9.780320e-01
-6.700000 1.299398 -10.005368 0.178770 9.786085e-01
-6.400000 1.292983 -9.568074 0.175170 9.792437e-01
-6.100000 1.286098 -9.131296 0.171209 9.799446e-01
-5.800000 1.278695 -8.695126 0.166840 9.807188e-01
-5.500000 1.270720 -8.259678 0.162007 9.815747e-01
-5.200000 1.262112 -7.825097 0.156649 9.825208e-01
-4.900000 1.252808 -7.391567 0.150695 9.835655e-01
-4.600000 1.242737 -6.959325 0.144069 9.847166e-01
-4.300000 1.231826 -6.528678 0.136690 9.859794e-01
-4.000000 1.220006 -6.100031 0.128477 9.873548e-01
-3.700000 1.207216 -5.673917 0.119360 9.888366e-01
-3.400000 1.193418 -5.251039 0.109296 9.904068e-01
-3.100000 1.178614 -4.832319 0.098302 9.920305e-01
-2.800000 1.162877 -4.418932 0.086491 9.936520e-01
-2.500000 1.146371 -4.012300 0.074120 9.951954e-01
-2.200000 1.129367 -3.613973 0.061610 9.965750e-01
-1.900000 1.112195 -3.225365 0.049504 9.977172e-01
-1.600000 1.095154 -2.847400 0.038349 9.985859e-01
-1.300000 1.078375 -2.480263 0.028529 9.991924e-01
-1.000000 1.061733 -2.123466 0.020174 9.995832e-01
-0.700000 1.044821 -1.776196 0.013162 9.998168e-01
-0.400000 1.026966 -1.437753 0.007188 9.999434e-01
-0.100000 1.007216 -1.107937 0.001785 9.999964e-01
0.200000 0.984286 -0.787429 0.003738 9.999833e-01
0.500000 0.956509 -0.478255 0.010401 9.998635e-01
0.800000 0.921972 -0.184394 0.019565 9.994802e-01
1.100000 14.155416 1.415542 1.250423 9.910691e-01
1.400000 0.829003 0.331601 0.049416 9.959134e-01
1.700000 0.775298 0.542708 0.068060 9.911789e-01
2.000000 0.723986 0.723986 0.085020 9.843237e-01
2.300000 0.679278 0.883062 0.098095 9.764828e-01
2.600000 0.642430 1.027889 0.107097 9.689040e-01
2.900000 0.612782 1.164285 0.112877 9.622921e-01
3.200000 0.589026 1.295858 0.116425 9.568301e-01
3.500000 0.569874 1.424686 0.118520 9.524247e-01
3.800000 0.554263 1.551937 0.119701 9.488901e-01
4.100000 0.541376 1.678265 0.120316 9.460390e-01
4.400000 0.530599 1.804036 0.120583 9.437137e-01
4.700000 0.521476 1.929461 0.120639 9.417917e-01
5.000000 0.513665 2.054662 0.120568 9.401808e-01
5.300000 0.506909 2.179709 0.120423 9.388130e-01
5.600000 0.501010 2.304647 0.120234 9.376376e-01
5.900000 0.495817 2.429502 0.120023 9.366171e-01
6.200000 0.491210 2.554290 0.119800 9.357231e-01
6.500000 0.487095 2.679023 0.119574 9.349340e-01
6.800000 0.483398 2.803710 0.119349 9.342330e-01
7.100000 0.480058 2.928355 0.119127 9.336069e-01
7.400000 0.477025 3.052963 0.118910 9.330451e-01
7.700000 0.474259 3.177539 0.118699 9.325391e-01
8.000000 0.471726 3.302084 0.118493 9.320818e-01
8.300000 0.469398 3.426602 0.118294 9.316673e-01
8.600000 0.467249 3.551096 0.118100 9.312908e-01
8.900000 0.465262 3.675566 0.117913 9.309478e-01
9.200000 0.463416 3.800015 0.117731 9.306350e-01
9.500000 0.461699 3.924445 0.117554 9.303490e-01
9.800000 0.460097 4.048857 0.117383 9.300873e-01
10.100000 0.458599 4.173252 0.117216 9.298473e-01
10.400000 0.457195 4.297632 0.117054 9.296271e-01
10.700000 0.455876 4.421998 0.116897 9.294248e-01
11.000000 0.454635 4.546350 0.116744 9.292387e-01
11.300000 0.453465 4.670690 0.116595 9.290673e-01
11.600000 0.452360 4.795019 0.116451 9.289093e-01
11.900000 0.451315 4.919337 0.116310 9.287636e-01
12.200000 0.450325 5.043645 0.116173 9.286291e-01
12.500000 0.449386 5.167944 0.116039 9.285049e-01
12.800000 0.448494 5.292234 0.115909 9.283900e-01
13.100000 0.447646 5.416516 0.115782 9.282837e-01
13.400000 0.446838 5.540790 0.115658 9.281853e-01
13.700000 0.446067 5.665057 0.115538 9.280941e-01
14.000000 0.445332 5.789317 0.115420 9.280096e-01
14.300000 0.444629 5.913570 0.115306 9.279313e-01
14.600000 0.443957 6.037817 0.115194 9.278586e-01
14.900000 0.443314 6.162059 0.115085 9.277911e-01
15.200000 0.442697 6.286295 0.114979 9.277284e-01
15.500000 0.442105 6.410525 0.114875 9.276701e-01
15.800000 0.441537 6.534751 0.114774 9.276159e-01
16.100000 0.440992 6.658972 0.114675 9.275656e-01
16.400000 0.440467 6.783189 0.114578 9.275187e-01
16.700000 0.439962 6.907401 0.114484 9.274751e-01
17.000000 0.439476 7.031609 0.114392 9.274344e-01
17.300000 0.439007 7.155813 0.114302 9.273966e-01
17.600000 0.438555 7.280014 0.114215 9.273613e-01
17.900000 0.438119 7.404211 0.114129 9.273284e-01
18.200000 0.437698 7.528405 0.114045 9.272978e-01
18.500000 0.437291 7.652595 0.113963 9.272692e-01
18.800000 0.436898 7.776783 0.113883 9.272425e-01
19.100000 0.436518 7.900967 0.113805 9.272176e-01
19.400000 0.436149 8.025149 0.113729 9.271943e-01
19.700000 0.435793 8.149328 0.113654 9.271726e-01
20.000000 0.435448 8.273505 0.113581 9.271522e-01
20.300000 0.435113 8.397679 0.113510 9.271333e-01
20.600000 0.434788 8.521851 0.113440 9.271155e-01
20.900000 0.434473 8.646020 0.113372 9.270989e-01
21.200000 0.434168 8.770188 0.113305 9.270834e-01
21.500000 0.433871 8.894353 0.113240 9.270689e-01
21.800000 0.433583 9.018517 0.113176 9.270553e-01
22.100000 0.433302 9.142678 0.113113 9.270426e-01
22.400000 0.433030 9.266838 0.113052 9.270307e-01
22.700000 0.432765 9.390996 0.112992 9.270195e-01
23.000000 0.432507 9.515153 0.112934 9.270090e-01
23.300000 0.432256 9.639308 0.112876 9.269993e-01
23.600000 0.432012 9.763461 0.112820 9.269901e-01
23.900000 0.431774 9.887613 0.112765 9.269815e-01
24.200000 0.431542 10.011764 0.112711 9.269734e-01
24.500000 0.431315 10.135913 0.112658 9.269658e-01
24.800000 0.431095 10.260062 0.112607 9.269587e-01
