-25.000000 1.345322 -34.978377 0.141952 9.873058e-01
-24.700000 1.344715 -34.559166 0.141872 9.873085e-01
-24.400000 1.344093 -34.139958 0.141791 9.873113e-01
-24.100000 1.343456 -33.720752 0.141707 9.873142e-01
-23.800000 1.342804 -33.301550 0.141621 9.873173e-01
-23.500000 1.342137 -32.882350 0.141533 9.873205e-01
-23.200000 1.341453 -32.463154 0.141441 9.873239e-01
-22.900000 1.340752 -32.043962 0.141348 9.873274e-01
-22.600000 1.340033 -31.624773 0.141251 9.873311e-01
-22.300000 1.339296 -31.205588 0.141152 9.873349e-01
-22.000000 1.338539 -30.786407 0.141049 9.873390e-01
-21.700000 1.337763 -30.367230 0.140943 9.873432e-01
-21.400000 1.336967 -29.948057 0.140834 9.873477e-01
-21.100000 1.336149 -29.528890 0.140722 9.873524e-01
-20.800000 1.335309 -29.109726 0.140605 9.873573e-01
-20.500000 1.334445 -28.690569 0.140485 9.873625e-01
-20.200000 1.333557 -28.271416 0.140361 9.873680e-01
-19.900000 1.332644 -27.852270 0.140233 9.873737e-01
-19.600000 1.331705 -27.433130 0.140099 9.873798e-01
-19.300000 1.330739 -27.013996 0.139962 9.873862e-01
-19.000000 1.329744 -26.594870 0.139819 9.873930e-01
-18.700000 1.328718 -26.175752 0.139671 9.874002e-01
-18.400000 1.327662 -25.756641 0.139517 9.874078e-01
-18.100000 1.326573 -25.337540 0.139358 9.874159e-01
-17.800000 1.325449 -24.918449 0.139192 9.874244e-01
-17.500000 1.324290 -24.499368 0.139019 9.874334e-01
-17.200000 1.323093 -24.080299 0.138840 9.874430e-01
-16.900000 1.321857 -23.661242 0.138653 9.874532e-01
-16.600000 1.320579 -23.242198 0.138459 9.874641e-01
-16.300000 1.319258 -22.823170 0.138256 9.874756e-01
-16.000000 1.317892 -22.404158 0.138044 9.874879e-01
-15.700000 1.316477 -21.985164 0.137822 9.875010e-01
-15.400000 1.315012 -21.566190 0.137591 9.875150e-01
-15.100000 1.313493 -21.147237 0.137349 9.875299e-01
-14.800000 1.311918 -20.728308 0.137095 9.875459e-01
-14.500000 1.310284 -20.309405 0.136830 9.875629e-01
-14.200000 1.308588 -19.890532 0.136551 9.875812e-01
-13.900000 1.306825 -19.471690 0.136258 9.876008e-01
-13.600000 1.304992 -19.052884 0.135950 9.876218e-01
-13.300000 1.303085 -18.634118 0.135626 9.876444e-01
-13.000000 1.301100 -18.215396 0.135285 9.876686e-01
-12.700000 1.299031 -17.796722 0.134924 9.876948e-01
-12.400000 1.296873 -17.378103 0.134544 9.877229e-01
-12.100000 1.294622 -16.959545 0.134142 9.877534e-01
-11.800000 1.292270 -16.541054 0.133716 9.877862e-01
-11.500000 1.289811 -16.122639 0.133265 9.878218e-01
-11.200000 1.287238 -15.704310 0.132786 9.878604e-01
-10.900000 1.284544 -15.286075 0.132276 9.879023e-01
-10.600000 1.281720 -14.867948 0.131733 9.879480e-01
-10.300000 1.278756 -14.449942 0.131154 9.879977e-01
-10.000000 1.275643 -14.032071 0.130534 9.880520e-01
-9.700000 1.272370 -13.614355 0.129871 9.881115e-01
-9.400000 1.268924 -13.196813 0.129158 9.881769e-01
-9.100000 1.265294 -12.779470 0.128392 9.882488e-01
-8.800000 1.261464 -12.362352 0.127565 9.883282e-01
-8.500000 1.257420 -11.945492 0.126671 9.884161e-01
-8.200000 1.253144 -11.528927 0.125700 9.885138e-01
-7.900000 1.248618 -11.112702 0.124644 9.886227e-01
-7.600000 1.243822 -10.696868 0.123491 9.887446e-01
-7.300000 1.238733 -10.281487 0.122226 9.888816e-01
-7.000000 1.233329 -9.866633 0.120835 9.890361e-01
-6.700000 1.227583 -9.452392 0.119298 9.892110e-01
-6.400000 1.221469 -9.038869 0.117592 9.894100e-01
-6.100000 1.214956 -8.626188 0.115691 9.896372e-01
-5.800000 1.208014 -8.214498 0.113561 9.898975e-01
-5.500000 1.200612 -7.803978 0.111165 9.901965e-01
-5.200000 1.192716 -7.394839 0.108458 9.905410e-01
-4.900000 1.184294 -6.987334 0.105386 9.909382e-01
-4.600000 1.175315 -6.581762 0.101888 9.913958e-01
-4.300000 1.165750 -6.178476 0.097896 9.919218e-01
-4.000000 1.155578 -5.777888 0.093335 9.925226e-01
-3.700000 1.144784 -5.380483 0.088130 9.932022e-01
-3.400000 1.133370 -4.986826 0.082217 9.939594e-01
-3.100000 1.121361 -4.597580 0.075554 9.947847e-01
-2.800000 1.108819 -4.213512 0.068147 9.956569e-01
-2.500000 1.095857 -3.835498 0.060074 9.965415e-01
-2.200000 1.082650 -3.464479 0.051512 9.973925e-01
-1.900000 1.069439 -3.101373 0.042738 9.981590e-01
-1.600000 1.056505 -2.746914 0.034100 9.987984e-01
-1.300000 1.044122 -2.401481 0.025944 9.992875e-01
-1.000000 1.032498 -2.064997 0.018532 9.996281e-01
-0.700000 1.021745 -1.736967 0.011995 9.998409e-01
-0.400000 1.011878 -1.416629 0.006336 9.999547e-01
-0.100000 1.002842 -1.103126 0.001468 9.999975e-01
0.200000 0.994550 -0.795640 0.002732 9.999913e-01
0.500000 0.986905 -0.493453 0.006385 9.999517e-01
0.800000 0.979777 -0.195955 0.009578 9.998897e-01
1.100000 16.206112 1.620611 1.938557 9.837443e-01
1.400000 0.967259 0.386903 0.015190 9.997153e-01
1.700000 0.961488 0.673042 0.017574 9.996143e-01
2.000000 0.956074 0.956074 0.019786 9.995056e-01
2.300000 0.950970 1.236261 0.021849 9.993908e-01
2.600000 0.946145 1.513831 0.023783 9.992708e-01
2.900000 0.941571 1.788985 0.025606 9.991467e-01
3.200000 0.937228 2.061903 0.027329 9.990190e-01
3.500000 0.933098 2.332744 0.028963 9.988886e-01
3.800000 0.929163 2.601656 0.030517 9.987558e-01
4.100000 0.925410 2.868772 0.031995 9.986215e-01
4.400000 0.921828 3.134216 0.033403 9.984860e-01
4.700000 0.918406 3.398101 0.034744 9.983499e-01
5.000000 0.915134 3.660536 0.036023 9.982138e-01
5.300000 0.912004 3.921618 0.037241 9.980780e-01
5.600000 0.909009 4.181442 0.038402 9.979432e-01
5.900000 0.906142 4.440096 0.039506 9.978096e-01
6.200000 0.903396 4.697661 0.040557 9.976778e-01
6.500000 0.900766 4.954214 0.041557 9.975480e-01
6.800000 0.898246 5.209827 0.042506 9.974207e-01
7.100000 0.895831 5.464568 0.043406 9.972960e-01
7.400000 0.893516 5.718500 0.044261 9.971743e-01
7.700000 0.891296 5.971680 0.045071 9.970556e-01
8.000000 0.889166 6.224164 0.045838 9.969403e-01
8.300000 0.887123 6.476001 0.046564 9.968284e-01
8.600000 0.885163 6.727239 0.047251 9.967200e-01
8.900000 0.883281 6.977921 0.047900 9.966152e-01
9.200000 0.881474 7.228087 0.048514 9.965140e-01
9.500000 0.879738 7.477774 0.049094 9.964164e-01
9.800000 0.878070 7.727017 0.049642 9.963224e-01
10.100000 0.876467 7.975847 0.050159 9.962320e-01
10.400000 0.874925 8.224294 0.050647 9.961450e-01
10.700000 0.873442 8.472384 0.051108 9.960616e-01
11.000000 0.872014 8.720143 0.051543 9.959814e-01
11.300000 0.870640 8.967593 0.051954 9.959046e-01
11.600000 0.869317 9.214756 0.052341 9.958309e-01
11.900000 0.868041 9.461652 0.052707 9.957603e-01
12.200000 0.866812 9.708299 0.053052 9.956927e-01
12.500000 0.865627 9.954713 0.053378 9.956280e-01
12.800000 0.864484 10.200911 0.053685 9.955660e-01
13.100000 0.863381 10.446906 0.053976 9.955067e-01
13.400000 0.862315 10.692712 0.054250 9.954500e-01
13.700000 0.861287 10.938341 0.054509 9.953957e-01
14.000000 0.860293 11.183805 0.054754 9.953437e-01
14.300000 0.859332 11.429114 0.054986 9.952940e-01
14.600000 0.858403 11.674279 0.055205 9.952464e-01
14.900000 0.857504 11.919308 0.055412 9.952008e-01
15.200000 0.856634 12.164209 0.055607 9.951573e-01
15.500000 0.855793 12.408991 0.055793 9.951156e-01
15.800000 0.854977 12.653661 0.055968 9.950756e-01
16.100000 0.854187 12.898226 0.056134 9.950374e-01
16.400000 0.853422 13.142692 0.056291 9.950008e-01
16.700000 0.852679 13.387065 0.056440 9.949658e-01
17.000000 0.851959 13.631351 0.056581 9.949322e-01
17.300000 0.851261 13.875554 0.056714 9.949000e-01
17.600000 0.850583 14.119679 0.056841 9.948692e-01
17.900000 0.849925 14.363732 0.056961 9.948397e-01
18.200000 0.849286 14.607715 0.057075 9.948114e-01
18.500000 0.848665 14.851632 0.057183 9.947843e-01
18.800000 0.848061 15.095489 0.057285 9.947583e-01
19.100000 0.847474 15.339287 0.057382 9.947334e-01
19.400000 0.846904 15.583030 0.057474 9.947094e-01
19.700000 0.846349 15.826720 0.057562 9.946865e-01
20.000000 0.845809 16.070362 0.057645 9.946645e-01
20.300000 0.845283 16.313956 0.057723 9.946434e-01
20.600000 0.844771 16.557506 0.057798 9.946231e-01
20.900000 0.844272 16.801014 0.057869 9.946036e-01
21.200000 0.843786 17.044482 0.057936 9.945849e-01
21.500000 0.843313 17.287912 0.058000 9.945670e-01
21.800000 0.842851 17.531305 0.058061 9.945498e-01
22.100000 0.842401 17.774665 0.058118 9.945332e-01
22.400000 0.841962 18.017991 0.058173 9.945173e-01
22.700000 0.841534 18.261286 0.058225 9.945021e-01
23.000000 0.841116 18.504552 0.058274 9.944874e-01
23.300000 0.840708 18.747789 0.058320 9.944733e-01
23.600000 0.840310 18.990999 0.058364 9.944598e-01
23.900000 0.839921 19.234183 0.058406 9.944467e-01
24.200000 0.839541 19.477343 0.058446 9.944342e-01
24.500000 0.839169 19.720478 0.058484 9.944222e-01
24.800000 0.838806 19.963592 0.058519 9.944106e-01
