1.369607 0.342509 9.326418e-01 0.706795 0.279046 8.474531e-01
1.235286 0.218010 9.652788e-01 0.861327 0.136179 9.719426e-01
1.127027 0.110300 9.890597e-01 0.954462 0.043493 9.976077e-01
1.063549 0.049048 9.975498e-01 0.990372 0.008599 9.999129e-01
1.030021 0.020110 9.995600e-01 0.999269 0.000791 9.999993e-01
1.010828 0.006075 9.999583e-01 0.998540 0.001241 9.999982e-01
0.998131 0.001873 9.999959e-01 0.994204 0.003843 9.999827e-01
0.988642 0.006772 9.999458e-01 0.988094 0.007022 9.999417e-01
0.980974 0.010320 9.998722e-01 0.980845 0.010367 9.998710e-01
0.974486 0.013050 9.997929e-01 0.972760 0.013766 9.997688e-01
0.968843 0.015252 9.997139e-01 0.964031 0.017178 9.996335e-01
0.963847 0.017088 9.996371e-01 0.954803 0.020580 9.994638e-01
0.959370 0.018655 9.995635e-01 0.945189 0.023960 9.992584e-01
0.955321 0.020015 9.994933e-01 0.935278 0.027308 9.990164e-01
0.951633 0.021213 9.994265e-01 0.925144 0.030618 9.987367e-01
0.948255 0.022279 9.993629e-01 0.914848 0.033886 9.984181e-01
0.945145 0.023236 9.993025e-01 0.904439 0.037109 9.980596e-01
0.942272 0.024103 9.992449e-01 0.893957 0.040287 9.976601e-01
0.939608 0.024892 9.991901e-01 0.883438 0.043419 9.972183e-01
0.937129 0.025615 9.991379e-01 0.872907 0.046506 9.967327e-01
0.934816 0.026281 9.990881e-01 0.862388 0.049550 9.962020e-01
0.932653 0.026896 9.990405e-01 0.851898 0.052554 9.956242e-01
0.930624 0.027468 9.989950e-01 0.841451 0.055519 9.949977e-01
0.928716 0.028000 9.989514e-01 0.831059 0.058447 9.943204e-01
0.926920 0.028498 9.989096e-01 0.820731 0.061343 9.935900e-01
0.925224 0.028965 9.988695e-01 0.810473 0.064207 9.928043e-01
0.923620 0.029404 9.988309e-01 0.800292 0.067042 9.919607e-01
0.922101 0.029818 9.987939e-01 0.790191 0.069851 9.910566e-01
0.920659 0.030209 9.987582e-01 0.780175 0.072635 9.900892e-01
0.919290 0.030580 9.987237e-01 0.770245 0.075396 9.890557e-01
0.917986 0.030932 9.986905e-01 0.760404 0.078136 9.879532e-01
0.916744 0.031266 9.986585e-01 0.750654 0.080855 9.867786e-01
0.915559 0.031584 9.986275e-01 0.740997 0.083555 9.855288e-01
0.914427 0.031888 9.985976e-01 0.731433 0.086236 9.842009e-01
0.913344 0.032177 9.985687e-01 0.721965 0.088898 9.827916e-01
0.912309 0.032454 9.985407e-01 0.712592 0.091543 9.812978e-01
0.911316 0.032718 9.985137e-01 0.703317 0.094169 9.797165e-01
0.910365 0.032971 9.984875e-01 0.694140 0.096778 9.780445e-01
0.909453 0.033213 9.984622e-01 0.685062 0.099368 9.762789e-01
0.908577 0.033444 9.984377e-01 0.676084 0.101940 9.744165e-01
0.907735 0.033666 9.984140e-01 0.667207 0.104493 9.724546e-01
0.906927 0.033879 9.983911e-01 0.658432 0.107027 9.703903e-01
0.906149 0.034083 9.983689e-01 0.649760 0.109540 9.682208e-01
0.905400 0.034278 9.983474e-01 0.641190 0.112033 9.659437e-01
0.904680 0.034466 9.983267e-01 0.632725 0.114505 9.635563e-01
0.903986 0.034645 9.983066e-01 0.624363 0.116955 9.610563e-01
0.903317 0.034817 9.982873e-01 0.616107 0.119383 9.584415e-01
0.902673 0.034983 9.982685e-01 0.607956 0.121787 9.557100e-01
0.902051 0.035141 9.982505e-01 0.599910 0.124167 9.528597e-01
0.901452 0.035293 9.982330e-01 0.591971 0.126522 9.498892e-01
0.900874 0.035438 9.982161e-01 0.584137 0.128852 9.467969e-01
0.900316 0.035578 9.981999e-01 0.576409 0.131157 9.435815e-01
0.899777 0.035711 9.981842e-01 0.568788 0.133434 9.402420e-01
0.899257 0.035839 9.981691e-01 0.561272 0.135684 9.367775e-01
0.898755 0.035962 9.981545e-01 0.553862 0.137906 9.331875e-01
0.898270 0.036079 9.981404e-01 0.546558 0.140100 9.294717e-01
0.897800 0.036192 9.981269e-01 0.539359 0.142265 9.256297e-01
0.897347 0.036299 9.981138e-01 0.532265 0.144400 9.216619e-01
0.896909 0.036403 9.981013e-01 0.525275 0.146505 9.175686e-01
0.896485 0.036501 9.980892e-01 0.518389 0.148579 9.133503e-01
0.896075 0.036596 9.980775e-01 0.511607 0.150623 9.090080e-01
0.895679 0.036686 9.980663e-01 0.504927 0.152636 9.045427e-01
0.895295 0.036772 9.980556e-01 0.498349 0.154617 8.999557e-01
0.894924 0.036855 9.980452e-01 0.491872 0.156566 8.952487e-01
0.894565 0.036934 9.980353e-01 0.485495 0.158483 8.904234e-01
0.894217 0.037009 9.980258e-01 0.479218 0.160368 8.854819e-01
0.893880 0.037081 9.980166e-01 0.473039 0.162221 8.804263e-01
0.893554 0.037150 9.980078e-01 0.466958 0.164040 8.752593e-01
0.893238 0.037216 9.979993e-01 0.460973 0.165828 8.699833e-01
0.892932 0.037279 9.979912e-01 0.455084 0.167582 8.646014e-01
0.892636 0.037339 9.979834e-01 0.449289 0.169304 8.591164e-01
0.892349 0.037396 9.979759e-01 0.443587 0.170993 8.535315e-01
0.892070 0.037451 9.979688e-01 0.437978 0.172650 8.478503e-01
0.891801 0.037503 9.979619e-01 0.432460 0.174274 8.420760e-01
0.891539 0.037552 9.979553e-01 0.427032 0.175865 8.362125e-01
0.891285 0.037600 9.979490e-01 0.421692 0.177424 8.302634e-01
0.891039 0.037645 9.979429e-01 0.416440 0.178951 8.242326e-01
0.890801 0.037688 9.979371e-01 0.411275 0.180446 8.181241e-01
0.890569 0.037729 9.979316e-01 0.406194 0.181909 8.119420e-01
0.890345 0.037768 9.979263e-01 0.401198 0.183341 8.056903e-01
0.890127 0.037805 9.979212e-01 0.396284 0.184741 7.993733e-01
0.889915 0.037840 9.979163e-01 0.391451 0.186110 7.929952e-01
0.889710 0.037874 9.979116e-01 0.386699 0.187449 7.865603e-01
0.889511 0.037906 9.979072e-01 0.382026 0.188757 7.800729e-01
0.889317 0.037937 9.979029e-01 0.377430 0.190034 7.735373e-01
0.889129 0.037966 9.978988e-01 0.372911 0.191282 7.669578e-01
0.888947 0.037993 9.978949e-01 0.368467 0.192500 7.603388e-01
0.888769 0.038019 9.978912e-01 0.364097 0.193689 7.536845e-01
