-25.000000 1.622095 -42.174463 0.452235 9.176301e-01
-24.700000 1.621354 -41.668805 0.451939 9.176602e-01
-24.400000 1.620596 -41.163149 0.451635 9.176913e-01
-24.100000 1.619820 -40.657493 0.451323 9.177234e-01
-23.800000 1.619026 -40.151839 0.451002 9.177565e-01
-23.500000 1.618212 -39.646185 0.450673 9.177908e-01
-23.200000 1.617377 -39.140533 0.450335 9.178262e-01
-22.900000 1.616522 -38.634882 0.449987 9.178629e-01
-22.600000 1.615645 -38.129232 0.449630 9.179008e-01
-22.300000 1.614746 -37.623583 0.449263 9.179401e-01
-22.000000 1.613823 -37.117936 0.448885 9.179808e-01
-21.700000 1.612876 -36.612289 0.448495 9.180230e-01
-21.400000 1.611904 -36.106644 0.448095 9.180667e-01
-21.100000 1.610905 -35.600999 0.447682 9.181122e-01
-20.800000 1.609879 -35.095356 0.447256 9.181593e-01
-20.500000 1.608824 -34.589713 0.446818 9.182083e-01
-20.200000 1.607739 -34.084072 0.446365 9.182592e-01
-19.900000 1.606624 -33.578432 0.445898 9.183122e-01
-19.600000 1.605475 -33.072792 0.445415 9.183673e-01
-19.300000 1.604293 -32.567154 0.444917 9.184247e-01
-19.000000 1.603076 -32.061516 0.444402 9.184845e-01
-18.700000 1.601821 -31.555880 0.443869 9.185469e-01
-18.400000 1.600528 -31.050244 0.443318 9.186121e-01
-18.100000 1.599194 -30.544610 0.442747 9.186801e-01
-17.800000 1.597818 -30.038977 0.442155 9.187512e-01
-17.500000 1.596397 -29.533344 0.441542 9.188256e-01
-17.200000 1.594929 -29.027713 0.440905 9.189035e-01
-16.900000 1.593412 -28.522084 0.440245 9.189851e-01
-16.600000 1.591844 -28.016455 0.439558 9.190708e-01
-16.300000 1.590221 -27.510829 0.438845 9.191607e-01
-16.000000 1.588541 -27.005204 0.438102 9.192551e-01
-15.700000 1.586801 -26.499581 0.437329 9.193545e-01
-15.400000 1.584998 -25.993961 0.436524 9.194592e-01
-15.100000 1.583127 -25.488343 0.435684 9.195695e-01
-14.800000 1.581185 -24.982729 0.434807 9.196860e-01
-14.500000 1.579169 -24.477119 0.433891 9.198090e-01
-14.200000 1.577073 -23.971513 0.432932 9.199392e-01
-13.900000 1.574893 -23.465912 0.431929 9.200771e-01
-13.600000 1.572625 -22.960318 0.430878 9.202233e-01
-13.300000 1.570261 -22.454731 0.429775 9.203786e-01
-13.000000 1.567797 -21.949153 0.428617 9.205439e-01
-12.700000 1.565225 -21.443584 0.427399 9.207198e-01
-12.400000 1.562539 -20.938028 0.426116 9.209076e-01
-12.100000 1.559732 -20.432485 0.424765 9.211082e-01
-11.800000 1.556794 -19.926959 0.423338 9.213229e-01
-11.500000 1.553716 -19.421452 0.421830 9.215531e-01
-11.200000 1.550489 -18.915967 0.420233 9.218003e-01
-10.900000 1.547102 -18.410508 0.418541 9.220664e-01
-10.600000 1.543541 -17.905079 0.416744 9.223532e-01
-10.300000 1.539795 -17.399686 0.414832 9.226631e-01
-10.000000 1.535848 -16.894333 0.412795 9.229986e-01
-9.700000 1.531685 -16.389027 0.410621 9.233626e-01
-9.400000 1.527286 -15.883776 0.408296 9.237584e-01
-9.100000 1.522632 -15.378588 0.405804 9.241898e-01
-8.800000 1.517701 -14.873473 0.403127 9.246611e-01
-8.500000 1.512468 -14.368442 0.400246 9.251775e-01
-8.200000 1.506903 -13.863508 0.397138 9.257446e-01
-7.900000 1.500976 -13.358685 0.393776 9.263693e-01
-7.600000 1.494650 -12.853991 0.390130 9.270592e-01
-7.300000 1.487885 -12.349444 0.386164 9.278235e-01
-7.000000 1.480633 -11.845066 0.381840 9.286728e-01
-6.700000 1.472842 -11.340883 0.377109 9.296196e-01
-6.400000 1.464449 -10.836922 0.371917 9.306784e-01
-6.100000 1.455382 -10.333216 0.366200 9.318667e-01
-5.800000 1.445559 -9.829802 0.359880 9.332047e-01
-5.500000 1.434880 -9.326722 0.352870 9.347167e-01
-5.200000 1.423230 -8.824027 0.345062 9.364313e-01
-4.900000 1.410470 -8.321773 0.336329 9.383825e-01
-4.600000 1.396434 -7.820029 0.326518 9.406107e-01
-4.300000 1.380921 -7.318879 0.315447 9.431634e-01
-4.000000 1.363686 -6.818431 0.302895 9.460966e-01
-3.700000 1.344433 -6.318834 0.288596 9.494745e-01
-3.400000 1.322797 -5.820305 0.272230 9.533695e-01
-3.100000 1.298341 -5.323200 0.253418 9.578574e-01
-2.800000 1.270566 -4.828150 0.231725 9.630080e-01
-2.500000 1.238960 -4.336361 0.206690 9.688605e-01
-2.200000 1.203190 -3.850209 0.177897 9.753755e-01
-1.900000 1.163536 -3.374254 0.145164 9.823418e-01
-1.600000 1.121665 -2.916329 0.109058 9.892006e-01
-1.300000 1.081428 -2.487285 0.072322 9.948615e-01
-1.000000 1.048306 -2.096613 0.040978 9.982385e-01
-0.700000 1.025518 -1.743381 0.019916 9.995646e-01
-0.400000 1.011279 -1.415791 0.007923 9.999291e-01
-0.100000 1.002064 -1.102271 0.001201 9.999983e-01
0.200000 0.995468 -0.796374 0.003011 9.999894e-01
0.500000 0.990277 -0.495139 0.005873 9.999594e-01
0.800000 0.985902 -0.197180 0.008023 9.999235e-01
1.100000 16.409805 1.640980 2.028054 9.826666e-01
1.400000 0.978803 0.391521 0.011264 9.998471e-01
1.700000 0.975718 0.683002 0.012514 9.998101e-01
2.000000 0.972892 0.972892 0.013615 9.997739e-01
2.300000 0.970279 1.261362 0.014598 9.997387e-01
2.600000 0.967848 1.548556 0.015486 9.997044e-01
2.900000 0.965574 1.834591 0.016294 9.996712e-01
3.200000 0.963440 2.119567 0.017036 9.996390e-01
3.500000 0.961428 2.403571 0.017721 9.996078e-01
3.800000 0.959528 2.686678 0.018357 9.995775e-01
4.100000 0.957727 2.968955 0.018950 9.995481e-01
4.400000 0.956018 3.250461 0.019505 9.995195e-01
4.700000 0.954392 3.531249 0.020026 9.994918e-01
5.000000 0.952841 3.811366 0.020517 9.994648e-01
5.300000 0.951361 4.090854 0.020981 9.994386e-01
5.600000 0.949946 4.369752 0.021421 9.994131e-01
5.900000 0.948591 4.648095 0.021838 9.993883e-01
6.200000 0.947291 4.925914 0.022234 9.993642e-01
6.500000 0.946043 5.203238 0.022612 9.993407e-01
6.800000 0.944844 5.480095 0.022973 9.993177e-01
7.100000 0.943690 5.756507 0.023318 9.992954e-01
7.400000 0.942578 6.032497 0.023649 9.992736e-01
7.700000 0.941506 6.308087 0.023965 9.992523e-01
8.000000 0.940471 6.583295 0.024270 9.992315e-01
8.300000 0.939471 6.858139 0.024562 9.992112e-01
8.600000 0.938505 7.132635 0.024844 9.991914e-01
8.900000 0.937570 7.406800 0.025115 9.991720e-01
9.200000 0.936664 7.680647 0.025377 9.991530e-01
9.500000 0.935787 7.954189 0.025629 9.991345e-01
9.800000 0.934936 8.227441 0.025874 9.991163e-01
10.100000 0.934111 8.500412 0.026110 9.990986e-01
10.400000 0.933310 8.773116 0.026338 9.990812e-01
10.700000 0.932532 9.045562 0.026559 9.990641e-01
11.000000 0.931776 9.317761 0.026773 9.990474e-01
11.300000 0.931041 9.589721 0.026981 9.990311e-01
11.600000 0.930326 9.861453 0.027182 9.990151e-01
11.900000 0.929630 10.132964 0.027378 9.989994e-01
12.200000 0.928952 10.404263 0.027568 9.989840e-01
12.500000 0.928292 10.675358 0.027752 9.989689e-01
12.800000 0.927649 10.946256 0.027931 9.989541e-01
13.100000 0.927022 11.216964 0.028106 9.989396e-01
13.400000 0.926410 11.487489 0.028275 9.989254e-01
13.700000 0.925814 11.757838 0.028440 9.989114e-01
14.000000 0.925232 12.028016 0.028600 9.988977e-01
14.300000 0.924664 12.298029 0.028756 9.988843e-01
14.600000 0.924109 12.567884 0.028908 9.988712e-01
14.900000 0.923567 12.837585 0.029056 9.988582e-01
15.200000 0.923038 13.107138 0.029201 9.988456e-01
15.500000 0.922521 13.376549 0.029341 9.988331e-01
15.800000 0.922015 13.645820 0.029478 9.988209e-01
16.100000 0.921520 13.914958 0.029612 9.988089e-01
16.400000 0.921037 14.183967 0.029742 9.987972e-01
16.700000 0.920564 14.452851 0.029869 9.987857e-01
17.000000 0.920101 14.721614 0.029993 9.987743e-01
17.300000 0.919648 14.990259 0.030114 9.987632e-01
17.600000 0.919204 15.258792 0.030232 9.987523e-01
17.900000 0.918770 15.527215 0.030348 9.987416e-01
18.200000 0.918345 15.795532 0.030460 9.987311e-01
18.500000 0.917928 16.063746 0.030570 9.987208e-01
18.800000 0.917520 16.331861 0.030677 9.987107e-01
19.100000 0.917120 16.599880 0.030782 9.987007e-01
19.400000 0.916729 16.867805 0.030885 9.986909e-01
19.700000 0.916344 17.135640 0.030985 9.986814e-01
20.000000 0.915968 17.403388 0.031082 9.986719e-01
20.300000 0.915598 17.671051 0.031178 9.986627e-01
20.600000 0.915236 17.938631 0.031272 9.986536e-01
20.900000 0.914881 18.206132 0.031363 9.986447e-01
21.200000 0.914532 18.473555 0.031452 9.986359e-01
21.500000 0.914190 18.740904 0.031540 9.986273e-01
21.800000 0.913855 19.008179 0.031625 9.986189e-01
22.100000 0.913525 19.275385 0.031709 9.986106e-01
22.400000 0.913202 19.542522 0.031791 9.986024e-01
22.700000 0.912884 19.809592 0.031871 9.985944e-01
23.000000 0.912573 20.076598 0.031949 9.985865e-01
23.300000 0.912266 20.343542 0.032026 9.985788e-01
23.600000 0.911966 20.610425 0.032101 9.985712e-01
23.900000 0.911670 20.877249 0.032175 9.985637e-01
24.200000 0.911380 21.144016 0.032247 9.985563e-01
24.500000 0.911095 21.410727 0.032317 9.985491e-01
24.800000 0.910814 21.677384 0.032386 9.985420e-01
