1.612225 0.429082 9.243853e-01 0.645548 0.266671 8.353737e-01
1.483273 0.334594 9.444966e-01 0.793263 0.158729 9.558049e-01
1.346774 0.227658 9.680553e-01 0.909520 0.066923 9.937865e-01
1.231122 0.142097 9.848484e-01 0.973832 0.018403 9.995877e-01
1.140809 0.083303 9.938800e-01 0.996923 0.003261 9.999876e-01
1.064992 0.038123 9.985224e-01 0.993360 0.005123 9.999693e-01
0.995610 0.003287 9.999874e-01 0.969197 0.019265 9.995439e-01
0.931702 0.042144 9.976427e-01 0.927824 0.044545 9.973451e-01
0.876382 0.076360 9.913088e-01 0.875529 0.076886 9.911728e-01
0.832362 0.102902 9.826560e-01 0.820800 0.109854 9.797329e-01
0.799692 0.121337 9.741017e-01 0.770426 0.138244 9.641490e-01
0.776394 0.133184 9.671336e-01 0.727527 0.160044 9.470715e-01
0.759955 0.140461 9.620461e-01 0.692324 0.175649 9.308077e-01
0.748226 0.144836 9.585222e-01 0.663684 0.186392 9.165171e-01
0.739650 0.147449 9.561199e-01 0.640165 0.193641 9.044326e-01
0.733184 0.149008 9.544717e-01 0.620486 0.198475 8.943256e-01
0.728150 0.149936 9.533200e-01 0.603652 0.201662 8.858305e-01
0.724113 0.150478 9.524968e-01 0.588936 0.203713 8.786004e-01
0.720790 0.150780 9.518957e-01 0.575825 0.204963 8.723590e-01
0.717996 0.150925 9.514501e-01 0.563962 0.205629 8.669045e-01
0.715606 0.150963 9.511175e-01 0.553098 0.205849 8.620971e-01
0.713534 0.150926 9.508703e-01 0.543058 0.205715 8.578425e-01
0.711720 0.150833 9.506899e-01 0.533720 0.205288 8.540773e-01
0.710118 0.150696 9.505632e-01 0.524993 0.204613 8.507578e-01
0.708694 0.150526 9.504806e-01 0.516808 0.203723 8.478516e-01
0.707421 0.150330 9.504345e-01 0.509113 0.202646 8.453323e-01
0.706279 0.150112 9.504189e-01 0.501864 0.201406 8.431757e-01
0.705250 0.149877 9.504289e-01 0.495024 0.200025 8.413574e-01
0.704319 0.149630 9.504601e-01 0.488558 0.198524 8.398525e-01
0.703475 0.149373 9.505090e-01 0.482438 0.196924 8.386344e-01
0.702706 0.149109 9.505723e-01 0.476635 0.195244 8.376756e-01
0.702004 0.148841 9.506473e-01 0.471123 0.193503 8.369474e-01
0.701360 0.148571 9.507315e-01 0.465878 0.191717 8.364213e-01
0.700768 0.148301 9.508229e-01 0.460876 0.189903 8.360688e-01
0.700221 0.148032 9.509198e-01 0.456096 0.188075 8.358623e-01
0.699715 0.147765 9.510205e-01 0.451516 0.186245 8.357755e-01
0.699245 0.147502 9.511238e-01 0.447119 0.184426 8.357839e-01
0.698806 0.147243 9.512286e-01 0.442886 0.182626 8.358650e-01
0.698396 0.146989 9.513339e-01 0.438800 0.180853 8.359985e-01
0.698010 0.146741 9.514389e-01 0.434847 0.179114 8.361663e-01
0.697646 0.146500 9.515431e-01 0.431011 0.177413 8.363528e-01
0.697302 0.146264 9.516458e-01 0.427282 0.175755 8.365447e-01
0.696976 0.146035 9.517468e-01 0.423646 0.174141 8.367307e-01
0.696666 0.145813 9.518455e-01 0.420094 0.172573 8.369018e-01
0.696370 0.145598 9.519418e-01 0.416616 0.171050 8.370507e-01
0.696087 0.145390 9.520355e-01 0.413203 0.169574 8.371719e-01
0.695815 0.145189 9.521263e-01 0.409848 0.168142 8.372615e-01
0.695554 0.144994 9.522144e-01 0.406544 0.166752 8.373167e-01
0.695302 0.144806 9.522994e-01 0.403286 0.165404 8.373359e-01
0.695059 0.144624 9.523815e-01 0.400067 0.164095 8.373185e-01
0.694824 0.144449 9.524607e-01 0.396884 0.162821 8.372645e-01
0.694597 0.144281 9.525368e-01 0.393732 0.161581 8.371746e-01
0.694376 0.144118 9.526101e-01 0.390608 0.160373 8.370500e-01
0.694162 0.143961 9.526804e-01 0.387509 0.159192 8.368922e-01
0.693953 0.143810 9.527480e-01 0.384433 0.158038 8.367028e-01
0.693750 0.143664 9.528127e-01 0.381377 0.156908 8.364837e-01
0.693552 0.143524 9.528748e-01 0.378340 0.155799 8.362368e-01
0.693359 0.143389 9.529343e-01 0.375321 0.154709 8.359642e-01
0.693171 0.143259 9.529912e-01 0.372317 0.153637 8.356677e-01
0.692987 0.143134 9.530458e-01 0.369329 0.152581 8.353490e-01
0.692807 0.143014 9.530979e-01 0.366356 0.151539 8.350101e-01
0.692632 0.142898 9.531477e-01 0.363397 0.150510 8.346523e-01
0.692460 0.142786 9.531954e-01 0.360451 0.149493 8.342772e-01
0.692292 0.142678 9.532410e-01 0.357519 0.148486 8.338862e-01
0.692127 0.142575 9.532845e-01 0.354601 0.147490 8.334802e-01
0.691967 0.142475 9.533261e-01 0.351696 0.146503 8.330603e-01
0.691809 0.142379 9.533658e-01 0.348805 0.145525 8.326274e-01
0.691655 0.142287 9.534037e-01 0.345928 0.144555 8.321822e-01
0.691504 0.142198 9.534399e-01 0.343065 0.143593 8.317252e-01
0.691356 0.142112 9.534744e-01 0.340216 0.142639 8.312568e-01
0.691211 0.142029 9.535074e-01 0.337382 0.141692 8.307775e-01
0.691069 0.141950 9.535388e-01 0.334564 0.140754 8.302873e-01
0.690930 0.141873 9.535688e-01 0.331760 0.139822 8.297863e-01
0.690793 0.141799 9.535975e-01 0.328973 0.138899 8.292747e-01
0.690660 0.141728 9.536248e-01 0.326203 0.137983 8.287524e-01
0.690529 0.141660 9.536508e-01 0.323449 0.137075 8.282191e-01
0.690401 0.141593 9.536757e-01 0.320712 0.136175 8.276748e-01
0.690275 0.141530 9.536994e-01 0.317993 0.135283 8.271191e-01
0.690152 0.141468 9.537220e-01 0.315292 0.134400 8.265518e-01
0.690032 0.141409 9.537435e-01 0.312610 0.133526 8.259726e-01
0.689913 0.141352 9.537640e-01 0.309946 0.132661 8.253810e-01
0.689798 0.141297 9.537836e-01 0.307302 0.131805 8.247769e-01
0.689684 0.141244 9.538023e-01 0.304678 0.130958 8.241596e-01
0.689573 0.141193 9.538200e-01 0.302073 0.130121 8.235290e-01
0.689464 0.141143 9.538370e-01 0.299489 0.129294 8.228844e-01
0.689358 0.141095 9.538531e-01 0.296925 0.128477 8.222256e-01
0.689253 0.141049 9.538685e-01 0.294382 0.127670 8.215522e-01
0.689151 0.141005 9.538832e-01 0.291861 0.126873 8.208636e-01
