-25.000000 2.798882 -72.770933 0.889842 8.954718e-01
-24.700000 2.797575 -71.897682 0.889427 8.954718e-01
-24.400000 2.796237 -71.024431 0.889002 8.954718e-01
-24.100000 2.794868 -70.151179 0.888566 8.954718e-01
-23.800000 2.793465 -69.277928 0.888120 8.954718e-01
-23.500000 2.792028 -68.404677 0.887663 8.954718e-01
-23.200000 2.790555 -67.531426 0.887195 8.954718e-01
-22.900000 2.789045 -66.658175 0.886715 8.954718e-01
-22.600000 2.787497 -65.784923 0.886223 8.954718e-01
-22.300000 2.785909 -64.911672 0.885718 8.954718e-01
-22.000000 2.784279 -64.038421 0.885200 8.954718e-01
-21.700000 2.782607 -63.165170 0.884668 8.954718e-01
-21.400000 2.780889 -62.291919 0.884122 8.954718e-01
-21.100000 2.779125 -61.418667 0.883561 8.954718e-01
-20.800000 2.777313 -60.545416 0.882985 8.954718e-01
-20.500000 2.775450 -59.672165 0.882393 8.954718e-01
-20.200000 2.773534 -58.798914 0.881783 8.954718e-01
-19.900000 2.771563 -57.925663 0.881157 8.954718e-01
-19.600000 2.769535 -57.052411 0.880512 8.954718e-01
-19.300000 2.767446 -56.179160 0.879848 8.954718e-01
-19.000000 2.765295 -55.305909 0.879164 8.954718e-01
-18.700000 2.763079 -54.432658 0.878460 8.954718e-01
-18.400000 2.760794 -53.559407 0.877733 8.954718e-01
-18.100000 2.758437 -52.686155 0.876984 8.954718e-01
-17.800000 2.756006 -51.812904 0.876211 8.954718e-01
-17.500000 2.753495 -50.939653 0.875413 8.954718e-01
-17.200000 2.750901 -50.066402 0.874588 8.954718e-01
-16.900000 2.748221 -49.193151 0.873736 8.954718e-01
-16.600000 2.745449 -48.319899 0.872854 8.954718e-01
-16.300000 2.742581 -47.446648 0.871943 8.954718e-01
-16.000000 2.739612 -46.573397 0.870999 8.954718e-01
-15.700000 2.736536 -45.700146 0.870021 8.954718e-01
-15.400000 2.733347 -44.826894 0.869007 8.954718e-01
-15.100000 2.730040 -43.953643 0.867956 8.954718e-01
-14.800000 2.726607 -43.080392 0.866864 8.954718e-01
-14.500000 2.723041 -42.207141 0.865730 8.954718e-01
-14.200000 2.719335 -41.333889 0.864552 8.954718e-01
-13.900000 2.715479 -40.460638 0.863326 8.954719e-01
-13.600000 2.711465 -39.587387 0.862050 8.954719e-01
-13.300000 2.707282 -38.714135 0.860720 8.954719e-01
-13.000000 2.702920 -37.840884 0.859333 8.954719e-01
-12.700000 2.698367 -36.967633 0.857885 8.954719e-01
-12.400000 2.693611 -36.094382 0.856373 8.954720e-01
-12.100000 2.688636 -35.221130 0.854791 8.954720e-01
-11.800000 2.683428 -34.347879 0.853135 8.954721e-01
-11.500000 2.677970 -33.474628 0.851399 8.954722e-01
-11.200000 2.672244 -32.601377 0.849578 8.954723e-01
-10.900000 2.666229 -31.728126 0.847665 8.954725e-01
-10.600000 2.659903 -30.854876 0.845653 8.954727e-01
-10.300000 2.653241 -29.981626 0.843534 8.954730e-01
-10.000000 2.646216 -29.108377 0.841298 8.954734e-01
-9.700000 2.638797 -28.235129 0.838937 8.954739e-01
-9.400000 2.630950 -27.361883 0.836440 8.954746e-01
-9.100000 2.622638 -26.488639 0.833793 8.954756e-01
-8.800000 2.613816 -25.615399 0.830983 8.954768e-01
-8.500000 2.604438 -24.742163 0.827994 8.954785e-01
-8.200000 2.594449 -23.868934 0.824808 8.954807e-01
-7.900000 2.583788 -22.995714 0.821406 8.954837e-01
-7.600000 2.572385 -22.122507 0.817763 8.954878e-01
-7.300000 2.560159 -21.249318 0.813852 8.954933e-01
-7.000000 2.547019 -20.376153 0.809643 8.955008e-01
-6.700000 2.532860 -19.503023 0.805098 8.955109e-01
-6.400000 2.517559 -18.629939 0.800176 8.955247e-01
-6.100000 2.500974 -17.756919 0.794824 8.955436e-01
-5.800000 2.482939 -16.883988 0.788984 8.955695e-01
-5.500000 2.463258 -16.011178 0.782581 8.956050e-01
-5.200000 2.441699 -15.138534 0.775528 8.956541e-01
-4.900000 2.417986 -14.266117 0.767717 8.957221e-01
-4.600000 2.391787 -13.394010 0.759014 8.958167e-01
-4.300000 2.362703 -12.522324 0.749254 8.959488e-01
-4.000000 2.330242 -11.651208 0.738225 8.961340e-01
-3.700000 2.293800 -10.780860 0.725661 8.963950e-01
-3.400000 2.252622 -9.911538 0.711216 8.967644e-01
-3.100000 2.205749 -9.043570 0.694439 8.972899e-01
-2.800000 2.151940 -8.177371 0.674731 8.980417e-01
-2.500000 2.089553 -7.313436 0.651289 8.991246e-01
-2.200000 2.016355 -6.452336 0.623009 9.006980e-01
-1.900000 1.929203 -5.594689 0.588332 9.030143e-01
-1.600000 1.823505 -4.741112 0.544961 9.065005e-01
-1.300000 1.692319 -3.892334 0.489239 9.119789e-01
-1.000000 1.525459 -3.050917 0.414411 9.214648e-01
-0.700000 1.315267 -2.235954 0.304833 9.415906e-01
-0.400000 1.103598 -1.545037 0.140289 9.816801e-01
-0.100000 0.999326 -1.099258 0.022961 9.993907e-01
0.200000 0.974908 -0.779927 0.003867 9.999818e-01
0.500000 0.967204 -0.483602 0.006543 9.999472e-01
0.800000 0.962648 -0.192530 0.007214 9.999351e-01
1.100000 15.834801 1.583480 2.149416 9.791649e-01
1.400000 0.956113 0.382445 0.006252 9.999506e-01
1.700000 0.953395 0.667377 0.005616 9.999599e-01
2.000000 0.950860 0.950860 0.005168 9.999659e-01
2.300000 0.948443 1.232975 0.005002 9.999679e-01
2.600000 0.946106 1.513769 0.005133 9.999660e-01
2.900000 0.943826 1.793269 0.005522 9.999605e-01
3.200000 0.941587 2.071492 0.006101 9.999515e-01
3.500000 0.939381 2.348452 0.006812 9.999393e-01
3.800000 0.937200 2.624161 0.007613 9.999238e-01
4.100000 0.935040 2.898625 0.008476 9.999051e-01
4.400000 0.932898 3.171854 0.009385 9.998831e-01
4.700000 0.930772 3.443856 0.010329 9.998578e-01
5.000000 0.928660 3.714642 0.011302 9.998290e-01
5.300000 0.926563 3.984223 0.012298 9.997966e-01
5.600000 0.924481 4.252613 0.013314 9.997605e-01
5.900000 0.922414 4.519830 0.014345 9.997208e-01
6.200000 0.920365 4.785897 0.015388 9.996773e-01
6.500000 0.918334 5.050839 0.016439 9.996301e-01
6.800000 0.916325 5.314687 0.017494 9.995793e-01
7.100000 0.914340 5.577474 0.018548 9.995250e-01
7.400000 0.912381 5.839240 0.019597 9.994675e-01
7.700000 0.910451 6.100025 0.020637 9.994070e-01
8.000000 0.908553 6.359874 0.021663 9.993439e-01
8.300000 0.906689 6.618833 0.022673 9.992784e-01
8.600000 0.904862 6.876950 0.023662 9.992109e-01
8.900000 0.903072 7.134273 0.024628 9.991418e-01
9.200000 0.901323 7.390848 0.025568 9.990715e-01
9.500000 0.899615 7.646724 0.026480 9.990004e-01
9.800000 0.897948 7.901945 0.027363 9.989288e-01
10.100000 0.896325 8.156556 0.028214 9.988570e-01
10.400000 0.894744 8.410598 0.029035 9.987854e-01
10.700000 0.893207 8.664110 0.029823 9.987142e-01
11.000000 0.891713 8.917130 0.030580 9.986437e-01
11.300000 0.890261 9.169693 0.031305 9.985741e-01
11.600000 0.888852 9.421832 0.031998 9.985056e-01
11.900000 0.887484 9.673576 0.032662 9.984383e-01
12.200000 0.886157 9.924954 0.033295 9.983723e-01
12.500000 0.884869 10.175992 0.033900 9.983079e-01
12.800000 0.883620 10.426715 0.034477 9.982449e-01
13.100000 0.882409 10.677143 0.035028 9.981836e-01
13.400000 0.881234 10.927298 0.035553 9.981238e-01
13.700000 0.880094 11.177199 0.036053 9.980657e-01
14.000000 0.878990 11.426864 0.036531 9.980093e-01
14.300000 0.877918 11.676307 0.036986 9.979545e-01
14.600000 0.876878 11.925546 0.037420 9.979014e-01
14.900000 0.875870 12.174593 0.037834 9.978498e-01
15.200000 0.874892 12.423461 0.038229 9.977999e-01
15.500000 0.873942 12.672163 0.038606 9.977515e-01
15.800000 0.873021 12.920708 0.038966 9.977046e-01
16.100000 0.872126 13.169108 0.039310 9.976592e-01
16.400000 0.871258 13.417372 0.039639 9.976152e-01
16.700000 0.870415 13.665509 0.039954 9.975727e-01
17.000000 0.869595 13.913527 0.040254 9.975314e-01
17.300000 0.868800 14.161433 0.040542 9.974915e-01
17.600000 0.868026 14.409235 0.040818 9.974529e-01
17.900000 0.867275 14.656939 0.041082 9.974154e-01
18.200000 0.866544 14.904552 0.041335 9.973791e-01
18.500000 0.865833 15.152079 0.041578 9.973440e-01
18.800000 0.865142 15.399526 0.041811 9.973099e-01
19.100000 0.864469 15.646897 0.042035 9.972769e-01
19.400000 0.863815 15.894198 0.042250 9.972449e-01
19.700000 0.863178 16.141432 0.042456 9.972139e-01
20.000000 0.862558 16.388604 0.042655 9.971838e-01
20.300000 0.861954 16.635718 0.042846 9.971546e-01
20.600000 0.861366 16.882777 0.043031 9.971262e-01
20.900000 0.860793 17.129785 0.043208 9.970987e-01
21.200000 0.860235 17.376745 0.043379 9.970720e-01
21.500000 0.859691 17.623659 0.043543 9.970461e-01
21.800000 0.859160 17.870531 0.043702 9.970209e-01
22.100000 0.858643 18.117362 0.043856 9.969964e-01
22.400000 0.858138 18.364157 0.044004 9.969726e-01
22.700000 0.857646 18.610916 0.044147 9.969494e-01
23.000000 0.857166 18.857642 0.044285 9.969269e-01
23.300000 0.856697 19.104336 0.044419 9.969050e-01
23.600000 0.856239 19.351002 0.044548 9.968837e-01
23.900000 0.855792 19.597640 0.044673 9.968630e-01
24.200000 0.855356 19.844252 0.044794 9.968428e-01
24.500000 0.854929 20.090841 0.044912 9.968231e-01
24.800000 0.854513 20.337406 0.045025 9.968040e-01
