-25.000000 1.623713 -42.216548 0.517297 8.950824e-01
-24.700000 1.622982 -41.710630 0.516993 8.951082e-01
-24.400000 1.622233 -41.204718 0.516681 8.951348e-01
-24.100000 1.621467 -40.698814 0.516361 8.951624e-01
-23.800000 1.620682 -40.192918 0.516033 8.951909e-01
-23.500000 1.619879 -39.687029 0.515696 8.952204e-01
-23.200000 1.619056 -39.181148 0.515350 8.952509e-01
-22.900000 1.618212 -38.675275 0.514995 8.952825e-01
-22.600000 1.617348 -38.169411 0.514630 8.953153e-01
-22.300000 1.616462 -37.663555 0.514254 8.953493e-01
-22.000000 1.615553 -37.157708 0.513868 8.953846e-01
-21.700000 1.614620 -36.651870 0.513471 8.954211e-01
-21.400000 1.613663 -36.146042 0.513063 8.954591e-01
-21.100000 1.612680 -35.640224 0.512643 8.954985e-01
-20.800000 1.611670 -35.134416 0.512210 8.955395e-01
-20.500000 1.610633 -34.628618 0.511764 8.955820e-01
-20.200000 1.609567 -34.122831 0.511304 8.956263e-01
-19.900000 1.608472 -33.617055 0.510830 8.956724e-01
-19.600000 1.607344 -33.111291 0.510341 8.957204e-01
-19.300000 1.606184 -32.605539 0.509836 8.957704e-01
-19.000000 1.604990 -32.099800 0.509314 8.958225e-01
-18.700000 1.603760 -31.594074 0.508776 8.958769e-01
-18.400000 1.602493 -31.088361 0.508219 8.959337e-01
-18.100000 1.601187 -30.582663 0.507643 8.959929e-01
-17.800000 1.599839 -30.076980 0.507048 8.960549e-01
-17.500000 1.598449 -29.571313 0.506431 8.961197e-01
-17.200000 1.597014 -29.065662 0.505792 8.961876e-01
-16.900000 1.595532 -28.560028 0.505129 8.962587e-01
-16.600000 1.594001 -28.054413 0.504442 8.963332e-01
-16.300000 1.592417 -27.548817 0.503729 8.964115e-01
-16.000000 1.590779 -27.043242 0.502988 8.964937e-01
-15.700000 1.589083 -26.537688 0.502218 8.965801e-01
-15.400000 1.587327 -26.032157 0.501416 8.966710e-01
-15.100000 1.585506 -25.526650 0.500582 8.967668e-01
-14.800000 1.583618 -25.021170 0.499713 8.968679e-01
-14.500000 1.581659 -24.515717 0.498807 8.969746e-01
-14.200000 1.579625 -24.010295 0.497862 8.970874e-01
-13.900000 1.577510 -23.504904 0.496874 8.972067e-01
-13.600000 1.575312 -22.999548 0.495841 8.973333e-01
-13.300000 1.573023 -22.494229 0.494759 8.974676e-01
-13.000000 1.570639 -21.988951 0.493627 8.976103e-01
-12.700000 1.568154 -21.483717 0.492438 8.977622e-01
-12.400000 1.565562 -20.978530 0.491190 8.979242e-01
-12.100000 1.562855 -20.473396 0.489878 8.980971e-01
-11.800000 1.560025 -19.968319 0.488496 8.982822e-01
-11.500000 1.557064 -19.463305 0.487040 8.984806e-01
-11.200000 1.553964 -18.958360 0.485502 8.986936e-01
-10.900000 1.550714 -18.453492 0.483877 8.989229e-01
-10.600000 1.547302 -17.948709 0.482155 8.991702e-01
-10.300000 1.543719 -17.444020 0.480328 8.994376e-01
-10.000000 1.539949 -16.939436 0.478387 8.997275e-01
-9.700000 1.535979 -16.434971 0.476320 9.000424e-01
-9.400000 1.531792 -15.930638 0.474115 9.003857e-01
-9.100000 1.527372 -15.426453 0.471758 9.007609e-01
-8.800000 1.522698 -14.922436 0.469231 9.011723e-01
-8.500000 1.517748 -14.418609 0.466517 9.016249e-01
-8.200000 1.512500 -13.914997 0.463593 9.021245e-01
-7.900000 1.506925 -13.411630 0.460435 9.026781e-01
-7.600000 1.500993 -12.908540 0.457014 9.032938e-01
-7.300000 1.494671 -12.405768 0.453295 9.039815e-01
-7.000000 1.487920 -11.903357 0.449240 9.047528e-01
-6.700000 1.480696 -11.401360 0.444801 9.056218e-01
-6.400000 1.472951 -10.899836 0.439924 9.066054e-01
-6.100000 1.464627 -10.398852 0.434542 9.077241e-01
-5.800000 1.455660 -9.898486 0.428578 9.090026e-01
-5.500000 1.445973 -9.398826 0.421936 9.104712e-01
-5.200000 1.435479 -8.899969 0.414502 9.121668e-01
-4.900000 1.424072 -8.402026 0.406138 9.141346e-01
-4.600000 1.411629 -7.905121 0.396674 9.164301e-01
-4.300000 1.397998 -7.409391 0.385901 9.191212e-01
-4.000000 1.382997 -6.914986 0.373559 9.222915e-01
-3.700000 1.366399 -6.422076 0.359326 9.260433e-01
-3.400000 1.347920 -5.930850 0.342794 9.305009e-01
-3.100000 1.327203 -5.441533 0.323448 9.358129e-01
-2.800000 1.303791 -4.954405 0.300633 9.421502e-01
-2.500000 1.277104 -4.469866 0.273521 9.496923e-01
-2.200000 1.246434 -3.988590 0.241104 9.585787e-01
-1.900000 1.211024 -3.511970 0.202331 9.687705e-01
-1.600000 1.170526 -3.043366 0.156786 9.797013e-01
-1.300000 1.126495 -2.590938 0.106917 9.897041e-01
-1.000000 1.084577 -2.169154 0.061266 9.963285e-01
-0.700000 1.051303 -1.787215 0.029675 9.990807e-01
-0.400000 1.026211 -1.436695 0.011635 9.998516e-01
-0.100000 1.004533 -1.104986 0.000853 9.999992e-01
0.200000 0.982514 -0.786011 0.008743 9.999086e-01
0.500000 0.957618 -0.478809 0.018359 9.995757e-01
0.800000 0.927557 -0.185511 0.030180 9.987789e-01
1.100000 14.403661 1.440366 1.078821 9.935632e-01
1.400000 0.846879 0.338752 0.065622 9.931139e-01
1.700000 0.797063 0.557944 0.087526 9.862657e-01
2.000000 0.746663 0.746663 0.108488 9.761999e-01
2.300000 0.700368 0.910478 0.125661 9.641557e-01
2.600000 0.660628 1.057004 0.138131 9.519378e-01
2.900000 0.627735 1.192696 0.146450 9.408610e-01
3.200000 0.600892 1.321962 0.151647 9.314867e-01
3.500000 0.579011 1.447527 0.154678 9.238601e-01
3.800000 0.561073 1.571006 0.156265 9.177856e-01
4.100000 0.546239 1.693341 0.156911 9.129967e-01
4.400000 0.533847 1.815079 0.156955 9.092349e-01
4.700000 0.523387 1.936534 0.156621 9.062786e-01
5.000000 0.514471 2.057883 0.156056 9.039483e-01
5.300000 0.506797 2.179228 0.155356 9.021029e-01
5.600000 0.500135 2.300622 0.154586 9.006335e-01
5.900000 0.494304 2.422090 0.153787 8.994562e-01
6.200000 0.489163 2.543646 0.152985 8.985070e-01
6.500000 0.484598 2.665289 0.152197 8.977366e-01
6.800000 0.480520 2.787019 0.151433 8.971074e-01
7.100000 0.476857 2.908828 0.150699 8.965902e-01
7.400000 0.473549 3.030712 0.149998 8.961626e-01
7.700000 0.470547 3.152664 0.149332 8.958070e-01
8.000000 0.467811 3.274676 0.148700 8.955096e-01
8.300000 0.465307 3.396744 0.148102 8.952597e-01
8.600000 0.463008 3.518860 0.147536 8.950485e-01
8.900000 0.460889 3.641022 0.147000 8.948694e-01
9.200000 0.458930 3.763223 0.146494 8.947167e-01
9.500000 0.457113 3.885460 0.146016 8.945861e-01
9.800000 0.455424 4.007728 0.145562 8.944739e-01
10.100000 0.453849 4.130026 0.145133 8.943773e-01
10.400000 0.452378 4.252350 0.144727 8.942937e-01
10.700000 0.451000 4.374697 0.144341 8.942213e-01
11.000000 0.449706 4.497065 0.143975 8.941583e-01
11.300000 0.448491 4.619452 0.143628 8.941034e-01
11.600000 0.447345 4.741857 0.143297 8.940555e-01
11.900000 0.446264 4.864277 0.142982 8.940135e-01
12.200000 0.445242 4.986711 0.142683 8.939766e-01
12.500000 0.444275 5.109158 0.142397 8.939442e-01
12.800000 0.443357 5.231617 0.142125 8.939157e-01
13.100000 0.442487 5.354087 0.141864 8.938906e-01
13.400000 0.441659 5.476566 0.141615 8.938683e-01
13.700000 0.440870 5.599054 0.141377 8.938487e-01
14.000000 0.440119 5.721550 0.141149 8.938312e-01
14.300000 0.439403 5.844053 0.140931 8.938158e-01
14.600000 0.438718 5.966564 0.140721 8.938021e-01
14.900000 0.438063 6.089080 0.140521 8.937899e-01
15.200000 0.437437 6.211602 0.140328 8.937790e-01
15.500000 0.436836 6.334129 0.140142 8.937694e-01
15.800000 0.436261 6.456660 0.139964 8.937607e-01
16.100000 0.435708 6.579196 0.139792 8.937531e-01
16.400000 0.435178 6.701736 0.139627 8.937462e-01
16.700000 0.434667 6.824279 0.139468 8.937400e-01
17.000000 0.434177 6.946826 0.139314 8.937345e-01
17.300000 0.433704 7.069376 0.139166 8.937296e-01
17.600000 0.433249 7.191928 0.139023 8.937252e-01
17.900000 0.432810 7.314483 0.138885 8.937213e-01
18.200000 0.432386 7.437041 0.138752 8.937177e-01
18.500000 0.431977 7.559600 0.138623 8.937146e-01
18.800000 0.431582 7.682162 0.138499 8.937117e-01
19.100000 0.431200 7.804725 0.138378 8.937091e-01
19.400000 0.430831 7.927290 0.138261 8.937068e-01
19.700000 0.430474 8.049856 0.138148 8.937048e-01
20.000000 0.430128 8.172424 0.138038 8.937029e-01
20.300000 0.429792 8.294993 0.137932 8.937012e-01
20.600000 0.429468 8.417563 0.137829 8.936997e-01
20.900000 0.429152 8.540135 0.137729 8.936983e-01
21.200000 0.428847 8.662707 0.137631 8.936971e-01
21.500000 0.428550 8.785280 0.137537 8.936960e-01
21.800000 0.428262 8.907854 0.137445 8.936950e-01
22.100000 0.427982 9.030429 0.137356 8.936941e-01
22.400000 0.427711 9.153005 0.137269 8.936933e-01
22.700000 0.427446 9.275581 0.137185 8.936925e-01
23.000000 0.427189 9.398158 0.137103 8.936919e-01
23.300000 0.426939 9.520735 0.137023 8.936913e-01
23.600000 0.426695 9.643313 0.136945 8.936907e-01
23.900000 0.426458 9.765891 0.136870 8.936902e-01
24.200000 0.426227 9.888470 0.136796 8.936898e-01
24.500000 0.426002 10.011049 0.136724 8.936894e-01
24.800000 0.425783 10.133629 0.136654 8.936890e-01
