1.465952 0.489026 8.861215e-01 0.685201 0.390576 7.271496e-01
1.339607 0.326775 9.357009e-01 0.829547 0.205064 9.340818e-01
1.212645 0.165751 9.788798e-01 0.938363 0.066224 9.942810e-01
1.131715 0.075451 9.948930e-01 0.984009 0.014183 9.997601e-01
1.082857 0.035852 9.987357e-01 0.996700 0.003218 9.999880e-01
1.044064 0.015797 9.997357e-01 0.994824 0.004008 9.999813e-01
1.002754 0.002913 9.999903e-01 0.980186 0.009723 9.998864e-01
0.949920 0.021352 9.994168e-01 0.945447 0.023110 9.993105e-01
0.877520 0.051833 9.959869e-01 0.876102 0.052386 9.958880e-01
0.783142 0.093896 9.836701e-01 0.757647 0.105225 9.782098e-01
0.678064 0.139111 9.536454e-01 0.594765 0.175324 9.088019e-01
0.583409 0.173577 9.072551e-01 0.420155 0.239077 7.278442e-01
