2.799376 0.732347 9.267514e-01 0.413451 0.205890 7.773741e-01
2.186912 0.561442 9.292685e-01 0.730726 0.108293 9.752637e-01
1.279604 0.151439 9.840822e-01 0.970549 0.012433 9.998105e-01
1.012113 0.034530 9.986576e-01 0.968204 0.010770 9.998571e-01
0.959088 0.007912 9.999214e-01 0.951360 0.004183 9.999777e-01
0.940270 0.009672 9.998778e-01 0.939462 0.010265 9.998621e-01
0.929463 0.017399 9.995955e-01 0.929307 0.017499 9.995907e-01
0.921794 0.021204 9.993893e-01 0.919775 0.022190 9.993283e-01
0.915819 0.022831 9.992828e-01 0.910545 0.024688 9.991517e-01
0.910926 0.023366 9.992407e-01 0.901516 0.025678 9.990639e-01
0.906792 0.023383 9.992327e-01 0.892645 0.025732 9.990412e-01
0.903222 0.023170 9.992406e-01 0.883910 0.025245 9.990589e-01
0.900083 0.022867 9.992552e-01 0.875288 0.024466 9.990985e-01
0.897284 0.022538 9.992719e-01 0.866757 0.023550 9.991482e-01
0.894755 0.022211 9.992889e-01 0.858290 0.022587 9.992009e-01
0.892444 0.021898 9.993052e-01 0.849863 0.021635 9.992521e-01
0.890313 0.021602 9.993206e-01 0.841449 0.020738 9.992990e-01
0.888329 0.021322 9.993351e-01 0.833021 0.019935 9.993390e-01
0.886468 0.021056 9.993489e-01 0.824555 0.019273 9.993695e-01
0.884709 0.020804 9.993618e-01 0.816025 0.018804 9.993872e-01
0.883035 0.020564 9.993741e-01 0.807408 0.018591 9.993881e-01
0.881434 0.020335 9.993857e-01 0.798682 0.018699 9.993674e-01
0.879894 0.020116 9.993968e-01 0.789828 0.019190 9.993188e-01
0.878406 0.019906 9.994073e-01 0.780826 0.020108 9.992347e-01
0.876962 0.019707 9.994172e-01 0.771659 0.021479 9.991060e-01
0.875556 0.019517 9.994265e-01 0.762312 0.023306 9.989217e-01
0.874183 0.019338 9.994352e-01 0.752772 0.025576 9.986687e-01
0.872839 0.019171 9.994432e-01 0.743028 0.028266 9.983315e-01
0.871520 0.019015 9.994505e-01 0.733072 0.031353 9.978920e-01
0.870224 0.018873 9.994571e-01 0.722896 0.034811 9.973292e-01
0.868948 0.018744 9.994629e-01 0.712497 0.038618 9.966189e-01
0.867691 0.018631 9.994678e-01 0.701874 0.042753 9.957334e-01
0.866451 0.018534 9.994719e-01 0.691027 0.047198 9.946415e-01
0.865228 0.018454 9.994749e-01 0.679960 0.051933 9.933084e-01
0.864022 0.018391 9.994770e-01 0.668680 0.056942 9.916952e-01
0.862832 0.018347 9.994781e-01 0.657196 0.062205 9.897596e-01
0.861658 0.018322 9.994781e-01 0.645519 0.067703 9.874559e-01
0.860501 0.018316 9.994771e-01 0.633663 0.073415 9.847351e-01
0.859362 0.018328 9.994750e-01 0.621645 0.079318 9.815458e-01
0.858241 0.018358 9.994719e-01 0.609483 0.085389 9.778349e-01
0.857139 0.018405 9.994678e-01 0.597198 0.091602 9.735484e-01
0.856058 0.018469 9.994627e-01 0.584812 0.097930 9.686325e-01
0.854997 0.018548 9.994568e-01 0.572347 0.104345 9.630351e-01
0.853958 0.018641 9.994500e-01 0.559829 0.110819 9.567071e-01
0.852942 0.018745 9.994426e-01 0.547282 0.117321 9.496036e-01
0.851950 0.018859 9.994344e-01 0.534731 0.123824 9.416861e-01
0.850982 0.018981 9.994258e-01 0.522202 0.130298 9.329234e-01
0.850040 0.019110 9.994167e-01 0.509719 0.136715 9.232931e-01
0.849124 0.019242 9.994073e-01 0.497306 0.143047 9.127830e-01
0.848234 0.019377 9.993977e-01 0.484987 0.149268 9.013918e-01
0.847372 0.019513 9.993880e-01 0.472785 0.155355 8.891300e-01
0.846537 0.019648 9.993783e-01 0.460718 0.161284 8.760197e-01
0.845729 0.019780 9.993687e-01 0.448808 0.167036 8.620949e-01
0.844949 0.019908 9.993593e-01 0.437070 0.172592 8.474004e-01
0.844197 0.020031 9.993502e-01 0.425522 0.177937 8.319914e-01
0.843472 0.020148 9.993415e-01 0.414177 0.183057 8.159319e-01
0.842774 0.020258 9.993332e-01 0.403047 0.187941 7.992935e-01
0.842103 0.020361 9.993253e-01 0.392142 0.192580 7.821532e-01
0.841458 0.020455 9.993180e-01 0.381471 0.196968 7.645920e-01
0.840839 0.020541 9.993113e-01 0.371041 0.201100 7.466928e-01
0.840245 0.020619 9.993051e-01 0.360858 0.204975 7.285389e-01
0.839676 0.020687 9.992995e-01 0.350925 0.208592 7.102121e-01
