-25.000000 1.962855 -51.034242 0.291594 9.751472e-01
-24.700000 1.961937 -50.421781 0.291455 9.751477e-01
-24.400000 1.960997 -49.809317 0.291312 9.751482e-01
-24.100000 1.960034 -49.196850 0.291165 9.751488e-01
-23.800000 1.959048 -48.584381 0.291015 9.751494e-01
-23.500000 1.958037 -47.971908 0.290861 9.751501e-01
-23.200000 1.957001 -47.359432 0.290703 9.751508e-01
-22.900000 1.955939 -46.746953 0.290540 9.751516e-01
-22.600000 1.954850 -46.134471 0.290373 9.751525e-01
-22.300000 1.953733 -45.521985 0.290202 9.751534e-01
-22.000000 1.952587 -44.909494 0.290025 9.751544e-01
-21.700000 1.951410 -44.297000 0.289844 9.751555e-01
-21.400000 1.950201 -43.684501 0.289657 9.751567e-01
-21.100000 1.948959 -43.071998 0.289465 9.751580e-01
-20.800000 1.947683 -42.459490 0.289268 9.751593e-01
-20.500000 1.946371 -41.846977 0.289064 9.751608e-01
-20.200000 1.945022 -41.234458 0.288854 9.751625e-01
-19.900000 1.943633 -40.621934 0.288637 9.751642e-01
-19.600000 1.942204 -40.009404 0.288413 9.751661e-01
-19.300000 1.940732 -39.396867 0.288182 9.751682e-01
-19.000000 1.939216 -38.784324 0.287944 9.751705e-01
-18.700000 1.937654 -38.171774 0.287697 9.751729e-01
-18.400000 1.936042 -37.559217 0.287442 9.751756e-01
-18.100000 1.934380 -36.946652 0.287178 9.751785e-01
-17.800000 1.932664 -36.334078 0.286904 9.751817e-01
-17.500000 1.930892 -35.721497 0.286621 9.751852e-01
-17.200000 1.929061 -35.108906 0.286327 9.751889e-01
-16.900000 1.927168 -34.496305 0.286022 9.751930e-01
-16.600000 1.925210 -33.883694 0.285704 9.751975e-01
-16.300000 1.923183 -33.271073 0.285375 9.752024e-01
-16.000000 1.921085 -32.658441 0.285032 9.752078e-01
-15.700000 1.918910 -32.045797 0.284675 9.752136e-01
-15.400000 1.916655 -31.433140 0.284302 9.752201e-01
-15.100000 1.914315 -30.820470 0.283914 9.752271e-01
-14.800000 1.911885 -30.207787 0.283509 9.752348e-01
-14.500000 1.909361 -29.595088 0.283085 9.752432e-01
-14.200000 1.906735 -28.982375 0.282641 9.752525e-01
-13.900000 1.904003 -28.369645 0.282177 9.752627e-01
-13.600000 1.901157 -27.756898 0.281689 9.752739e-01
-13.300000 1.898191 -27.144133 0.281178 9.752862e-01
-13.000000 1.895096 -26.531349 0.280640 9.752998e-01
-12.700000 1.891865 -25.918544 0.280075 9.753148e-01
-12.400000 1.888486 -25.305719 0.279478 9.753313e-01
-12.100000 1.884952 -24.692870 0.278849 9.753497e-01
-11.800000 1.881250 -24.079999 0.278184 9.753699e-01
-11.500000 1.877368 -23.467102 0.277481 9.753923e-01
-11.200000 1.873293 -22.854179 0.276735 9.754172e-01
-10.900000 1.869011 -22.241228 0.275943 9.754449e-01
-10.600000 1.864504 -21.628248 0.275101 9.754756e-01
-10.300000 1.859755 -21.015237 0.274204 9.755099e-01
-10.000000 1.854745 -20.402194 0.273246 9.755481e-01
-9.700000 1.849450 -19.789117 0.272223 9.755907e-01
-9.400000 1.843847 -19.176005 0.271126 9.756384e-01
-9.100000 1.837907 -18.562857 0.269948 9.756919e-01
-8.800000 1.831599 -17.949671 0.268681 9.757519e-01
-8.500000 1.824889 -17.336447 0.267315 9.758194e-01
-8.200000 1.817737 -16.723183 0.265838 9.758954e-01
-7.900000 1.810099 -16.109880 0.264237 9.759813e-01
-7.600000 1.801923 -15.496539 0.262498 9.760784e-01
-7.300000 1.793152 -14.883161 0.260603 9.761887e-01
-7.000000 1.783719 -14.269750 0.258531 9.763142e-01
-6.700000 1.773547 -13.656310 0.256260 9.764574e-01
-6.400000 1.762548 -13.042852 0.253761 9.766214e-01
-6.100000 1.750618 -12.429385 0.251000 9.768101e-01
-5.800000 1.737637 -11.815929 0.247939 9.770278e-01
-5.500000 1.723463 -11.202508 0.244529 9.772805e-01
-5.200000 1.707928 -10.589157 0.240711 9.775752e-01
-4.900000 1.690835 -9.975925 0.236415 9.779211e-01
-4.600000 1.671943 -9.362882 0.231552 9.783297e-01
-4.300000 1.650967 -8.750124 0.226011 9.788160e-01
-4.000000 1.627557 -8.137787 0.219652 9.793993e-01
-3.700000 1.601290 -7.526065 0.212297 9.801049e-01
-3.400000 1.571643 -6.915230 0.203720 9.809656e-01
-3.100000 1.537971 -6.305682 0.193630 9.820239e-01
-2.800000 1.499478 -5.698017 0.181654 9.833339e-01
-2.500000 1.455191 -5.093169 0.167320 9.849617e-01
-2.200000 1.403969 -4.492700 0.150053 9.869800e-01
-1.900000 1.344641 -3.899460 0.129233 9.894451e-01
-1.600000 1.276567 -3.319075 0.104457 9.923269e-01
-1.300000 1.201203 -2.762767 0.076363 9.953545e-01
-1.000000 1.124741 -2.249481 0.048223 9.978816e-01
-0.700000 1.057465 -1.797690 0.026250 9.992889e-01
-0.400000 1.004558 -1.406382 0.017102 9.996654e-01
-0.100000 0.961684 -1.057853 0.022157 9.993873e-01
0.200000 0.922080 -0.737664 0.032269 9.985877e-01
0.500000 0.880961 -0.440480 0.044880 9.970117e-01
0.800000 0.835682 -0.167136 0.060619 9.939601e-01
1.100000 12.197942 1.219794 0.229586 9.995911e-01
1.400000 0.736572 0.294629 0.101257 9.786417e-01
1.700000 0.687587 0.481311 0.120928 9.655109e-01
2.000000 0.643738 0.643738 0.137345 9.500562e-01
2.300000 0.606364 0.788273 0.149723 9.342216e-01
2.600000 0.575355 0.920567 0.158403 9.195110e-01
2.900000 0.549887 1.044785 0.164159 9.066822e-01
3.200000 0.528973 1.163741 0.167774 8.959181e-01
3.500000 0.511709 1.279273 0.169882 8.870879e-01
3.800000 0.497346 1.392570 0.170955 8.799344e-01
4.100000 0.485292 1.504405 0.171326 8.741761e-01
4.400000 0.475083 1.615281 0.171229 8.695526e-01
4.700000 0.466360 1.725533 0.170824 8.658413e-01
5.000000 0.458845 1.835380 0.170223 8.628588e-01
5.300000 0.452319 1.944970 0.169501 8.604570e-01
5.600000 0.446609 2.054403 0.168710 8.585180e-01
5.900000 0.441581 2.163744 0.167887 8.569483e-01
6.200000 0.437123 2.273039 0.167055 8.556737e-01
6.500000 0.433148 2.382316 0.166231 8.546356e-01
6.800000 0.429585 2.491595 0.165426 8.537877e-01
7.100000 0.426375 2.600888 0.164647 8.530931e-01
7.400000 0.423469 2.710203 0.163896 8.525224e-01
7.700000 0.420827 2.819544 0.163178 8.520524e-01
8.000000 0.418416 2.928912 0.162493 8.516641e-01
8.300000 0.416207 3.038309 0.161841 8.513427e-01
8.600000 0.414175 3.147733 0.161221 8.510759e-01
8.900000 0.412302 3.257185 0.160632 8.508540e-01
9.200000 0.410568 3.366661 0.160073 8.506691e-01
9.500000 0.408960 3.476161 0.159543 8.505146e-01
9.800000 0.407464 3.585683 0.159040 8.503853e-01
10.100000 0.406069 3.695225 0.158563 8.502769e-01
10.400000 0.404764 3.804785 0.158110 8.501858e-01
10.700000 0.403542 3.914362 0.157680 8.501092e-01
11.000000 0.402395 4.023954 0.157272 8.500446e-01
11.300000 0.401316 4.133559 0.156884 8.499901e-01
11.600000 0.400300 4.243176 0.156514 8.499441e-01
11.900000 0.399340 4.352804 0.156163 8.499051e-01
12.200000 0.398432 4.462442 0.155828 8.498720e-01
12.500000 0.397573 4.572089 0.155509 8.498440e-01
12.800000 0.396758 4.681743 0.155205 8.498201e-01
13.100000 0.395984 4.791404 0.154915 8.497998e-01
13.400000 0.395248 4.901072 0.154637 8.497825e-01
13.700000 0.394547 5.010745 0.154372 8.497678e-01
14.000000 0.393879 5.120423 0.154118 8.497552e-01
14.300000 0.393241 5.230105 0.153875 8.497445e-01
14.600000 0.392632 5.339791 0.153642 8.497353e-01
14.900000 0.392049 5.449481 0.153419 8.497274e-01
15.200000 0.391491 5.559174 0.153204 8.497207e-01
15.500000 0.390956 5.668869 0.152999 8.497149e-01
15.800000 0.390444 5.778567 0.152801 8.497099e-01
16.100000 0.389951 5.888267 0.152611 8.497056e-01
16.400000 0.389478 5.997969 0.152428 8.497019e-01
16.700000 0.389024 6.107672 0.152252 8.496988e-01
17.000000 0.388586 6.217377 0.152082 8.496961e-01
17.300000 0.388165 6.327084 0.151919 8.496937e-01
17.600000 0.387759 6.436791 0.151761 8.496917e-01
17.900000 0.387367 6.546500 0.151609 8.496899e-01
18.200000 0.386989 6.656209 0.151462 8.496884e-01
18.500000 0.386624 6.765920 0.151320 8.496871e-01
18.800000 0.386271 6.875631 0.151182 8.496860e-01
19.100000 0.385931 6.985342 0.151049 8.496850e-01
19.400000 0.385601 7.095055 0.150921 8.496842e-01
19.700000 0.385282 7.204768 0.150796 8.496835e-01
20.000000 0.384973 7.314481 0.150676 8.496828e-01
20.300000 0.384673 7.424194 0.150559 8.496823e-01
20.600000 0.384383 7.533908 0.150446 8.496818e-01
20.900000 0.384102 7.643623 0.150336 8.496814e-01
21.200000 0.383829 7.753337 0.150229 8.496810e-01
21.500000 0.383564 7.863052 0.150126 8.496807e-01
21.800000 0.383306 7.972767 0.150025 8.496804e-01
22.100000 0.383056 8.082483 0.149927 8.496802e-01
22.400000 0.382813 8.192198 0.149832 8.496800e-01
22.700000 0.382577 8.301914 0.149740 8.496798e-01
23.000000 0.382347 8.411629 0.149650 8.496797e-01
23.300000 0.382123 8.521345 0.149562 8.496795e-01
23.600000 0.381905 8.631061 0.149477 8.496794e-01
23.900000 0.381693 8.740777 0.149394 8.496793e-01
24.200000 0.381487 8.850493 0.149314 8.496792e-01
24.500000 0.381286 8.960210 0.149235 8.496791e-01
24.800000 0.381089 9.069926 0.149158 8.496791e-01
