1.200374 0.235960 9.572822e-01 0.705258 0.365473 7.632847e-01
1.169212 0.197462 9.681119e-01 0.778335 0.275231 8.738160e-01
1.133898 0.152515 9.795346e-01 0.850684 0.183082 9.492251e-01
1.099661 0.108828 9.888159e-01 0.910694 0.106366 9.844905e-01
1.070976 0.072998 9.946635e-01 0.952459 0.054023 9.962984e-01
1.049255 0.047094 9.976789e-01 0.977605 0.023876 9.993116e-01
1.033480 0.029602 9.990534e-01 0.991141 0.008756 9.999099e-01
1.021896 0.017936 9.996444e-01 0.997596 0.002192 9.999944e-01
1.013007 0.009916 9.998894e-01 0.999871 0.000109 1.000000e+00
1.005804 0.004096 9.999809e-01 0.999544 0.000358 9.999999e-01
0.999670 0.000415 9.999998e-01 0.997418 0.001904 9.999958e-01
0.994240 0.004043 9.999809e-01 0.993903 0.004258 9.999788e-01
0.989297 0.007137 9.999399e-01 0.989217 0.007186 9.999391e-01
0.984707 0.009848 9.998845e-01 0.983488 0.010567 9.998667e-01
0.980383 0.012280 9.998188e-01 0.976791 0.014335 9.997513e-01
0.976266 0.014505 9.997451e-01 0.969179 0.018453 9.995815e-01
0.972313 0.016570 9.996647e-01 0.960683 0.022903 9.993441e-01
0.968491 0.018510 9.995783e-01 0.951323 0.027675 9.990236e-01
0.964778 0.020353 9.994863e-01 0.941113 0.032768 9.986019e-01
0.961153 0.022117 9.993889e-01 0.930061 0.038184 9.980572e-01
0.957604 0.023817 9.992861e-01 0.918173 0.043928 9.973636e-01
0.954120 0.025465 9.991780e-01 0.905459 0.050004 9.964903e-01
0.950694 0.027069 9.990646e-01 0.891927 0.056412 9.954015e-01
0.947321 0.028635 9.989459e-01 0.877594 0.063154 9.940551e-01
0.943999 0.030166 9.988221e-01 0.862478 0.070223 9.924024e-01
0.940727 0.031665 9.986933e-01 0.846608 0.077612 9.903878e-01
0.937505 0.033132 9.985597e-01 0.830019 0.085306 9.879486e-01
0.934337 0.034567 9.984218e-01 0.812753 0.093285 9.850143e-01
0.931225 0.035970 9.982800e-01 0.794862 0.101526 9.815077e-01
0.928174 0.037337 9.981347e-01 0.776405 0.109999 9.773444e-01
0.925189 0.038668 9.979868e-01 0.757449 0.118670 9.724348e-01
0.922274 0.039959 9.978368e-01 0.738066 0.127500 9.666850e-01
0.919434 0.041207 9.976857e-01 0.718334 0.136448 9.599987e-01
0.916676 0.042411 9.975341e-01 0.698336 0.145468 9.522803e-01
0.914002 0.043568 9.973829e-01 0.678156 0.154516 9.434377e-01
0.911419 0.044674 9.972331e-01 0.657879 0.163544 9.333860e-01
0.908929 0.045729 9.970854e-01 0.637589 0.172507 9.220512e-01
0.906536 0.046731 9.969407e-01 0.617368 0.181357 9.093749e-01
0.904242 0.047678 9.967996e-01 0.597295 0.190053 8.953176e-01
0.902048 0.048570 9.966630e-01 0.577443 0.198554 8.798626e-01
0.899955 0.049407 9.965314e-01 0.557879 0.206822 8.630193e-01
0.897964 0.050189 9.964054e-01 0.538664 0.214825 8.448244e-01
0.896073 0.050916 9.962853e-01 0.519852 0.222532 8.253431e-01
0.894281 0.051589 9.961715e-01 0.501490 0.229920 8.046686e-01
0.892587 0.052211 9.960642e-01 0.483617 0.236969 7.829197e-01
0.890987 0.052782 9.959636e-01 0.466264 0.243661 7.602379e-01
0.889480 0.053304 9.958697e-01 0.449457 0.249985 7.367825e-01
0.888061 0.053780 9.957826e-01 0.433213 0.255933 7.127260e-01
