-25.000000 2.930609 -76.195837 0.796095 9.214727e-01
-24.700000 2.929237 -75.281389 0.795719 9.214732e-01
-24.400000 2.927832 -74.366936 0.795334 9.214738e-01
-24.100000 2.926394 -73.452478 0.794940 9.214744e-01
-23.800000 2.924920 -72.538017 0.794536 9.214751e-01
-23.500000 2.923410 -71.623550 0.794122 9.214758e-01
-23.200000 2.921863 -70.709079 0.793698 9.214765e-01
-22.900000 2.920276 -69.794602 0.793262 9.214773e-01
-22.600000 2.918649 -68.880121 0.792816 9.214782e-01
-22.300000 2.916980 -67.965633 0.792357 9.214791e-01
-22.000000 2.915267 -67.051139 0.791886 9.214801e-01
-21.700000 2.913508 -66.136639 0.791403 9.214812e-01
-21.400000 2.911702 -65.222133 0.790906 9.214824e-01
-21.100000 2.909847 -64.307619 0.790395 9.214836e-01
-20.800000 2.907940 -63.393099 0.789870 9.214849e-01
-20.500000 2.905980 -62.478570 0.789330 9.214864e-01
-20.200000 2.903964 -61.564034 0.788774 9.214879e-01
-19.900000 2.901889 -60.649489 0.788201 9.214896e-01
-19.600000 2.899754 -59.734935 0.787611 9.214914e-01
-19.300000 2.897555 -58.820372 0.787004 9.214933e-01
-19.000000 2.895290 -57.905799 0.786377 9.214954e-01
-18.700000 2.892955 -56.991216 0.785731 9.214976e-01
-18.400000 2.890548 -56.076622 0.785064 9.215000e-01
-18.100000 2.888064 -55.162017 0.784375 9.215027e-01
-17.800000 2.885500 -54.247400 0.783663 9.215055e-01
-17.500000 2.882852 -53.332770 0.782928 9.215085e-01
-17.200000 2.880117 -52.418127 0.782167 9.215118e-01
-16.900000 2.877289 -51.503471 0.781380 9.215154e-01
-16.600000 2.874364 -50.588800 0.780564 9.215193e-01
-16.300000 2.871336 -49.674114 0.779720 9.215235e-01
-16.000000 2.868201 -48.759412 0.778844 9.215280e-01
-15.700000 2.864952 -47.844694 0.777935 9.215330e-01
-15.400000 2.861583 -46.929958 0.776991 9.215383e-01
-15.100000 2.858087 -46.015204 0.776011 9.215442e-01
-14.800000 2.854458 -45.100430 0.774991 9.215505e-01
-14.500000 2.850686 -44.185637 0.773930 9.215574e-01
-14.200000 2.846765 -43.270822 0.772825 9.215650e-01
-13.900000 2.842684 -42.355985 0.771673 9.215732e-01
-13.600000 2.838433 -41.441124 0.770472 9.215822e-01
-13.300000 2.834003 -40.526239 0.769217 9.215921e-01
-13.000000 2.829381 -39.611329 0.767905 9.216028e-01
-12.700000 2.824554 -38.696391 0.766532 9.216146e-01
-12.400000 2.819509 -37.781425 0.765094 9.216276e-01
-12.100000 2.814231 -36.866429 0.763587 9.216419e-01
-11.800000 2.808703 -35.951402 0.762004 9.216576e-01
-11.500000 2.802907 -35.036342 0.760341 9.216749e-01
-11.200000 2.796824 -34.121247 0.758590 9.216940e-01
-10.900000 2.790430 -33.206116 0.756745 9.217151e-01
-10.600000 2.783702 -32.290946 0.754798 9.217384e-01
-10.300000 2.776614 -31.375736 0.752741 9.217644e-01
-10.000000 2.769135 -30.460483 0.750563 9.217932e-01
-9.700000 2.761232 -29.545186 0.748255 9.218253e-01
-9.400000 2.752869 -28.629840 0.745803 9.218610e-01
-9.100000 2.744004 -27.714445 0.743195 9.219011e-01
-8.800000 2.734591 -26.798996 0.740415 9.219459e-01
-8.500000 2.724578 -25.883491 0.737446 9.219962e-01
-8.200000 2.713905 -24.967927 0.734268 9.220528e-01
-7.900000 2.702506 -24.052299 0.730859 9.221167e-01
-7.600000 2.690303 -23.136606 0.727193 9.221889e-01
-7.300000 2.677210 -22.220841 0.723241 9.222708e-01
-7.000000 2.663125 -21.305002 0.718968 9.223640e-01
-6.700000 2.647933 -20.389084 0.714336 9.224703e-01
-6.400000 2.631498 -19.473082 0.709298 9.225920e-01
-6.100000 2.613661 -18.556992 0.703800 9.227319e-01
-5.800000 2.594237 -17.640809 0.697778 9.228934e-01
-5.500000 2.573004 -16.724528 0.691156 9.230807e-01
-5.200000 2.549701 -15.808144 0.683842 9.232992e-01
-4.900000 2.524009 -14.891653 0.675723 9.235559e-01
-4.600000 2.495545 -13.975051 0.666662 9.238602e-01
-4.300000 2.463837 -13.058335 0.656484 9.242249e-01
-4.000000 2.428301 -12.141503 0.644967 9.246679e-01
-3.700000 2.388203 -11.224555 0.631819 9.252157e-01
-3.400000 2.342612 -10.307495 0.616651 9.259081e-01
-3.100000 2.290324 -9.390329 0.598930 9.268067e-01
-2.800000 2.229755 -8.473071 0.577910 9.280083e-01
-2.500000 2.158783 -7.555740 0.552543 9.296660e-01
-2.200000 2.074489 -6.638366 0.521342 9.320212e-01
-1.900000 1.972760 -5.721005 0.482229 9.354491e-01
-1.600000 1.847630 -4.803837 0.432315 9.405338e-01
-1.300000 1.690344 -3.887790 0.367518 9.482337e-01
-1.000000 1.489302 -2.978603 0.281325 9.604234e-01
-0.700000 1.243975 -2.114757 0.162717 9.806238e-01
-0.400000 1.050929 -1.471300 0.039131 9.984015e-01
-0.100000 0.999882 -1.099870 0.004743 9.999740e-01
0.200000 0.988826 -0.791061 0.003591 9.999848e-01
0.500000 0.982914 -0.491457 0.004535 9.999754e-01
0.800000 0.978131 -0.195626 0.005581 9.999624e-01
1.100000 16.215141 1.621514 2.048569 9.819011e-01
1.400000 0.969858 0.387943 0.007915 9.999231e-01
1.700000 0.966063 0.676244 0.009110 9.998973e-01
2.000000 0.962422 0.962422 0.010332 9.998669e-01
2.300000 0.958896 1.246564 0.011590 9.998313e-01
2.600000 0.955449 1.528719 0.012896 9.997897e-01
2.900000 0.952057 1.808908 0.014263 9.997409e-01
3.200000 0.948696 2.087130 0.015702 9.996838e-01
3.500000 0.945349 2.363373 0.017223 9.996168e-01
3.800000 0.942005 2.637614 0.018832 9.995387e-01
4.100000 0.938656 2.909832 0.020533 9.994477e-01
4.400000 0.935298 3.180015 0.022324 9.993425e-01
4.700000 0.931936 3.448163 0.024197 9.992221e-01
5.000000 0.928575 3.714300 0.026140 9.990857e-01
5.300000 0.925226 3.978471 0.028138 9.989330e-01
5.600000 0.921901 4.240746 0.030171 9.987646e-01
5.900000 0.918616 4.501219 0.032217 9.985816e-01
6.200000 0.915385 4.760001 0.034256 9.983853e-01
6.500000 0.912221 5.017215 0.036267 9.981780e-01
6.800000 0.909137 5.272994 0.038232 9.979619e-01
7.100000 0.906142 5.527468 0.040136 9.977394e-01
7.400000 0.903245 5.780769 0.041968 9.975130e-01
7.700000 0.900450 6.033018 0.043719 9.972850e-01
8.000000 0.897761 6.284330 0.045384 9.970574e-01
8.300000 0.895179 6.534809 0.046960 9.968320e-01
8.600000 0.892704 6.784547 0.048447 9.966103e-01
8.900000 0.890333 7.033629 0.049845 9.963935e-01
9.200000 0.888064 7.282127 0.051156 9.961825e-01
9.500000 0.885895 7.530106 0.052385 9.959781e-01
9.800000 0.883821 7.777623 0.053535 9.957808e-01
10.100000 0.881838 8.024727 0.054609 9.955908e-01
10.400000 0.879943 8.271462 0.055614 9.954082e-01
10.700000 0.878130 8.517866 0.056552 9.952333e-01
11.000000 0.876397 8.763971 0.057428 9.950658e-01
11.300000 0.874739 9.009808 0.058246 9.949057e-01
11.600000 0.873151 9.255402 0.059011 9.947528e-01
11.900000 0.871631 9.500776 0.059726 9.946068e-01
12.200000 0.870174 9.745949 0.060395 9.944677e-01
12.500000 0.868777 9.990941 0.061021 9.943350e-01
12.800000 0.867438 10.235766 0.061608 9.942085e-01
13.100000 0.866152 10.480438 0.062157 9.940879e-01
13.400000 0.864917 10.724972 0.062672 9.939730e-01
13.700000 0.863730 10.969377 0.063156 9.938635e-01
14.000000 0.862590 11.213664 0.063610 9.937591e-01
14.300000 0.861492 11.457843 0.064036 9.936596e-01
14.600000 0.860435 11.701921 0.064438 9.935648e-01
14.900000 0.859418 11.945905 0.064815 9.934743e-01
15.200000 0.858437 12.189804 0.065171 9.933880e-01
15.500000 0.857491 12.433623 0.065506 9.933056e-01
15.800000 0.856579 12.677367 0.065822 9.932270e-01
16.100000 0.855698 12.921042 0.066120 9.931519e-01
16.400000 0.854848 13.164652 0.066402 9.930802e-01
16.700000 0.854026 13.408202 0.066668 9.930116e-01
17.000000 0.853231 13.651695 0.066920 9.929461e-01
17.300000 0.852462 13.895135 0.067158 9.928835e-01
17.600000 0.851718 14.138526 0.067383 9.928236e-01
17.900000 0.850998 14.381870 0.067597 9.927662e-01
18.200000 0.850301 14.625171 0.067799 9.927113e-01
18.500000 0.849625 14.868430 0.067991 9.926587e-01
18.800000 0.848969 15.111650 0.068173 9.926084e-01
19.100000 0.848333 15.354834 0.068345 9.925601e-01
19.400000 0.847716 15.597983 0.068509 9.925138e-01
19.700000 0.847118 15.841100 0.068665 9.924695e-01
20.000000 0.846536 16.084185 0.068813 9.924269e-01
20.300000 0.845971 16.327242 0.068954 9.923860e-01
20.600000 0.845422 16.570270 0.069088 9.923468e-01
20.900000 0.844888 16.813272 0.069215 9.923092e-01
21.200000 0.844369 17.056249 0.069336 9.922730e-01
21.500000 0.843864 17.299202 0.069452 9.922382e-01
21.800000 0.843372 17.542133 0.069562 9.922048e-01
22.100000 0.842893 17.785042 0.069666 9.921727e-01
22.400000 0.842427 18.027930 0.069766 9.921417e-01
22.700000 0.841972 18.270799 0.069862 9.921120e-01
23.000000 0.841529 18.513648 0.069952 9.920834e-01
23.300000 0.841098 18.756480 0.070039 9.920558e-01
23.600000 0.840677 18.999295 0.070122 9.920293e-01
23.900000 0.840266 19.242093 0.070201 9.920037e-01
24.200000 0.839865 19.484876 0.070276 9.919791e-01
24.500000 0.839474 19.727643 0.070348 9.919554e-01
24.800000 0.839092 19.970396 0.070417 9.919325e-01
