1.576060 0.460052 9.104156e-01 0.665387 0.309749 7.998320e-01
1.325596 0.214403 9.706750e-01 0.879221 0.100638 9.850949e-01
1.170513 0.071924 9.956586e-01 0.967448 0.016177 9.996772e-01
1.096691 0.033514 9.989227e-01 0.987015 0.005796 9.999602e-01
1.044965 0.017689 9.996692e-01 0.984562 0.006328 9.999523e-01
0.991462 0.005426 9.999654e-01 0.965664 0.011726 9.998297e-01
0.929863 0.025058 9.991620e-01 0.925417 0.026941 9.990222e-01
0.862324 0.054953 9.953320e-01 0.861185 0.055478 9.952302e-01
0.796246 0.085930 9.867286e-01 0.778732 0.094162 9.833953e-01
0.739186 0.111728 9.742941e-01 0.690578 0.133996 9.583327e-01
0.694445 0.129784 9.612281e-01 0.608118 0.167217 9.196935e-01
0.661120 0.141085 9.500352e-01 0.536726 0.191406 8.719390e-01
0.636570 0.147816 9.413805e-01 0.476761 0.207918 8.199159e-01
0.618219 0.151831 9.348793e-01 0.426423 0.219108 7.663421e-01
0.604154 0.154309 9.299405e-01 0.383615 0.226914 7.122161e-01
