1.560742 0.430396 9.192690e-01 0.847003 0.120543 9.771440e-01
1.068585 0.044546 9.979972e-01 0.993011 0.003442 9.999861e-01
1.007778 0.003769 9.999838e-01 0.992616 0.003171 9.999882e-01
0.991499 0.003324 9.999870e-01 0.987207 0.003805 9.999828e-01
0.981137 0.004885 9.999714e-01 0.980535 0.005018 9.999698e-01
0.972475 0.007125 9.999380e-01 0.972335 0.007162 9.999373e-01
0.964670 0.009522 9.998875e-01 0.962595 0.010178 9.998709e-01
0.957406 0.011984 9.998191e-01 0.951347 0.014040 9.997486e-01
0.950498 0.014540 9.997298e-01 0.938573 0.018838 9.995350e-01
0.943809 0.017241 9.996148e-01 0.924195 0.024734 9.991735e-01
0.937234 0.020140 9.994670e-01 0.908088 0.031945 9.985729e-01
0.930690 0.023287 9.992775e-01 0.890095 0.040727 9.975881e-01
0.924120 0.026722 9.990353e-01 0.870053 0.051352 9.959931e-01
0.917485 0.030468 9.987281e-01 0.847826 0.064072 9.934477e-01
0.910776 0.034522 9.983435e-01 0.823334 0.079070 9.894612e-01
0.904005 0.038857 9.978709e-01 0.796589 0.096412 9.833647e-01
0.897212 0.043412 9.973037e-01 0.767719 0.116008 9.743083e-01
0.890457 0.048101 9.966416e-01 0.736983 0.137587 9.613078e-01
0.883814 0.052817 9.958927e-01 0.704769 0.160700 9.433581e-01
0.877365 0.057444 9.950738e-01 0.671564 0.184756 9.196186e-01
0.871190 0.061871 9.942091e-01 0.637919 0.209079 8.896359e-01
0.865358 0.065998 9.933275e-01 0.604395 0.232977 8.535358e-01
0.859922 0.069751 9.924592e-01 0.571514 0.255811 8.121025e-01
0.854914 0.073081 9.916317e-01 0.539725 0.277051 7.666958e-01
0.850348 0.075967 9.908673e-01 0.509376 0.296305 7.190235e-01
