-25.000000 1.614352 -41.973164 0.261696 9.705465e-01
-24.700000 1.613610 -41.469779 0.261537 9.705549e-01
-24.400000 1.612850 -40.966394 0.261374 9.705636e-01
-24.100000 1.612072 -40.463008 0.261207 9.705725e-01
-23.800000 1.611275 -39.959620 0.261036 9.705818e-01
-23.500000 1.610458 -39.456231 0.260860 9.705913e-01
-23.200000 1.609622 -38.952842 0.260679 9.706012e-01
-22.900000 1.608764 -38.449451 0.260493 9.706114e-01
-22.600000 1.607884 -37.946060 0.260303 9.706220e-01
-22.300000 1.606981 -37.442668 0.260106 9.706330e-01
-22.000000 1.606055 -36.939276 0.259905 9.706443e-01
-21.700000 1.605105 -36.435883 0.259697 9.706561e-01
-21.400000 1.604129 -35.932490 0.259484 9.706683e-01
-21.100000 1.603127 -35.429097 0.259264 9.706809e-01
-20.800000 1.602097 -34.925704 0.259038 9.706941e-01
-20.500000 1.601038 -34.422312 0.258804 9.707077e-01
-20.200000 1.599949 -33.918921 0.258564 9.707220e-01
-19.900000 1.598829 -33.415531 0.258315 9.707368e-01
-19.600000 1.597677 -32.912142 0.258059 9.707522e-01
-19.300000 1.596490 -32.408755 0.257794 9.707683e-01
-19.000000 1.595269 -31.905371 0.257521 9.707851e-01
-18.700000 1.594010 -31.401989 0.257238 9.708026e-01
-18.400000 1.592712 -30.898611 0.256946 9.708209e-01
-18.100000 1.591374 -30.395238 0.256643 9.708401e-01
-17.800000 1.589993 -29.891869 0.256329 9.708602e-01
-17.500000 1.588568 -29.388506 0.256004 9.708813e-01
-17.200000 1.587096 -28.885150 0.255666 9.709035e-01
-16.900000 1.585576 -28.381803 0.255316 9.709268e-01
-16.600000 1.584004 -27.878464 0.254952 9.709513e-01
-16.300000 1.582378 -27.375135 0.254574 9.709771e-01
-16.000000 1.580695 -26.871819 0.254180 9.710043e-01
-15.700000 1.578953 -26.368517 0.253770 9.710331e-01
-15.400000 1.577148 -25.865230 0.253343 9.710636e-01
-15.100000 1.575277 -25.361961 0.252897 9.710959e-01
-14.800000 1.573336 -24.858713 0.252431 9.711302e-01
-14.500000 1.571322 -24.355488 0.251944 9.711666e-01
-14.200000 1.569230 -23.852289 0.251434 9.712054e-01
-13.900000 1.567055 -23.349119 0.250900 9.712468e-01
-13.600000 1.564793 -22.845983 0.250339 9.712911e-01
-13.300000 1.562440 -22.342885 0.249750 9.713385e-01
-13.000000 1.559988 -21.839830 0.249130 9.713893e-01
-12.700000 1.557432 -21.336823 0.248477 9.714440e-01
-12.400000 1.554766 -20.833870 0.247789 9.715029e-01
-12.100000 1.551983 -20.330979 0.247061 9.715664e-01
-11.800000 1.549075 -19.828158 0.246291 9.716352e-01
-11.500000 1.546033 -19.325414 0.245475 9.717098e-01
-11.200000 1.542849 -18.822759 0.244608 9.717909e-01
-10.900000 1.539513 -18.320203 0.243685 9.718792e-01
-10.600000 1.536014 -17.817760 0.242701 9.719757e-01
-10.300000 1.532340 -17.315443 0.241651 9.720815e-01
-10.000000 1.528479 -16.813268 0.240526 9.721976e-01
-9.700000 1.524416 -16.311253 0.239318 9.723254e-01
-9.400000 1.520136 -15.809419 0.238020 9.724666e-01
-9.100000 1.515623 -15.307788 0.236619 9.726230e-01
-8.800000 1.510856 -14.806385 0.235105 9.727966e-01
-8.500000 1.505815 -14.305240 0.233462 9.729900e-01
-8.200000 1.500476 -13.804384 0.231677 9.732061e-01
-7.900000 1.494815 -13.303852 0.229729 9.734483e-01
-7.600000 1.488801 -12.803684 0.227597 9.737204e-01
-7.300000 1.482401 -12.303925 0.225256 9.740272e-01
-7.000000 1.475578 -11.804622 0.222677 9.743742e-01
-6.700000 1.468290 -11.305830 0.219825 9.747676e-01
-6.400000 1.460488 -10.807609 0.216660 9.752152e-01
-6.100000 1.452116 -10.310024 0.213132 9.757256e-01
-5.800000 1.443110 -9.813149 0.209186 9.763093e-01
-5.500000 1.433395 -9.317067 0.204753 9.769783e-01
-5.200000 1.422882 -8.821869 0.199752 9.777467e-01
-4.900000 1.411469 -8.327666 0.194088 9.786303e-01
-4.600000 1.399033 -7.834587 0.187648 9.796472e-01
-4.300000 1.385433 -7.342797 0.180298 9.808167e-01
-4.000000 1.370502 -6.852512 0.171887 9.821585e-01
-3.700000 1.354051 -6.364038 0.162246 9.836897e-01
-3.400000 1.335870 -5.877827 0.151206 9.854200e-01
-3.100000 1.315750 -5.394577 0.138628 9.873426e-01
-2.800000 1.293524 -4.915391 0.124473 9.894196e-01
-2.500000 1.269137 -4.441980 0.108923 9.915653e-01
-2.200000 1.242756 -3.976819 0.092537 9.936378e-01
-1.900000 1.214816 -3.522965 0.076305 9.954644e-01
-1.600000 1.185860 -3.083236 0.061382 9.969154e-01
-1.300000 1.156130 -2.659100 0.048461 9.979751e-01
-1.000000 1.125208 -2.250416 0.037309 9.987319e-01
-0.700000 1.092050 -1.856485 0.026935 9.992980e-01
-0.400000 1.055328 -1.477459 0.016069 9.997323e-01
-0.100000 1.013898 -1.115288 0.003686 9.999847e-01
0.200000 0.967506 -0.774005 0.011147 9.998467e-01
0.500000 0.917690 -0.458845 0.027048 9.989978e-01
0.800000 0.868018 -0.173604 0.041962 9.973084e-01
1.100000 12.903106 1.290311 0.666862 9.969248e-01
1.400000 0.783726 0.313490 0.060322 9.932049e-01
1.700000 0.751780 0.526246 0.063566 9.918111e-01
2.000000 0.725767 0.725767 0.064462 9.909720e-01
2.300000 0.704460 0.915798 0.064177 9.905066e-01
2.600000 0.686780 1.098848 0.063460 9.902361e-01
2.900000 0.671897 1.276605 0.062705 9.900420e-01
3.200000 0.659198 1.450236 0.062077 9.898624e-01
3.500000 0.648233 1.620582 0.061622 9.896717e-01
3.800000 0.638670 1.788275 0.061327 9.894641e-01
4.100000 0.630258 1.953799 0.061158 9.892427e-01
4.400000 0.622805 2.117538 0.061082 9.890136e-01
4.700000 0.616162 2.279799 0.061069 9.887830e-01
5.000000 0.610207 2.440829 0.061095 9.885559e-01
5.300000 0.604844 2.600830 0.061143 9.883363e-01
5.600000 0.599993 2.759967 0.061201 9.881270e-01
5.900000 0.595587 2.918376 0.061261 9.879294e-01
6.200000 0.591571 3.076169 0.061318 9.877445e-01
6.500000 0.587898 3.233438 0.061368 9.875727e-01
6.800000 0.584528 3.390260 0.061411 9.874136e-01
7.100000 0.581426 3.546700 0.061444 9.872671e-01
7.400000 0.578564 3.702810 0.061468 9.871323e-01
7.700000 0.575916 3.858634 0.061484 9.870088e-01
8.000000 0.573459 4.014211 0.061491 9.868957e-01
8.300000 0.571174 4.169572 0.061490 9.867923e-01
8.600000 0.569045 4.324742 0.061483 9.866978e-01
8.900000 0.567056 4.479745 0.061469 9.866115e-01
9.200000 0.565195 4.634599 0.061450 9.865328e-01
9.500000 0.563449 4.789320 0.061425 9.864609e-01
9.800000 0.561809 4.943923 0.061397 9.863953e-01
10.100000 0.560266 5.098419 0.061364 9.863355e-01
10.400000 0.558810 5.252818 0.061329 9.862808e-01
10.700000 0.557436 5.407130 0.061291 9.862309e-01
11.000000 0.556136 5.561361 0.061251 9.861852e-01
11.300000 0.554905 5.715518 0.061209 9.861435e-01
11.600000 0.553737 5.869608 0.061165 9.861054e-01
11.900000 0.552627 6.023635 0.061120 9.860704e-01
12.200000 0.551572 6.177603 0.061074 9.860385e-01
12.500000 0.550567 6.331518 0.061028 9.860092e-01
12.800000 0.549609 6.485381 0.060981 9.859823e-01
13.100000 0.548694 6.639197 0.060934 9.859576e-01
13.400000 0.547820 6.792967 0.060887 9.859350e-01
13.700000 0.546984 6.946696 0.060839 9.859142e-01
14.000000 0.546183 7.100384 0.060792 9.858951e-01
14.300000 0.545416 7.254035 0.060745 9.858775e-01
14.600000 0.544680 7.407649 0.060698 9.858613e-01
14.900000 0.543973 7.561229 0.060652 9.858463e-01
15.200000 0.543294 7.714776 0.060606 9.858326e-01
15.500000 0.542641 7.868292 0.060561 9.858199e-01
15.800000 0.542012 8.021777 0.060516 9.858081e-01
16.100000 0.541406 8.175235 0.060472 9.857973e-01
16.400000 0.540822 8.328665 0.060428 9.857873e-01
16.700000 0.540259 8.482068 0.060385 9.857780e-01
17.000000 0.539715 8.635446 0.060343 9.857694e-01
17.300000 0.539190 8.788800 0.060301 9.857614e-01
17.600000 0.538683 8.942131 0.060260 9.857541e-01
17.900000 0.538192 9.095439 0.060220 9.857472e-01
18.200000 0.537717 9.248725 0.060181 9.857409e-01
18.500000 0.537257 9.401991 0.060142 9.857350e-01
18.800000 0.536811 9.555236 0.060104 9.857295e-01
19.100000 0.536379 9.708462 0.060066 9.857244e-01
19.400000 0.535960 9.861670 0.060029 9.857196e-01
19.700000 0.535554 10.014859 0.059993 9.857152e-01
20.000000 0.535160 10.168031 0.059958 9.857111e-01
20.300000 0.534777 10.321186 0.059923 9.857072e-01
20.600000 0.534404 10.474326 0.059889 9.857036e-01
20.900000 0.534043 10.627449 0.059856 9.857003e-01
21.200000 0.533691 10.780558 0.059823 9.856972e-01
21.500000 0.533349 10.933652 0.059791 9.856943e-01
21.800000 0.533016 11.086732 0.059759 9.856915e-01
22.100000 0.532692 11.239798 0.059728 9.856890e-01
22.400000 0.532376 11.392852 0.059698 9.856866e-01
22.700000 0.532069 11.545892 0.059668 9.856844e-01
23.000000 0.531769 11.698921 0.059639 9.856823e-01
23.300000 0.531477 11.851938 0.059610 9.856803e-01
23.600000 0.531192 12.004944 0.059582 9.856785e-01
23.900000 0.530914 12.157938 0.059555 9.856768e-01
24.200000 0.530643 12.310922 0.059528 9.856751e-01
24.500000 0.530379 12.463896 0.059501 9.856736e-01
24.800000 0.530120 12.616860 0.059475 9.856722e-01
