1.465263 0.571834 8.504221e-01 0.684997 0.370912 7.470480e-01
1.226779 0.313364 9.299287e-01 0.888557 0.151343 9.675836e-01
1.076848 0.087144 9.924938e-01 0.974059 0.021925 9.994153e-01
1.021124 0.017513 9.996604e-01 0.989482 0.004682 9.999741e-01
1.000168 0.006530 9.999508e-01 0.988841 0.004642 9.999745e-01
0.988506 0.004468 9.999764e-01 0.984872 0.004959 9.999707e-01
0.979720 0.006350 9.999515e-01 0.979205 0.006528 9.999487e-01
0.972296 0.009116 9.998985e-01 0.972179 0.009162 9.998974e-01
0.965809 0.011624 9.998327e-01 0.964091 0.012298 9.998121e-01
0.960081 0.013751 9.997632e-01 0.955229 0.015608 9.996918e-01
0.954991 0.015525 9.996949e-01 0.945828 0.018914 9.995384e-01
0.950442 0.016997 9.996308e-01 0.936060 0.022114 9.993559e-01
0.946351 0.018219 9.995721e-01 0.926047 0.025152 9.991488e-01
0.942645 0.019240 9.995191e-01 0.915866 0.028007 9.989213e-01
0.939265 0.020100 9.994714e-01 0.905565 0.030685 9.986757e-01
0.936160 0.020837 9.994282e-01 0.895169 0.033212 9.984128e-01
0.933288 0.021479 9.993887e-01 0.884690 0.035625 9.981309e-01
0.930613 0.022052 9.993519e-01 0.874130 0.037967 9.978261e-01
0.928108 0.022576 9.993171e-01 0.863486 0.040290 9.974921e-01
0.925748 0.023066 9.992835e-01 0.852753 0.042642 9.971205e-01
0.923515 0.023536 9.992505e-01 0.841924 0.045075 9.967007e-01
0.921392 0.023995 9.992174e-01 0.830994 0.047635 9.962196e-01
0.919367 0.024450 9.991839e-01 0.819959 0.050364 9.956620e-01
0.917429 0.024907 9.991495e-01 0.808819 0.053297 9.950105e-01
0.915570 0.025370 9.991140e-01 0.797574 0.056462 9.942457e-01
0.913783 0.025841 9.990773e-01 0.786227 0.059881 9.933457e-01
0.912062 0.026321 9.990391e-01 0.774786 0.063565 9.922869e-01
0.910403 0.026811 9.989995e-01 0.763259 0.067519 9.910439e-01
0.908803 0.027309 9.989583e-01 0.751658 0.071740 9.895898e-01
0.907258 0.027814 9.989158e-01 0.739996 0.076219 9.878966e-01
0.905767 0.028326 9.988718e-01 0.728289 0.080943 9.859357e-01
0.904327 0.028842 9.988267e-01 0.716555 0.085890 9.836784e-01
0.902937 0.029359 9.987805e-01 0.704812 0.091039 9.810965e-01
0.901596 0.029876 9.987335e-01 0.693081 0.096363 9.781632e-01
0.900303 0.030391 9.986858e-01 0.681382 0.101835 9.748533e-01
0.899058 0.030900 9.986377e-01 0.669736 0.107427 9.711447e-01
0.897858 0.031402 9.985894e-01 0.658165 0.113107 9.670184e-01
0.896705 0.031895 9.985411e-01 0.646688 0.118848 9.624594e-01
0.895596 0.032376 9.984930e-01 0.635325 0.124619 9.574575e-01
0.894532 0.032845 9.984455e-01 0.624097 0.130394 9.520074e-01
0.893511 0.033299 9.983987e-01 0.613022 0.136145 9.461092e-01
0.892533 0.033737 9.983527e-01 0.602116 0.141846 9.397687e-01
0.891596 0.034158 9.983078e-01 0.591394 0.147476 9.329969e-01
0.890701 0.034562 9.982642e-01 0.580871 0.153013 9.258106e-01
0.889845 0.034947 9.982220e-01 0.570558 0.158437 9.182312e-01
0.889028 0.035313 9.981812e-01 0.560468 0.163731 9.102851e-01
0.888248 0.035661 9.981421e-01 0.550607 0.168882 9.020024e-01
0.887505 0.035989 9.981046e-01 0.540985 0.173876 8.934167e-01
0.886797 0.036298 9.980690e-01 0.531606 0.178704 8.845642e-01
0.886123 0.036588 9.980350e-01 0.522475 0.183356 8.754829e-01
0.885482 0.036859 9.980030e-01 0.513595 0.187826 8.662118e-01
0.884872 0.037113 9.979727e-01 0.504966 0.192109 8.567906e-01
0.884292 0.037348 9.979442e-01 0.496590 0.196203 8.472584e-01
0.883741 0.037567 9.979175e-01 0.488466 0.200106 8.376535e-01
0.883218 0.037769 9.978926e-01 0.480591 0.203818 8.280127e-01
0.882721 0.037955 9.978694e-01 0.472962 0.207339 8.183711e-01
0.882249 0.038126 9.978479e-01 0.465577 0.210672 8.087614e-01
0.881801 0.038283 9.978280e-01 0.458431 0.213819 7.992140e-01
0.881376 0.038426 9.978097e-01 0.451520 0.216785 7.897563e-01
0.880972 0.038557 9.977928e-01 0.444837 0.219573 7.804134e-01
0.880589 0.038675 9.977774e-01 0.438378 0.222189 7.712073e-01
0.880225 0.038781 9.977633e-01 0.432137 0.224637 7.621573e-01
0.879879 0.038877 9.977505e-01 0.426106 0.226924 7.532802e-01
0.879551 0.038962 9.977390e-01 0.420281 0.229054 7.445901e-01
0.879239 0.039038 9.977285e-01 0.414655 0.231035 7.360986e-01
0.878943 0.039105 9.977192e-01 0.409221 0.232872 7.278152e-01
0.878661 0.039164 9.977109e-01 0.403972 0.234571 7.197472e-01
0.878394 0.039216 9.977035e-01 0.398902 0.236138 7.119001e-01
0.878140 0.039260 9.976970e-01 0.394006 0.237580 7.042775e-01
