1.533453 0.273239 9.646304e-01 0.603222 0.314783 7.607570e-01
1.490602 0.233710 9.723942e-01 0.690821 0.232208 8.845791e-01
1.440088 0.186993 9.809005e-01 0.779095 0.147724 9.601362e-01
1.387633 0.142891 9.879024e-01 0.855177 0.080027 9.899880e-01
1.337400 0.109105 9.923728e-01 0.913016 0.037411 9.980648e-01
1.288775 0.086381 9.948386e-01 0.954343 0.015653 9.996894e-01
1.237002 0.069989 9.963166e-01 0.982658 0.005813 9.999596e-01
1.175189 0.053312 9.976290e-01 0.997769 0.001802 9.999962e-01
1.096967 0.030398 9.991140e-01 0.993398 0.002997 9.999895e-01
1.001792 0.001478 9.999975e-01 0.959741 0.013827 9.997603e-01
0.900125 0.032985 9.984516e-01 0.893704 0.034778 9.982542e-01
0.808441 0.056432 9.944044e-01 0.807030 0.056740 9.943240e-01
0.736670 0.067055 9.905222e-01 0.717848 0.069854 9.891826e-01
0.684638 0.068844 9.884577e-01 0.637639 0.073550 9.848671e-01
0.647563 0.067375 9.876529e-01 0.569360 0.074614 9.805525e-01
0.620676 0.065932 9.871362e-01 0.511758 0.079444 9.729231e-01
0.600579 0.065434 9.864768e-01 0.462658 0.089107 9.589221e-01
0.585104 0.065664 9.856636e-01 0.420196 0.101073 9.373677e-01
0.572896 0.066195 9.848164e-01 0.383033 0.112855 9.088826e-01
0.563094 0.066732 9.840398e-01 0.350248 0.123138 8.750865e-01
0.555124 0.067135 9.833900e-01 0.321196 0.131489 8.378463e-01
0.548584 0.067366 9.828834e-01 0.295394 0.137933 7.988478e-01
0.543181 0.067432 9.825134e-01 0.272457 0.142693 7.594401e-01
0.538694 0.067361 9.822626e-01 0.252062 0.146042 7.206298e-01
