-25.000000 1.565181 -40.694699 0.249655 9.714571e-01
-24.700000 1.564506 -40.207811 0.249519 9.714633e-01
-24.400000 1.563816 -39.720924 0.249380 9.714698e-01
-24.100000 1.563109 -39.234040 0.249237 9.714765e-01
-23.800000 1.562385 -38.747158 0.249090 9.714835e-01
-23.500000 1.561644 -38.260278 0.248939 9.714908e-01
-23.200000 1.560884 -37.773401 0.248784 9.714984e-01
-22.900000 1.560106 -37.286525 0.248624 9.715063e-01
-22.600000 1.559307 -36.799652 0.248460 9.715145e-01
-22.300000 1.558488 -36.312782 0.248291 9.715231e-01
-22.000000 1.557648 -35.825914 0.248117 9.715321e-01
-21.700000 1.556786 -35.339049 0.247938 9.715414e-01
-21.400000 1.555901 -34.852187 0.247753 9.715512e-01
-21.100000 1.554992 -34.365328 0.247563 9.715614e-01
-20.800000 1.554058 -33.878471 0.247366 9.715720e-01
-20.500000 1.553099 -33.391618 0.247164 9.715832e-01
-20.200000 1.552112 -32.904769 0.246954 9.715948e-01
-19.900000 1.551097 -32.417923 0.246738 9.716071e-01
-19.600000 1.550052 -31.931080 0.246515 9.716199e-01
-19.300000 1.548977 -31.444242 0.246284 9.716333e-01
-19.000000 1.547870 -30.957408 0.246045 9.716474e-01
-18.700000 1.546730 -30.470578 0.245797 9.716622e-01
-18.400000 1.545554 -29.983753 0.245541 9.716778e-01
-18.100000 1.544342 -29.496933 0.245275 9.716942e-01
-17.800000 1.543091 -29.010119 0.245000 9.717115e-01
-17.500000 1.541801 -28.523311 0.244714 9.717297e-01
-17.200000 1.540468 -28.036509 0.244417 9.717489e-01
-16.900000 1.539090 -27.549714 0.244108 9.717692e-01
-16.600000 1.537666 -27.062926 0.243786 9.717907e-01
-16.300000 1.536193 -26.576147 0.243452 9.718135e-01
-16.000000 1.534669 -26.089376 0.243103 9.718375e-01
-15.700000 1.533091 -25.602615 0.242740 9.718631e-01
-15.400000 1.531455 -25.115864 0.242360 9.718903e-01
-15.100000 1.529759 -24.629125 0.241964 9.719192e-01
-14.800000 1.528000 -24.142399 0.241549 9.719499e-01
-14.500000 1.526173 -23.655687 0.241115 9.719828e-01
-14.200000 1.524276 -23.168989 0.240660 9.720178e-01
-13.900000 1.522303 -22.682309 0.240183 9.720554e-01
-13.600000 1.520250 -22.195647 0.239682 9.720956e-01
-13.300000 1.518112 -21.709006 0.239154 9.721388e-01
-13.000000 1.515885 -21.222388 0.238598 9.721852e-01
-12.700000 1.513562 -20.735796 0.238012 9.722352e-01
-12.400000 1.511137 -20.249231 0.237393 9.722891e-01
-12.100000 1.508603 -19.762698 0.236739 9.723475e-01
-11.800000 1.505953 -19.276200 0.236045 9.724107e-01
-11.500000 1.503179 -18.789741 0.235309 9.724793e-01
-11.200000 1.500273 -18.303325 0.234526 9.725540e-01
-10.900000 1.497223 -17.816958 0.233692 9.726354e-01
-10.600000 1.494021 -17.330645 0.232802 9.727243e-01
-10.300000 1.490654 -16.844392 0.231851 9.728217e-01
-10.000000 1.487110 -16.358207 0.230832 9.729286e-01
-9.700000 1.483374 -15.872099 0.229737 9.730462e-01
-9.400000 1.479430 -15.386075 0.228559 9.731759e-01
-9.100000 1.475262 -14.900147 0.227289 9.733193e-01
-8.800000 1.470850 -14.414326 0.225915 9.734781e-01
-8.500000 1.466171 -13.928625 0.224426 9.736546e-01
-8.200000 1.461202 -13.443060 0.222807 9.738510e-01
-7.900000 1.455916 -12.957649 0.221044 9.740702e-01
-7.600000 1.450280 -12.472411 0.219117 9.743154e-01
-7.300000 1.444262 -11.987371 0.217006 9.745904e-01
-7.000000 1.437819 -11.502555 0.214686 9.748995e-01
-6.700000 1.430909 -11.017996 0.212129 9.752477e-01
-6.400000 1.423477 -10.533732 0.209302 9.756410e-01
-6.100000 1.415466 -10.049812 0.206166 9.760862e-01
-5.800000 1.406808 -9.566292 0.202678 9.765912e-01
-5.500000 1.397422 -9.083243 0.198782 9.771654e-01
-5.200000 1.387219 -8.600755 0.194419 9.778195e-01
-4.900000 1.376092 -8.118942 0.189514 9.785660e-01
-4.600000 1.363920 -7.637952 0.183981 9.794192e-01
-4.300000 1.350562 -7.157980 0.177720 9.803948e-01
-4.000000 1.335858 -6.679288 0.170613 9.815105e-01
-3.700000 1.319625 -6.202236 0.162526 9.827841e-01
-3.400000 1.301665 -5.727326 0.153311 9.842323e-01
-3.100000 1.281773 -5.255271 0.142811 9.858667e-01
-2.800000 1.259762 -4.787097 0.130884 9.876877e-01
-2.500000 1.235508 -4.324278 0.117433 9.896746e-01
-2.200000 1.209026 -3.868884 0.102476 9.917718e-01
-1.900000 1.180576 -3.423671 0.086237 9.938758e-01
-1.600000 1.150746 -2.991940 0.069251 9.958350e-01
-1.300000 1.120420 -2.576966 0.052385 9.974818e-01
-1.000000 1.090522 -2.181043 0.036629 9.986988e-01
-0.700000 1.061600 -1.804720 0.022683 9.994730e-01
-0.400000 1.033553 -1.446974 0.010659 9.998772e-01
-0.100000 1.005703 -1.106273 0.002061 9.999951e-01
0.200000 0.977102 -0.781681 0.010880 9.998568e-01
0.500000 0.946886 -0.473443 0.021451 9.994077e-01
0.800000 0.914631 -0.182926 0.032883 9.985095e-01
1.100000 14.145052 1.414505 1.050811 9.936671e-01
1.400000 0.846337 0.338535 0.056909 9.948055e-01
1.700000 0.813262 0.569283 0.067507 9.921057e-01
2.000000 0.782965 0.782965 0.075941 9.892526e-01
2.300000 0.756249 0.983123 0.082003 9.866032e-01
2.600000 0.733241 1.173186 0.085972 9.843719e-01
2.900000 0.713657 1.355948 0.088328 9.826169e-01
3.200000 0.697039 1.533486 0.089542 9.812990e-01
3.500000 0.682911 1.707277 0.089990 9.803409e-01
3.800000 0.670839 1.878349 0.089942 9.796627e-01
4.100000 0.660457 2.047418 0.089581 9.791964e-01
4.400000 0.651466 2.214984 0.089027 9.788885e-01
4.700000 0.643622 2.381401 0.088359 9.786986e-01
5.000000 0.636731 2.546923 0.087626 9.785965e-01
5.300000 0.630636 2.711734 0.086864 9.785597e-01
5.600000 0.625211 2.875970 0.086092 9.785714e-01
5.900000 0.620354 3.039735 0.085327 9.786186e-01
6.200000 0.615982 3.203106 0.084578 9.786918e-01
6.500000 0.612026 3.366144 0.083850 9.787833e-01
6.800000 0.608431 3.528898 0.083148 9.788875e-01
7.100000 0.605148 3.691405 0.082474 9.790001e-01
7.400000 0.602140 3.853696 0.081829 9.791176e-01
7.700000 0.599373 4.015799 0.081214 9.792374e-01
8.000000 0.596819 4.177733 0.080628 9.793578e-01
8.300000 0.594454 4.339517 0.080072 9.794771e-01
8.600000 0.592259 4.501167 0.079543 9.795944e-01
8.900000 0.590215 4.662695 0.079041 9.797089e-01
9.200000 0.588306 4.824113 0.078565 9.798199e-01
9.500000 0.586521 4.985431 0.078114 9.799272e-01
9.800000 0.584848 5.146658 0.077686 9.800304e-01
10.100000 0.583275 5.307802 0.077281 9.801296e-01
10.400000 0.581795 5.468869 0.076897 9.802245e-01
10.700000 0.580398 5.629865 0.076532 9.803154e-01
11.000000 0.579080 5.790797 0.076187 9.804021e-01
11.300000 0.577832 5.951668 0.075859 9.804848e-01
11.600000 0.576649 6.112484 0.075547 9.805636e-01
11.900000 0.575527 6.273248 0.075252 9.806387e-01
12.200000 0.574461 6.433964 0.074971 9.807102e-01
12.500000 0.573447 6.594635 0.074704 9.807782e-01
12.800000 0.572480 6.755264 0.074450 9.808429e-01
13.100000 0.571558 6.915854 0.074208 9.809045e-01
13.400000 0.570678 7.076407 0.073978 9.809630e-01
13.700000 0.569837 7.236925 0.073758 9.810188e-01
14.000000 0.569032 7.397410 0.073549 9.810718e-01
14.300000 0.568261 7.557865 0.073350 9.811222e-01
14.600000 0.567521 7.718290 0.073159 9.811702e-01
14.900000 0.566812 7.878688 0.072978 9.812160e-01
15.200000 0.566131 8.039060 0.072804 9.812595e-01
15.500000 0.565476 8.199406 0.072637 9.813010e-01
15.800000 0.564847 8.359729 0.072478 9.813405e-01
16.100000 0.564240 8.520029 0.072326 9.813781e-01
16.400000 0.563656 8.680307 0.072180 9.814140e-01
16.700000 0.563093 8.840564 0.072040 9.814483e-01
17.000000 0.562550 9.000802 0.071906 9.814809e-01
17.300000 0.562026 9.161020 0.071778 9.815121e-01
17.600000 0.561519 9.321219 0.071654 9.815419e-01
17.900000 0.561030 9.481401 0.071536 9.815703e-01
18.200000 0.560556 9.641566 0.071421 9.815975e-01
18.500000 0.560098 9.801713 0.071312 9.816234e-01
18.800000 0.559654 9.961845 0.071206 9.816482e-01
19.100000 0.559224 10.121961 0.071105 9.816720e-01
19.400000 0.558808 10.282062 0.071007 9.816947e-01
19.700000 0.558404 10.442149 0.070913 9.817164e-01
20.000000 0.558012 10.602221 0.070822 9.817372e-01
20.300000 0.557631 10.762279 0.070734 9.817571e-01
20.600000 0.557261 10.922323 0.070650 9.817762e-01
20.900000 0.556902 11.082355 0.070568 9.817945e-01
21.200000 0.556553 11.242374 0.070489 9.818120e-01
21.500000 0.556214 11.402380 0.070413 9.818288e-01
21.800000 0.555883 11.562374 0.070340 9.818449e-01
22.100000 0.555562 11.722356 0.070268 9.818603e-01
22.400000 0.555249 11.882326 0.070200 9.818751e-01
22.700000 0.554944 12.042285 0.070133 9.818894e-01
23.000000 0.554647 12.202233 0.070069 9.819030e-01
23.300000 0.554357 12.362170 0.070006 9.819161e-01
23.600000 0.554075 12.522097 0.069946 9.819287e-01
23.900000 0.553800 12.682013 0.069887 9.819408e-01
24.200000 0.553531 12.841919 0.069830 9.819525e-01
24.500000 0.553269 13.001815 0.069775 9.819636e-01
24.800000 0.553013 13.161701 0.069722 9.819744e-01
