1.502729 0.270282 9.639864e-01 0.562880 0.268803 7.915361e-01
1.463491 0.248613 9.677482e-01 0.643038 0.223651 8.774244e-01
1.412839 0.217906 9.732632e-01 0.731398 0.169491 9.416044e-01
1.352330 0.179124 9.801411e-01 0.818937 0.113053 9.784656e-01
1.286861 0.136605 9.871537e-01 0.894182 0.063918 9.941337e-01
1.222596 0.096632 9.928373e-01 0.948903 0.029575 9.988794e-01
1.163292 0.063666 9.965529e-01 0.981657 0.011112 9.998521e-01
1.108601 0.038103 9.986376e-01 0.995413 0.004656 9.999747e-01
1.055205 0.017252 9.996914e-01 0.992723 0.005552 9.999639e-01
0.998919 0.003727 9.999839e-01 0.972903 0.012340 9.998142e-01
0.936785 0.024986 9.991791e-01 0.932354 0.026564 9.990634e-01
0.869228 0.049053 9.963357e-01 0.868081 0.049459 9.962651e-01
0.800990 0.072192 9.907063e-01 0.782851 0.078314 9.885752e-01
0.738868 0.090028 9.831437e-01 0.686792 0.105876 9.732876e-01
0.687708 0.100392 9.759808e-01 0.592451 0.125258 9.509129e-01
0.648611 0.104194 9.710607e-01 0.508683 0.134457 9.253380e-01
0.620027 0.103775 9.686630e-01 0.438885 0.135950 9.002440e-01
0.599531 0.101262 9.681053e-01 0.382692 0.133656 8.765285e-01
0.584870 0.097992 9.685996e-01 0.338097 0.130597 8.530180e-01
0.574300 0.094620 9.696043e-01 0.302771 0.128170 8.285351e-01
0.566573 0.091406 9.708190e-01 0.274627 0.126545 8.030817e-01
0.560827 0.088429 9.720901e-01 0.251973 0.125374 7.776576e-01
0.556474 0.085702 9.733385e-01 0.233502 0.124284 7.534834e-01
0.553113 0.083222 9.745218e-01 0.218229 0.123059 7.314101e-01
0.550467 0.080979 9.756172e-01 0.205414 0.121646 7.117421e-01
