1.199045 0.117729 9.889893e-01 0.507736 0.287693 7.295164e-01
1.194982 0.116120 9.892128e-01 0.533116 0.275641 7.641041e-01
1.190468 0.114207 9.894831e-01 0.559962 0.262232 7.979153e-01
1.185468 0.111966 9.898031e-01 0.588201 0.247575 8.301570e-01
1.179952 0.109374 9.901749e-01 0.617699 0.231818 8.601014e-01
1.173896 0.106409 9.906001e-01 0.648264 0.215131 8.871678e-01
1.167287 0.103051 9.910796e-01 0.679644 0.197699 9.109812e-01
1.160120 0.099278 9.916137e-01 0.711526 0.179704 9.313893e-01
1.152399 0.095070 9.922015e-01 0.743552 0.161324 9.484401e-01
1.144144 0.090411 9.928404e-01 0.775321 0.142738 9.623324e-01
1.135384 0.085292 9.935251e-01 0.806406 0.124145 9.733590e-01
1.126163 0.079718 9.942466e-01 0.836365 0.105785 9.818604e-01
1.116536 0.073717 9.949913e-01 0.864755 0.087951 9.881950e-01
1.106572 0.067341 9.957413e-01 0.891153 0.070992 9.927243e-01
1.096346 0.060671 9.964758e-01 0.915177 0.055283 9.958037e-01
1.085941 0.053807 9.971728e-01 0.936505 0.041184 9.977716e-01
1.075430 0.046858 9.978123e-01 0.954897 0.028997 9.989362e-01
1.064876 0.039929 9.983789e-01 0.970200 0.018922 9.995609e-01
1.054316 0.033100 9.988630e-01 0.982344 0.011044 9.998541e-01
1.043754 0.026413 9.992610e-01 0.991321 0.005342 9.999665e-01
1.033158 0.019861 9.995734e-01 0.997148 0.001729 9.999965e-01
1.022454 0.013385 9.998021e-01 0.999820 0.000108 1.000000e+00
1.011531 0.006874 9.999467e-01 0.999266 0.000436 9.999998e-01
1.000244 0.000182 1.000000e+00 0.995305 0.002788 9.999909e-01
0.988430 0.006901 9.999437e-01 0.987611 0.007398 9.999352e-01
0.975929 0.014541 9.997437e-01 0.975716 0.014673 9.997389e-01
0.962612 0.022914 9.993461e-01 0.959047 0.025159 9.992059e-01
0.948422 0.032122 9.986771e-01 0.937031 0.039453 9.979569e-01
0.933417 0.042149 9.976508e-01 0.909255 0.058026 9.953188e-01
0.917801 0.052825 9.961889e-01 0.875668 0.081001 9.902152e-01
0.901916 0.063822 9.942506e-01 0.836748 0.107956 9.811392e-01
0.886202 0.074697 9.918621e-01 0.793544 0.137862 9.663183e-01
0.871116 0.084986 9.891278e-01 0.747553 0.169226 9.441263e-01
0.857049 0.094302 9.862113e-01 0.700460 0.200402 9.136352e-01
0.844269 0.102402 9.832943e-01 0.653847 0.229934 8.750312e-01
0.832899 0.109205 9.805336e-01 0.608971 0.256788 8.296387e-01
0.822939 0.114759 9.780356e-01 0.566676 0.280426 7.795405e-01
0.814303 0.119199 9.758520e-01 0.527414 0.300730 7.270238e-01
