1.805287 0.622419 8.792931e-01 0.561181 0.326763 7.186241e-01
1.683697 0.564257 8.851882e-01 0.699805 0.248326 8.730444e-01
1.510325 0.437705 9.115816e-01 0.845882 0.141709 9.686061e-01
1.310914 0.255038 9.581202e-01 0.955799 0.041502 9.978274e-01
1.153979 0.111503 9.893330e-01 0.996623 0.003688 9.999842e-01
1.054089 0.032247 9.989203e-01 0.992784 0.006327 9.999531e-01
0.989245 0.011071 9.998554e-01 0.970726 0.020563 9.994821e-01
0.944227 0.034795 9.984342e-01 0.941843 0.035849 9.983297e-01
0.911349 0.048665 9.967178e-01 0.910848 0.048843 9.966902e-01
0.886244 0.056744 9.952880e-01 0.879621 0.058873 9.948533e-01
0.866229 0.061555 9.942023e-01 0.848701 0.066467 9.929667e-01
0.849653 0.064604 9.933676e-01 0.818106 0.072591 9.909898e-01
0.835507 0.066762 9.926802e-01 0.787745 0.078203 9.887464e-01
0.823176 0.068505 9.920653e-01 0.757574 0.084010 9.859973e-01
0.812277 0.070069 9.914797e-01 0.727633 0.090370 9.824985e-01
0.802563 0.071554 9.909037e-01 0.698030 0.097330 9.780402e-01
0.793862 0.072987 9.903326e-01 0.668908 0.104735 9.724672e-01
0.786051 0.074366 9.897694e-01 0.640419 0.112338 9.656847e-01
0.779032 0.075674 9.892205e-01 0.612710 0.119893 9.576543e-01
0.772721 0.076897 9.886927e-01 0.585907 0.127193 9.483848e-01
0.767049 0.078024 9.881919e-01 0.560113 0.134093 9.379201e-01
0.761951 0.079050 9.877224e-01 0.535403 0.140503 9.263285e-01
0.757371 0.079974 9.872869e-01 0.511828 0.146380 9.136939e-01
0.753257 0.080798 9.868867e-01 0.489416 0.151715 9.001098e-01
0.749561 0.081527 9.865221e-01 0.468175 0.156524 8.856749e-01
0.746241 0.082167 9.861924e-01 0.448097 0.160834 8.704907e-01
0.743257 0.082724 9.858962e-01 0.429158 0.164684 8.546602e-01
0.740574 0.083205 9.856318e-01 0.411326 0.168113 8.382871e-01
0.738161 0.083618 9.853972e-01 0.394559 0.171160 8.214741e-01
0.735988 0.083970 9.851902e-01 0.378808 0.173865 8.043229e-01
0.734029 0.084265 9.850088e-01 0.364023 0.176261 7.869323e-01
0.732261 0.084511 9.848507e-01 0.350150 0.178381 7.693975e-01
0.730663 0.084713 9.847137e-01 0.337132 0.180251 7.518086e-01
0.729217 0.084875 9.845960e-01 0.324916 0.181896 7.342498e-01
0.727906 0.085003 9.844956e-01 0.313447 0.183337 7.167985e-01
