1.424391 0.289349 9.545126e-01 0.599810 0.278220 8.009804e-01
1.365562 0.256015 9.609923e-01 0.702346 0.220337 8.979426e-01
1.291950 0.203890 9.720418e-01 0.808795 0.145301 9.640669e-01
1.213338 0.142768 9.842625e-01 0.899255 0.074921 9.920477e-01
1.143502 0.088894 9.930693e-01 0.958968 0.028601 9.989738e-01
1.089309 0.050320 9.975417e-01 0.989174 0.006902 9.999438e-01
1.049438 0.025171 9.993361e-01 0.999451 0.000318 9.999999e-01
1.019973 0.008938 9.999113e-01 0.998192 0.000956 9.999989e-01
0.997671 0.001719 9.999966e-01 0.990534 0.004573 9.999754e-01
0.980385 0.008722 9.999086e-01 0.979404 0.009055 9.999013e-01
0.966716 0.013238 9.997835e-01 0.966495 0.013294 9.997816e-01
0.955696 0.015998 9.996765e-01 0.952777 0.016708 9.996450e-01
0.946633 0.017511 9.996050e-01 0.938771 0.019030 9.995257e-01
0.939019 0.018144 9.995690e-01 0.924717 0.020193 9.994496e-01
0.932485 0.018165 9.995620e-01 0.910691 0.020258 9.994289e-01
0.926761 0.017770 9.995756e-01 0.896684 0.019376 9.994611e-01
0.921652 0.017107 9.996023e-01 0.882648 0.017791 9.995310e-01
0.917019 0.016288 9.996358e-01 0.868527 0.015896 9.996133e-01
0.912760 0.015401 9.996713e-01 0.854271 0.014346 9.996744e-01
0.908805 0.014519 9.997053e-01 0.839841 0.014094 9.996749e-01
0.905102 0.013703 9.997354e-01 0.825218 0.015911 9.995709e-01
0.901613 0.013003 9.997599e-01 0.810397 0.019722 9.993165e-01
0.898313 0.012459 9.997779e-01 0.795387 0.024944 9.988655e-01
0.895184 0.012097 9.997892e-01 0.780211 0.031054 9.981738e-01
0.892210 0.011923 9.997938e-01 0.764903 0.037708 9.972012e-01
0.889384 0.011931 9.997922e-01 0.749501 0.044673 9.959141e-01
0.886696 0.012096 9.997851e-01 0.734053 0.051780 9.942864e-01
0.884142 0.012387 9.997734e-01 0.718605 0.058900 9.923012e-01
0.881717 0.012771 9.997578e-01 0.703209 0.065929 9.899509e-01
0.879417 0.013214 9.997393e-01 0.687913 0.072783 9.872374e-01
0.877236 0.013691 9.997188e-01 0.672763 0.079394 9.841711e-01
0.875173 0.014178 9.996970e-01 0.657803 0.085712 9.807697e-01
0.873221 0.014661 9.996746e-01 0.643073 0.091699 9.770571e-01
0.871378 0.015126 9.996521e-01 0.628608 0.097327 9.730614e-01
0.869639 0.015566 9.996301e-01 0.614439 0.102583 9.688139e-01
0.868001 0.015977 9.996089e-01 0.600593 0.107460 9.643471e-01
0.866457 0.016355 9.995887e-01 0.587090 0.111960 9.596939e-01
0.865005 0.016701 9.995697e-01 0.573947 0.116088 9.548865e-01
0.863639 0.017013 9.995520e-01 0.561177 0.119857 9.499558e-01
0.862355 0.017294 9.995357e-01 0.548789 0.123281 9.449309e-01
0.861148 0.017545 9.995209e-01 0.536788 0.126379 9.398386e-01
0.860015 0.017768 9.995073e-01 0.525176 0.129167 9.347033e-01
0.858951 0.017964 9.994951e-01 0.513953 0.131666 9.295473e-01
0.857952 0.018136 9.994842e-01 0.503114 0.133895 9.243902e-01
0.857014 0.018287 9.994745e-01 0.492655 0.135874 9.192496e-01
0.856133 0.018417 9.994659e-01 0.482570 0.137621 9.141408e-01
0.855306 0.018530 9.994583e-01 0.472849 0.139154 9.090771e-01
0.854528 0.018626 9.994516e-01 0.463484 0.140491 9.040698e-01
0.853798 0.018707 9.994459e-01 0.454464 0.141648 8.991286e-01
0.853111 0.018776 9.994409e-01 0.445779 0.142640 8.942613e-01
0.852465 0.018833 9.994367e-01 0.437416 0.143482 8.894744e-01
0.851858 0.018879 9.994331e-01 0.429364 0.144187 8.847729e-01
0.851286 0.018917 9.994301e-01 0.421613 0.144767 8.801607e-01
0.850747 0.018946 9.994276e-01 0.414149 0.145235 8.756402e-01
0.850239 0.018968 9.994256e-01 0.406961 0.145601 8.712132e-01
0.849759 0.018984 9.994239e-01 0.400038 0.145875 8.668802e-01
0.849307 0.018994 9.994227e-01 0.393368 0.146066 8.626411e-01
0.848880 0.019000 9.994218e-01 0.386940 0.146183 8.584950e-01
0.848476 0.019001 9.994212e-01 0.380744 0.146235 8.544403e-01
0.848094 0.018999 9.994208e-01 0.374769 0.146227 8.504750e-01
0.847733 0.018993 9.994206e-01 0.369005 0.146167 8.465966e-01
0.847391 0.018985 9.994207e-01 0.363443 0.146061 8.428021e-01
0.847066 0.018974 9.994209e-01 0.358074 0.145915 8.390883e-01
0.846759 0.018962 9.994212e-01 0.352889 0.145734 8.354517e-01
0.846466 0.018948 9.994217e-01 0.347879 0.145523 8.318888e-01
0.846189 0.018932 9.994222e-01 0.343036 0.145286 8.283956e-01
0.845925 0.018916 9.994229e-01 0.338353 0.145027 8.249684e-01
0.845674 0.018898 9.994236e-01 0.333823 0.144749 8.216032e-01
0.845435 0.018880 9.994244e-01 0.329439 0.144457 8.182962e-01
0.845207 0.018861 9.994252e-01 0.325194 0.144153 8.150434e-01
0.844990 0.018842 9.994261e-01 0.321081 0.143840 8.118411e-01
0.844783 0.018823 9.994270e-01 0.317096 0.143520 8.086855e-01
0.844586 0.018803 9.994279e-01 0.313232 0.143196 8.055729e-01
0.844397 0.018784 9.994289e-01 0.309484 0.142869 8.024999e-01
0.844216 0.018764 9.994298e-01 0.305848 0.142541 7.994631e-01
0.844044 0.018745 9.994308e-01 0.302317 0.142215 7.964591e-01
0.843879 0.018725 9.994317e-01 0.298889 0.141891 7.934850e-01
0.843720 0.018706 9.994326e-01 0.295558 0.141570 7.905377e-01
0.843569 0.018687 9.994336e-01 0.292320 0.141254 7.876145e-01
0.843423 0.018669 9.994345e-01 0.289172 0.140944 7.847128e-01
0.843284 0.018651 9.994354e-01 0.286110 0.140641 7.818301e-01
0.843150 0.018633 9.994363e-01 0.283130 0.140345 7.789640e-01
0.843021 0.018616 9.994372e-01 0.280229 0.140056 7.761126e-01
0.842898 0.018599 9.994381e-01 0.277404 0.139777 7.732737e-01
0.842779 0.018582 9.994389e-01 0.274652 0.139506 7.704456e-01
0.842664 0.018566 9.994397e-01 0.271970 0.139244 7.676265e-01
0.842554 0.018550 9.994405e-01 0.269355 0.138992 7.648151e-01
0.842448 0.018535 9.994413e-01 0.266805 0.138749 7.620098e-01
0.842346 0.018520 9.994421e-01 0.264318 0.138517 7.592095e-01
0.842247 0.018506 9.994428e-01 0.261890 0.138294 7.564129e-01
