-25.000000 1.223580 -31.813076 0.161086 9.803768e-01
-24.700000 1.223089 -31.433377 0.160887 9.804090e-01
-24.400000 1.222586 -31.053689 0.160681 9.804422e-01
-24.100000 1.222072 -30.674013 0.160470 9.804766e-01
-23.800000 1.221546 -30.294350 0.160252 9.805120e-01
-23.500000 1.221008 -29.914700 0.160028 9.805487e-01
-23.200000 1.220457 -29.535063 0.159797 9.805866e-01
-22.900000 1.219893 -29.155441 0.159559 9.806258e-01
-22.600000 1.219315 -28.775834 0.159313 9.806663e-01
-22.300000 1.218723 -28.396243 0.159059 9.807083e-01
-22.000000 1.218116 -28.016668 0.158797 9.807518e-01
-21.700000 1.217494 -27.637110 0.158526 9.807968e-01
-21.400000 1.216856 -27.257571 0.158247 9.808435e-01
-21.100000 1.216201 -26.878051 0.157958 9.808919e-01
-20.800000 1.215530 -26.498551 0.157659 9.809422e-01
-20.500000 1.214841 -26.119072 0.157350 9.809943e-01
-20.200000 1.214133 -25.739616 0.157029 9.810485e-01
-19.900000 1.213406 -25.360183 0.156698 9.811047e-01
-19.600000 1.212659 -24.980774 0.156354 9.811633e-01
-19.300000 1.211891 -24.601392 0.155997 9.812241e-01
-19.000000 1.211102 -24.222036 0.155628 9.812875e-01
-18.700000 1.210290 -23.842710 0.155244 9.813534e-01
-18.400000 1.209454 -23.463414 0.154845 9.814221e-01
-18.100000 1.208594 -23.084149 0.154431 9.814938e-01
-17.800000 1.207708 -22.704919 0.154000 9.815685e-01
-17.500000 1.206796 -22.325724 0.153551 9.816465e-01
-17.200000 1.205855 -21.946566 0.153084 9.817280e-01
-16.900000 1.204885 -21.567448 0.152598 9.818132e-01
-16.600000 1.203885 -21.188372 0.152090 9.819022e-01
-16.300000 1.202852 -20.809339 0.151561 9.819954e-01
-16.000000 1.201786 -20.430354 0.151008 9.820930e-01
-15.700000 1.200684 -20.051417 0.150431 9.821952e-01
-15.400000 1.199545 -19.672533 0.149827 9.823024e-01
-15.100000 1.198367 -19.293703 0.149194 9.824149e-01
-14.800000 1.197148 -18.914932 0.148532 9.825330e-01
-14.500000 1.195885 -18.536223 0.147838 9.826572e-01
-14.200000 1.194578 -18.157578 0.147110 9.827877e-01
-13.900000 1.193222 -17.779003 0.146345 9.829251e-01
-13.600000 1.191815 -17.400501 0.145541 9.830699e-01
-13.300000 1.190355 -17.022076 0.144695 9.832224e-01
-13.000000 1.188838 -16.643733 0.143804 9.833834e-01
-12.700000 1.187261 -16.265478 0.142864 9.835534e-01
-12.400000 1.185621 -15.887315 0.141872 9.837330e-01
-12.100000 1.183912 -15.509250 0.140825 9.839231e-01
-11.800000 1.182132 -15.131290 0.139716 9.841242e-01
-11.500000 1.180275 -14.753441 0.138542 9.843374e-01
-11.200000 1.178337 -14.375709 0.137297 9.845634e-01
-10.900000 1.176311 -13.998104 0.135975 9.848034e-01
-10.600000 1.174192 -13.620632 0.134569 9.850583e-01
-10.300000 1.171974 -13.243304 0.133072 9.853294e-01
-10.000000 1.169648 -12.866128 0.131477 9.856180e-01
-9.700000 1.167207 -12.489116 0.129772 9.859254e-01
-9.400000 1.164642 -12.112279 0.127949 9.862531e-01
-9.100000 1.161944 -11.735632 0.125997 9.866027e-01
-8.800000 1.159101 -11.359188 0.123902 9.869760e-01
-8.500000 1.156102 -10.982965 0.121650 9.873748e-01
-8.200000 1.152933 -10.606982 0.119225 9.878011e-01
-7.900000 1.149580 -10.231264 0.116610 9.882567e-01
-7.600000 1.146028 -9.855837 0.113786 9.887437e-01
-7.300000 1.142257 -9.480736 0.110730 9.892642e-01
-7.000000 1.138250 -9.106002 0.107418 9.898197e-01
-6.700000 1.133986 -8.731692 0.103826 9.904119e-01
-6.400000 1.129442 -8.357874 0.099925 9.910414e-01
-6.100000 1.124597 -7.984641 0.095690 9.917083e-01
-5.800000 1.119430 -7.612121 0.091093 9.924109e-01
-5.500000 1.113920 -7.240481 0.086114 9.931455e-01
-5.200000 1.108057 -6.869954 0.080741 9.939056e-01
-4.900000 1.101839 -6.500849 0.074979 9.946807e-01
-4.600000 1.095282 -6.133579 0.068860 9.954562e-01
-4.300000 1.088428 -5.768671 0.062451 9.962125e-01
-4.000000 1.081352 -5.406760 0.055867 9.969269e-01
-3.700000 1.074160 -5.048552 0.049271 9.975761e-01
-3.400000 1.066984 -4.694729 0.042855 9.981404e-01
-3.100000 1.059959 -4.345830 0.036814 9.986089e-01
-2.800000 1.053194 -4.002136 0.031299 9.989811e-01
-2.500000 1.046750 -3.663625 0.026386 9.992667e-01
-2.200000 1.040632 -3.330021 0.022068 9.994809e-01
-1.900000 1.034798 -3.000914 0.018273 9.996400e-01
-1.600000 1.029181 -2.675871 0.014899 9.997580e-01
-1.300000 1.023705 -2.354522 0.011835 9.998457e-01
-1.000000 1.018298 -2.036596 0.008981 9.999102e-01
-0.700000 1.012895 -1.721922 0.006252 9.999560e-01
-0.400000 1.007441 -1.410417 0.003580 9.999854e-01
-0.100000 1.001884 -1.102072 0.000903 9.999991e-01
0.200000 0.996174 -0.796939 0.001834 9.999961e-01
0.500000 0.990257 -0.495129 0.004685 9.999741e-01
0.800000 0.984075 -0.196815 0.007714 9.999290e-01
1.100000 16.314210 1.631421 1.991757 9.830779e-01
1.400000 0.970633 0.388253 0.014587 9.997392e-01
1.700000 0.963220 0.674254 0.018590 9.995700e-01
2.000000 0.955250 0.955250 0.023072 9.993268e-01
2.300000 0.946680 1.230684 0.028084 9.989847e-01
2.600000 0.937511 1.500017 0.033632 9.985160e-01
2.900000 0.927809 1.762837 0.039655 9.978949e-01
3.200000 0.917707 2.018956 0.046021 9.971042e-01
3.500000 0.907393 2.268483 0.052550 9.961417e-01
3.800000 0.897076 2.511813 0.059039 9.950229e-01
4.100000 0.886955 2.749562 0.065307 9.937779e-01
4.400000 0.877194 2.982461 0.071216 9.924456e-01
4.700000 0.867909 3.211264 0.076679 9.910662e-01
5.000000 0.859169 3.436677 0.081656 9.896764e-01
5.300000 0.851004 3.659319 0.086140 9.883060e-01
5.600000 0.843416 3.879715 0.090152 9.869774e-01
5.900000 0.836386 4.098294 0.093722 9.857064e-01
6.200000 0.829885 4.315402 0.096889 9.845028e-01
6.500000 0.823876 4.531317 0.099693 9.833716e-01
6.800000 0.818320 4.746258 0.102174 9.823148e-01
7.100000 0.813180 4.960399 0.104368 9.813318e-01
7.400000 0.808419 5.173880 0.106309 9.804202e-01
7.700000 0.804002 5.386812 0.108028 9.795769e-01
8.000000 0.799898 5.599284 0.109551 9.787979e-01
8.300000 0.796078 5.811369 0.110901 9.780789e-01
8.600000 0.792517 6.023126 0.112101 9.774158e-01
8.900000 0.789190 6.234604 0.113167 9.768044e-01
9.200000 0.786078 6.445842 0.114115 9.762405e-01
9.500000 0.783162 6.656875 0.114960 9.757203e-01
9.800000 0.780424 6.867730 0.115714 9.752402e-01
10.100000 0.777850 7.078432 0.116387 9.747968e-01
10.400000 0.775425 7.288999 0.116988 9.743872e-01
10.700000 0.773139 7.499450 0.117525 9.740083e-01
11.000000 0.770980 7.709799 0.118006 9.736577e-01
11.300000 0.768938 7.920059 0.118437 9.733329e-01
11.600000 0.767004 8.130240 0.118822 9.730318e-01
11.900000 0.765170 8.340353 0.119168 9.727524e-01
12.200000 0.763429 8.550405 0.119478 9.724928e-01
12.500000 0.761774 8.760403 0.119755 9.722515e-01
12.800000 0.760199 8.970354 0.120004 9.720269e-01
13.100000 0.758699 9.180263 0.120228 9.718176e-01
13.400000 0.757269 9.390136 0.120428 9.716225e-01
13.700000 0.755904 9.599976 0.120607 9.714404e-01
14.000000 0.754599 9.809787 0.120768 9.712702e-01
14.300000 0.753351 10.019573 0.120911 9.711111e-01
14.600000 0.752157 10.229337 0.121040 9.709621e-01
14.900000 0.751013 10.439081 0.121154 9.708225e-01
15.200000 0.749916 10.648808 0.121257 9.706916e-01
15.500000 0.748863 10.858519 0.121348 9.705687e-01
15.800000 0.747852 11.068217 0.121429 9.704532e-01
16.100000 0.746881 11.277903 0.121500 9.703446e-01
16.400000 0.745947 11.487578 0.121564 9.702424e-01
16.700000 0.745047 11.697245 0.121620 9.701460e-01
17.000000 0.744182 11.906904 0.121669 9.700552e-01
17.300000 0.743347 12.116557 0.121712 9.699694e-01
17.600000 0.742542 12.326203 0.121749 9.698884e-01
17.900000 0.741766 12.535845 0.121781 9.698119e-01
18.200000 0.741016 12.745482 0.121808 9.697394e-01
18.500000 0.740292 12.955117 0.121831 9.696708e-01
18.800000 0.739593 13.164748 0.121851 9.696058e-01
19.100000 0.738916 13.374377 0.121867 9.695441e-01
19.400000 0.738261 13.584004 0.121879 9.694856e-01
19.700000 0.737627 13.793630 0.121889 9.694300e-01
20.000000 0.737013 14.003255 0.121896 9.693771e-01
20.300000 0.736419 14.212879 0.121901 9.693268e-01
20.600000 0.735842 14.422503 0.121903 9.692790e-01
20.900000 0.735283 14.632127 0.121904 9.692334e-01
21.200000 0.734740 14.841751 0.121903 9.691899e-01
21.500000 0.734213 15.051376 0.121900 9.691485e-01
21.800000 0.733702 15.261001 0.121896 9.691089e-01
22.100000 0.733205 15.470627 0.121890 9.690711e-01
22.400000 0.732722 15.680254 0.121883 9.690350e-01
22.700000 0.732253 15.889882 0.121875 9.690004e-01
23.000000 0.731796 16.099512 0.121866 9.689674e-01
23.300000 0.731352 16.309142 0.121856 9.689358e-01
23.600000 0.730919 16.518775 0.121845 9.689055e-01
23.900000 0.730498 16.728408 0.121834 9.688764e-01
24.200000 0.730088 16.938044 0.121822 9.688486e-01
24.500000 0.729689 17.147681 0.121809 9.688219e-01
24.800000 0.729299 17.357320 0.121795 9.687962e-01
