-25.000000 1.316291 -34.223554 0.218933 9.690410e-01
-24.700000 1.315684 -33.813068 0.218776 9.690565e-01
-24.400000 1.315063 -33.402600 0.218613 9.690728e-01
-24.100000 1.314428 -32.992150 0.218445 9.690899e-01
-23.800000 1.313779 -32.581719 0.218272 9.691078e-01
-23.500000 1.313115 -32.171308 0.218093 9.691266e-01
-23.200000 1.312435 -31.760918 0.217908 9.691463e-01
-22.900000 1.311738 -31.350550 0.217717 9.691671e-01
-22.600000 1.311026 -30.940204 0.217520 9.691888e-01
-22.300000 1.310295 -30.529883 0.217316 9.692116e-01
-22.000000 1.309547 -30.119587 0.217104 9.692356e-01
-21.700000 1.308780 -29.709317 0.216885 9.692609e-01
-21.400000 1.307994 -29.299075 0.216659 9.692874e-01
-21.100000 1.307188 -28.888862 0.216424 9.693153e-01
-20.800000 1.306361 -28.478680 0.216180 9.693446e-01
-20.500000 1.305513 -28.068529 0.215927 9.693755e-01
-20.200000 1.304642 -27.658413 0.215665 9.694080e-01
-19.900000 1.303748 -27.248331 0.215393 9.694422e-01
-19.600000 1.302829 -26.838287 0.215110 9.694783e-01
-19.300000 1.301886 -26.428282 0.214816 9.695163e-01
-19.000000 1.300916 -26.018317 0.214510 9.695564e-01
-18.700000 1.299919 -25.608396 0.214192 9.695987e-01
-18.400000 1.298893 -25.198520 0.213861 9.696433e-01
-18.100000 1.297837 -24.788692 0.213516 9.696904e-01
-17.800000 1.296751 -24.378914 0.213157 9.697402e-01
-17.500000 1.295632 -23.969189 0.212782 9.697927e-01
-17.200000 1.294479 -23.559519 0.212391 9.698483e-01
-16.900000 1.293291 -23.149908 0.211983 9.699071e-01
-16.600000 1.292066 -22.740360 0.211557 9.699692e-01
-16.300000 1.290802 -22.330876 0.211111 9.700351e-01
-16.000000 1.289498 -21.921462 0.210644 9.701048e-01
-15.700000 1.288151 -21.512120 0.210156 9.701787e-01
-15.400000 1.286759 -21.102855 0.209644 9.702571e-01
-15.100000 1.285321 -20.693672 0.209108 9.703402e-01
-14.800000 1.283834 -20.284575 0.208546 9.704285e-01
-14.500000 1.282295 -19.875570 0.207955 9.705224e-01
-14.200000 1.280701 -19.466661 0.207334 9.706221e-01
-13.900000 1.279051 -19.057855 0.206681 9.707282e-01
-13.600000 1.277340 -18.649157 0.205994 9.708412e-01
-13.300000 1.275565 -18.240576 0.205270 9.709617e-01
-13.000000 1.273723 -17.832117 0.204506 9.710901e-01
-12.700000 1.271809 -17.423790 0.203700 9.712272e-01
-12.400000 1.269821 -17.015601 0.202847 9.713738e-01
-12.100000 1.267753 -16.607561 0.201946 9.715305e-01
-11.800000 1.265600 -16.199680 0.200990 9.716982e-01
-11.500000 1.263357 -15.791967 0.199977 9.718781e-01
-11.200000 1.261019 -15.384435 0.198901 9.720710e-01
-10.900000 1.258580 -14.977097 0.197757 9.722783e-01
-10.600000 1.256031 -14.569965 0.196539 9.725013e-01
-10.300000 1.253368 -14.163055 0.195240 9.727415e-01
-10.000000 1.250580 -13.756382 0.193852 9.730005e-01
-9.700000 1.247660 -13.349966 0.192367 9.732803e-01
-9.400000 1.244598 -12.943823 0.190776 9.735829e-01
-9.100000 1.241384 -12.537976 0.189067 9.739108e-01
-8.800000 1.238005 -12.132448 0.187228 9.742665e-01
-8.500000 1.234449 -11.727264 0.185246 9.746530e-01
-8.200000 1.230701 -11.322451 0.183105 9.750737e-01
-7.900000 1.226746 -10.918041 0.180787 9.755324e-01
-7.600000 1.222566 -10.514068 0.178272 9.760332e-01
-7.300000 1.218141 -10.110570 0.175536 9.765809e-01
-7.000000 1.213449 -9.707592 0.172553 9.771807e-01
-6.700000 1.208465 -9.305181 0.169293 9.778384e-01
-6.400000 1.203162 -8.903396 0.165721 9.785604e-01
-6.100000 1.197507 -8.502303 0.161796 9.793536e-01
-5.800000 1.191468 -8.101980 0.157475 9.802253e-01
-5.500000 1.185004 -7.702525 0.152707 9.811830e-01
-5.200000 1.178074 -7.304056 0.147434 9.822340e-01
-4.900000 1.170631 -6.906722 0.141595 9.833848e-01
-4.600000 1.162628 -6.510717 0.135125 9.846399e-01
-4.300000 1.154018 -6.116296 0.127959 9.860004e-01
-4.000000 1.144759 -5.723795 0.120038 9.874612e-01
-3.700000 1.134824 -5.333671 0.111325 9.890086e-01
-3.400000 1.124211 -4.946531 0.101819 9.906159e-01
-3.100000 1.112967 -4.563165 0.091585 9.922407e-01
-2.800000 1.101200 -4.184559 0.080777 9.938244e-01
-2.500000 1.089095 -3.811834 0.069663 9.952973e-01
-2.200000 1.076907 -3.446104 0.058601 9.965921e-01
-1.900000 1.064913 -3.088247 0.047981 9.976611e-01
-1.600000 1.053344 -2.738695 0.038127 9.984893e-01
-1.300000 1.042332 -2.397364 0.029214 9.990936e-01
-1.000000 1.031887 -2.063774 0.021251 9.995104e-01
-0.700000 1.021921 -1.737266 0.014116 9.997797e-01
-0.400000 1.012288 -1.417204 0.007615 9.999346e-01
-0.100000 1.002811 -1.103092 0.001537 9.999973e-01
0.200000 0.993295 -0.794636 0.004398 9.999774e-01
0.500000 0.983536 -0.491768 0.010364 9.998718e-01
0.800000 0.973317 -0.194663 0.016630 9.996630e-01
1.100000 15.952184 1.595218 1.723751 9.866950e-01
1.400000 0.950670 0.380268 0.030972 9.987758e-01
1.700000 0.937948 0.656563 0.039369 9.979696e-01
2.000000 0.924287 0.924287 0.048581 9.968198e-01
2.300000 0.909894 1.182862 0.058369 9.952702e-01
2.600000 0.895133 1.432213 0.068325 9.933167e-01
2.900000 0.880440 1.672836 0.077983 9.910213e-01
3.200000 0.866216 1.905675 0.086952 9.884971e-01
3.500000 0.852759 2.131898 0.094985 9.858745e-01
3.800000 0.840243 2.352679 0.101988 9.832703e-01
4.100000 0.828735 2.569078 0.107980 9.807715e-01
4.400000 0.818231 2.781986 0.113042 9.784332e-01
4.700000 0.808681 2.992121 0.117285 9.762845e-01
5.000000 0.800013 3.200053 0.120823 9.743351e-01
5.300000 0.792146 3.406227 0.123764 9.725824e-01
5.600000 0.784998 3.610989 0.126203 9.710164e-01
5.900000 0.778492 3.814610 0.128222 9.696230e-01
6.200000 0.772558 4.017302 0.129891 9.683865e-01
6.500000 0.767133 4.219232 0.131269 9.672911e-01
6.800000 0.762161 4.420532 0.132404 9.663214e-01
7.100000 0.757591 4.621308 0.133336 9.654631e-01
7.400000 0.753382 4.821645 0.134099 9.647031e-01
7.700000 0.749495 5.021613 0.134720 9.640297e-01
8.000000 0.745896 5.221269 0.135224 9.634324e-01
8.300000 0.742556 5.420658 0.135629 9.629020e-01
8.600000 0.739450 5.619819 0.135950 9.624304e-01
8.900000 0.736555 5.818784 0.136203 9.620103e-01
9.200000 0.733851 6.017580 0.136397 9.616356e-01
9.500000 0.731321 6.216229 0.136542 9.613008e-01
9.800000 0.728949 6.414749 0.136647 9.610010e-01
10.100000 0.726721 6.613158 0.136717 9.607321e-01
10.400000 0.724624 6.811469 0.136759 9.604904e-01
10.700000 0.722649 7.009693 0.136777 9.602728e-01
11.000000 0.720784 7.207840 0.136774 9.600765e-01
11.300000 0.719021 7.405919 0.136756 9.598989e-01
11.600000 0.717353 7.603938 0.136723 9.597380e-01
11.900000 0.715771 7.801903 0.136679 9.595918e-01
12.200000 0.714270 7.999820 0.136626 9.594589e-01
12.500000 0.712843 8.197693 0.136566 9.593376e-01
12.800000 0.711485 8.395528 0.136499 9.592267e-01
13.100000 0.710192 8.593327 0.136428 9.591251e-01
13.400000 0.708959 8.791095 0.136353 9.590319e-01
13.700000 0.707782 8.988835 0.136275 9.589462e-01
14.000000 0.706658 9.186549 0.136195 9.588671e-01
14.300000 0.705582 9.384240 0.136114 9.587941e-01
14.600000 0.704552 9.581909 0.136031 9.587265e-01
14.900000 0.703565 9.779559 0.135949 9.586637e-01
15.200000 0.702619 9.977192 0.135866 9.586054e-01
15.500000 0.701711 10.174810 0.135783 9.585511e-01
15.800000 0.700839 10.372412 0.135700 9.585005e-01
16.100000 0.700000 10.570002 0.135619 9.584531e-01
16.400000 0.699194 10.767581 0.135538 9.584088e-01
16.700000 0.698417 10.965148 0.135458 9.583671e-01
17.000000 0.697669 11.162706 0.135379 9.583280e-01
17.300000 0.696948 11.360255 0.135302 9.582912e-01
17.600000 0.696253 11.557796 0.135225 9.582565e-01
17.900000 0.695582 11.755330 0.135150 9.582237e-01
18.200000 0.694934 11.952857 0.135077 9.581927e-01
18.500000 0.694307 12.150379 0.135005 9.581633e-01
18.800000 0.693702 12.347895 0.134934 9.581354e-01
19.100000 0.693116 12.545407 0.134864 9.581089e-01
19.400000 0.692550 12.742914 0.134796 9.580837e-01
19.700000 0.692001 12.940417 0.134730 9.580597e-01
20.000000 0.691469 13.137917 0.134665 9.580368e-01
20.300000 0.690954 13.335414 0.134601 9.580150e-01
20.600000 0.690455 13.532909 0.134538 9.579941e-01
20.900000 0.689970 13.730401 0.134477 9.579741e-01
21.200000 0.689500 13.927890 0.134418 9.579550e-01
21.500000 0.689043 14.125378 0.134359 9.579367e-01
21.800000 0.688599 14.322865 0.134302 9.579191e-01
22.100000 0.688168 14.520350 0.134246 9.579021e-01
22.400000 0.687749 14.717834 0.134191 9.578859e-01
22.700000 0.687342 14.915316 0.134138 9.578702e-01
23.000000 0.686945 15.112798 0.134086 9.578551e-01
23.300000 0.686560 15.310280 0.134035 9.578406e-01
23.600000 0.686184 15.507761 0.133984 9.578266e-01
23.900000 0.685818 15.705241 0.133935 9.578130e-01
24.200000 0.685462 15.902721 0.133888 9.578000e-01
24.500000 0.685115 16.100201 0.133841 9.577873e-01
24.800000 0.684777 16.297681 0.133795 9.577751e-01
