1.187073 0.152934 9.811925e-01 0.656381 0.337360 7.662422e-01
1.171440 0.135906 9.846940e-01 0.711832 0.276451 8.516557e-01
1.154393 0.117261 9.882244e-01 0.767213 0.215224 9.166904e-01
1.136916 0.098474 9.914105e-01 0.818770 0.159027 9.582535e-01
1.119986 0.080981 9.939986e-01 0.863660 0.111831 9.810050e-01
1.104271 0.065747 9.959229e-01 0.900624 0.075233 9.920060e-01
1.090022 0.053098 9.972672e-01 0.929871 0.048635 9.968508e-01
1.077141 0.042837 9.981769e-01 0.952445 0.030197 9.988405e-01
1.065336 0.034494 9.987908e-01 0.969585 0.017801 9.996109e-01
1.054264 0.027540 9.992126e-01 0.982331 0.009644 9.998887e-01
1.043607 0.021506 9.995098e-01 0.991397 0.004443 9.999768e-01
1.033095 0.016020 9.997224e-01 0.997179 0.001399 9.999977e-01
1.022509 0.010793 9.998713e-01 0.999821 0.000086 1.000000e+00
1.011651 0.005592 9.999647e-01 0.999269 0.000349 9.999999e-01
1.000322 0.000203 1.000000e+00 0.995290 0.002244 9.999941e-01
0.988300 0.005621 9.999626e-01 0.987455 0.006040 9.999568e-01
0.975323 0.012130 9.998214e-01 0.975099 0.012244 9.998179e-01
0.961091 0.019637 9.995181e-01 0.957274 0.021658 9.994092e-01
0.945297 0.028469 9.989537e-01 0.932751 0.035388 9.983405e-01
0.927697 0.038896 9.979740e-01 0.900143 0.054736 9.957480e-01
0.908221 0.051020 9.963688e-01 0.858225 0.080876 9.898485e-01
0.887099 0.064631 9.939073e-01 0.806440 0.114302 9.773261e-01
0.864924 0.079135 9.904253e-01 0.745444 0.154256 9.528789e-01
0.842600 0.093633 9.859398e-01 0.677362 0.198519 9.097571e-01
0.821137 0.107157 9.807125e-01 0.605495 0.243847 8.422466e-01
0.801412 0.118937 9.751951e-01 0.533551 0.286885 7.496937e-01
