1.270549 0.236083 9.616566e-01 0.624463 0.357127 7.258434e-01
1.252862 0.220604 9.654326e-01 0.676545 0.311602 8.032256e-01
1.231339 0.200164 9.703869e-01 0.733486 0.257474 8.754257e-01
1.206360 0.175303 9.761941e-01 0.792111 0.198963 9.320872e-01
1.179108 0.147720 9.821969e-01 0.847942 0.142198 9.685442e-01
1.151293 0.119861 9.876374e-01 0.896626 0.093136 9.876928e-01
1.124526 0.094006 9.919941e-01 0.935480 0.055319 9.959780e-01
1.099785 0.071500 9.951426e-01 0.963989 0.029156 9.989447e-01
1.077294 0.052606 9.972538e-01 0.983161 0.012899 9.998013e-01
1.056735 0.036845 9.985981e-01 0.994510 0.004111 9.999803e-01
1.037509 0.023399 9.994129e-01 0.999341 0.000709 9.999994e-01
1.018901 0.011357 9.998565e-01 0.998416 0.001270 9.999981e-01
1.000123 0.000431 9.999998e-01 0.991830 0.005304 9.999670e-01
0.980331 0.012300 9.998182e-01 0.978928 0.013166 9.997912e-01
0.958658 0.025812 9.991635e-01 0.958282 0.026050 9.991473e-01
0.934364 0.041586 9.977176e-01 0.927842 0.045831 9.971902e-01
0.907122 0.059968 9.949784e-01 0.885544 0.074388 9.919168e-01
0.877366 0.080440 9.903859e-01 0.830445 0.112301 9.793179e-01
0.846424 0.101487 9.836689e-01 0.763913 0.157545 9.531811e-01
0.816199 0.121047 9.752286e-01 0.689904 0.205426 9.071198e-01
0.788490 0.137374 9.661331e-01 0.613786 0.250315 8.388751e-01
0.764434 0.149646 9.576192e-01 0.540513 0.287901 7.532153e-01
