-25.000000 1.746384 -45.405991 0.402773 9.421271e-01
-24.700000 1.745603 -44.861995 0.402621 9.421194e-01
-24.400000 1.744803 -44.317995 0.402466 9.421115e-01
-24.100000 1.743984 -43.773994 0.402306 9.421036e-01
-23.800000 1.743145 -43.229989 0.402142 9.420955e-01
-23.500000 1.742285 -42.685982 0.401974 9.420873e-01
-23.200000 1.741404 -42.141973 0.401801 9.420790e-01
-22.900000 1.740500 -41.597961 0.401624 9.420707e-01
-22.600000 1.739574 -41.053947 0.401441 9.420622e-01
-22.300000 1.738624 -40.509931 0.401253 9.420536e-01
-22.000000 1.737648 -39.965912 0.401060 9.420449e-01
-21.700000 1.736647 -39.421892 0.400861 9.420362e-01
-21.400000 1.735619 -38.877870 0.400656 9.420274e-01
-21.100000 1.734563 -38.333847 0.400445 9.420184e-01
-20.800000 1.733478 -37.789822 0.400228 9.420095e-01
-20.500000 1.732363 -37.245796 0.400003 9.420005e-01
-20.200000 1.731216 -36.701770 0.399771 9.419914e-01
-19.900000 1.730036 -36.157743 0.399532 9.419823e-01
-19.600000 1.728821 -35.613716 0.399285 9.419732e-01
-19.300000 1.727571 -35.069690 0.399029 9.419641e-01
-19.000000 1.726283 -34.525664 0.398765 9.419550e-01
-18.700000 1.724956 -33.981639 0.398492 9.419459e-01
-18.400000 1.723588 -33.437615 0.398208 9.419370e-01
-18.100000 1.722178 -32.893594 0.397914 9.419281e-01
-17.800000 1.720722 -32.349576 0.397610 9.419194e-01
-17.500000 1.719219 -31.805561 0.397294 9.419109e-01
-17.200000 1.717668 -31.261550 0.396965 9.419025e-01
-16.900000 1.716064 -30.717544 0.396624 9.418945e-01
-16.600000 1.714406 -30.173543 0.396268 9.418868e-01
-16.300000 1.712691 -29.629550 0.395898 9.418795e-01
-16.000000 1.710916 -29.085564 0.395513 9.418727e-01
-15.700000 1.709077 -28.541587 0.395110 9.418664e-01
-15.400000 1.707172 -27.997620 0.394690 9.418608e-01
-15.100000 1.705197 -27.453664 0.394251 9.418560e-01
-14.800000 1.703147 -26.909722 0.393791 9.418521e-01
-14.500000 1.701019 -26.365794 0.393309 9.418492e-01
-14.200000 1.698808 -25.821882 0.392804 9.418476e-01
-13.900000 1.696509 -25.277989 0.392273 9.418473e-01
-13.600000 1.694118 -24.734116 0.391715 9.418488e-01
-13.300000 1.691627 -24.190266 0.391127 9.418521e-01
-13.000000 1.689032 -23.646442 0.390508 9.418576e-01
-12.700000 1.686324 -23.102646 0.389853 9.418656e-01
-12.400000 1.683499 -22.558881 0.389161 9.418766e-01
-12.100000 1.680546 -22.015152 0.388427 9.418909e-01
-11.800000 1.677458 -21.471462 0.387649 9.419091e-01
-11.500000 1.674225 -20.927815 0.386822 9.419318e-01
-11.200000 1.670837 -20.384216 0.385941 9.419598e-01
-10.900000 1.667283 -19.840670 0.385000 9.419937e-01
-10.600000 1.663550 -19.297184 0.383994 9.420345e-01
-10.300000 1.659625 -18.753763 0.382917 9.420835e-01
-10.000000 1.655492 -18.210415 0.381759 9.421418e-01
-9.700000 1.651135 -17.667149 0.380513 9.422109e-01
-9.400000 1.646536 -17.123973 0.379168 9.422928e-01
-9.100000 1.641673 -16.580897 0.377712 9.423893e-01
-8.800000 1.636524 -16.037933 0.376132 9.425031e-01
-8.500000 1.631062 -15.495094 0.374414 9.426371e-01
-8.200000 1.625260 -14.952393 0.372538 9.427946e-01
-7.900000 1.619084 -14.409847 0.370484 9.429799e-01
-7.600000 1.612497 -13.867474 0.368229 9.431979e-01
-7.300000 1.605457 -13.325294 0.365743 9.434543e-01
-7.000000 1.597916 -12.783329 0.362994 9.437562e-01
-6.700000 1.589819 -12.241605 0.359942 9.441120e-01
-6.400000 1.581101 -11.700150 0.356543 9.445316e-01
-6.100000 1.571689 -11.158995 0.352741 9.450274e-01
-5.800000 1.561497 -10.618176 0.348471 9.456137e-01
-5.500000 1.550420 -10.077733 0.343657 9.463082e-01
-5.200000 1.538340 -9.537710 0.338206 9.471320e-01
-4.900000 1.525112 -8.998161 0.332007 9.481110e-01
-4.600000 1.510562 -8.459145 0.324927 9.492762e-01
-4.300000 1.494479 -7.920740 0.316804 9.506652e-01
-4.000000 1.476609 -7.383046 0.307441 9.523237e-01
-3.700000 1.456638 -6.846201 0.296601 9.543065e-01
-3.400000 1.434185 -6.310415 0.283992 9.566795e-01
-3.100000 1.408787 -5.776027 0.269261 9.595204e-01
-2.800000 1.379899 -5.243617 0.251984 9.629177e-01
-2.500000 1.346921 -4.714222 0.231659 9.669668e-01
-2.200000 1.309287 -4.189718 0.207710 9.717559e-01
-1.900000 1.266693 -3.673409 0.179521 9.773299e-01
-1.600000 1.219494 -3.170684 0.146633 9.835776e-01
-1.300000 1.169299 -2.689388 0.109614 9.899535e-01
-1.000000 1.119598 -2.239196 0.071924 9.952566e-01
-0.700000 1.074902 -1.827334 0.039740 9.984240e-01
-0.400000 1.036959 -1.451742 0.016321 9.997140e-01
-0.100000 1.003458 -1.103803 0.001524 9.999973e-01
0.200000 0.971258 -0.777007 0.015011 9.997242e-01
0.500000 0.938482 -0.469241 0.028690 9.989219e-01
0.800000 0.904707 -0.180941 0.042652 9.974398e-01
1.100000 13.889564 1.388956 0.857415 9.956185e-01
1.400000 0.837839 0.335136 0.069497 9.921169e-01
1.700000 0.807533 0.565273 0.080628 9.886183e-01
2.000000 0.780593 0.780593 0.089554 9.850274e-01
2.300000 0.757211 0.984374 0.096342 9.816481e-01
2.600000 0.737155 1.179448 0.101317 9.786498e-01
2.900000 0.720002 1.368004 0.104870 9.760861e-01
3.200000 0.705298 1.551655 0.107354 9.739416e-01
3.500000 0.692627 1.731568 0.109051 9.721693e-01
3.800000 0.681639 1.908588 0.110174 9.707137e-01
4.100000 0.672043 2.083334 0.110879 9.695218e-01
4.400000 0.663608 2.256267 0.111281 9.685468e-01
4.700000 0.656145 2.427736 0.111461 9.677495e-01
5.000000 0.649502 2.598008 0.111480 9.670974e-01
5.300000 0.643556 2.767291 0.111382 9.665642e-01
5.600000 0.638206 2.935748 0.111199 9.661281e-01
5.900000 0.633370 3.103511 0.110956 9.657718e-01
6.200000 0.628977 3.270683 0.110670 9.654810e-01
6.500000 0.624973 3.437350 0.110356 9.652440e-01
6.800000 0.621308 3.603584 0.110023 9.650515e-01
7.100000 0.617941 3.769440 0.109679 9.648958e-01
7.400000 0.614839 3.934970 0.109330 9.647704e-01
7.700000 0.611972 4.100213 0.108981 9.646704e-01
8.000000 0.609315 4.265205 0.108633 9.645913e-01
8.300000 0.606846 4.429975 0.108290 9.645298e-01
8.600000 0.604546 4.594550 0.107954 9.644828e-01
8.900000 0.602399 4.758951 0.107625 9.644481e-01
9.200000 0.600390 4.923199 0.107305 9.644236e-01
9.500000 0.598507 5.087310 0.106993 9.644077e-01
9.800000 0.596738 5.251299 0.106690 9.643990e-01
10.100000 0.595075 5.415178 0.106397 9.643963e-01
10.400000 0.593506 5.578961 0.106113 9.643986e-01
10.700000 0.592026 5.742657 0.105838 9.644052e-01
11.000000 0.590627 5.906274 0.105572 9.644154e-01
11.300000 0.589303 6.069822 0.105316 9.644285e-01
11.600000 0.588048 6.233306 0.105067 9.644441e-01
11.900000 0.586856 6.396735 0.104827 9.644618e-01
12.200000 0.585724 6.560112 0.104596 9.644812e-01
12.500000 0.584647 6.723444 0.104372 9.645019e-01
12.800000 0.583622 6.886735 0.104155 9.645238e-01
13.100000 0.582644 7.049989 0.103946 9.645467e-01
13.400000 0.581710 7.213210 0.103744 9.645702e-01
13.700000 0.580819 7.376400 0.103548 9.645943e-01
14.000000 0.579966 7.539564 0.103359 9.646188e-01
14.300000 0.579151 7.702703 0.103176 9.646436e-01
14.600000 0.578369 7.865820 0.102999 9.646686e-01
14.900000 0.577620 8.028916 0.102828 9.646937e-01
15.200000 0.576901 8.191995 0.102662 9.647189e-01
15.500000 0.576211 8.355057 0.102501 9.647440e-01
15.800000 0.575548 8.518105 0.102346 9.647690e-01
16.100000 0.574910 8.681139 0.102195 9.647938e-01
16.400000 0.574296 8.844161 0.102049 9.648185e-01
16.700000 0.573705 9.007172 0.101907 9.648429e-01
17.000000 0.573136 9.170172 0.101770 9.648671e-01
17.300000 0.572587 9.333164 0.101636 9.648910e-01
17.600000 0.572057 9.496147 0.101507 9.649147e-01
17.900000 0.571546 9.659123 0.101381 9.649380e-01
18.200000 0.571052 9.822092 0.101259 9.649610e-01
18.500000 0.570575 9.985055 0.101141 9.649836e-01
18.800000 0.570113 10.148012 0.101026 9.650059e-01
19.100000 0.569667 10.310964 0.100914 9.650278e-01
19.400000 0.569234 10.473911 0.100805 9.650494e-01
19.700000 0.568816 10.636853 0.100699 9.650706e-01
20.000000 0.568410 10.799792 0.100596 9.650915e-01
20.300000 0.568017 10.962727 0.100496 9.651120e-01
20.600000 0.567636 11.125658 0.100398 9.651321e-01
20.900000 0.567266 11.288587 0.100304 9.651519e-01
21.200000 0.566907 11.451513 0.100211 9.651712e-01
21.500000 0.566558 11.614436 0.100121 9.651903e-01
21.800000 0.566219 11.777356 0.100033 9.652090e-01
22.100000 0.565890 11.940275 0.099948 9.652273e-01
22.400000 0.565570 12.103191 0.099865 9.652452e-01
22.700000 0.565258 12.266105 0.099784 9.652629e-01
23.000000 0.564955 12.429018 0.099704 9.652802e-01
23.300000 0.564660 12.591929 0.099627 9.652971e-01
23.600000 0.564373 12.754838 0.099552 9.653138e-01
23.900000 0.564094 12.917746 0.099478 9.653301e-01
24.200000 0.563821 13.080652 0.099406 9.653460e-01
24.500000 0.563556 13.243557 0.099336 9.653617e-01
24.800000 0.563297 13.406461 0.099268 9.653771e-01
