1.557987 0.403345 9.281591e-01 0.664005 0.272727 8.369447e-01
1.438724 0.312037 9.484761e-01 0.800472 0.168493 9.513233e-01
1.308373 0.197916 9.742548e-01 0.911473 0.071396 9.929640e-01
1.200990 0.107877 9.907684e-01 0.971346 0.020538 9.994840e-01
1.122287 0.054703 9.972637e-01 0.991575 0.006418 9.999516e-01
1.057400 0.021865 9.995064e-01 0.988487 0.007771 9.999286e-01
0.994008 0.006168 9.999555e-01 0.966245 0.017229 9.996330e-01
0.927440 0.033297 9.985137e-01 0.922894 0.035165 9.983262e-01
0.859459 0.061087 9.941997e-01 0.858336 0.061541 9.940985e-01
0.795478 0.085735 9.867628e-01 0.778534 0.092248 9.840450e-01
0.740558 0.104225 9.776371e-01 0.693675 0.120858 9.661313e-01
0.696763 0.115931 9.690198e-01 0.612934 0.142711 9.410833e-01
0.663361 0.122098 9.623495e-01 0.541357 0.156592 9.118877e-01
0.638339 0.124502 9.579176e-01 0.480235 0.163630 8.817767e-01
0.619590 0.124639 9.553537e-01 0.428807 0.165690 8.529351e-01
0.605395 0.123528 9.541245e-01 0.385608 0.164461 8.264009e-01
0.594490 0.121793 9.537697e-01 0.349145 0.161196 8.024646e-01
0.585981 0.119797 9.539554e-01 0.318142 0.156748 7.810414e-01
0.579244 0.117741 9.544576e-01 0.291566 0.151678 7.618864e-01
0.573835 0.115735 9.551314e-01 0.268607 0.146351 7.446936e-01
0.569438 0.113835 9.558849e-01 0.248623 0.141010 7.291376e-01
0.565823 0.112068 9.566608e-01 0.231108 0.135812 7.148914e-01
0.562820 0.110443 9.574241e-01 0.215656 0.130862 7.016382e-01
