1.849408 0.561197 9.038827e-01 0.802327 0.131076 9.700989e-01
1.175127 0.095463 9.924364e-01 0.987928 0.007177 9.999390e-01
1.017509 0.012183 9.998345e-01 0.986448 0.006503 9.999498e-01
0.981298 0.006099 9.999554e-01 0.974747 0.004691 9.999733e-01
0.965385 0.003496 9.999849e-01 0.964624 0.003526 9.999846e-01
0.954962 0.005140 9.999665e-01 0.954801 0.005181 9.999660e-01
0.946755 0.007751 9.999226e-01 0.944580 0.008504 9.999064e-01
0.939636 0.010553 9.998544e-01 0.933564 0.012971 9.997771e-01
0.933104 0.013376 9.997627e-01 0.921491 0.018370 9.995413e-01
0.926903 0.016146 9.996497e-01 0.908164 0.024539 9.991576e-01
0.920883 0.018849 9.995164e-01 0.893419 0.031410 9.985746e-01
0.914952 0.021507 9.993623e-01 0.877109 0.039013 9.977204e-01
0.909047 0.024154 9.991853e-01 0.859101 0.047445 9.964901e-01
0.903132 0.026829 9.989819e-01 0.839285 0.056835 9.947320e-01
0.897185 0.029560 9.987480e-01 0.817577 0.067312 9.922327e-01
0.891202 0.032363 9.984794e-01 0.793943 0.078972 9.887031e-01
0.885193 0.035241 9.981730e-01 0.768404 0.091856 9.837651e-01
0.879181 0.038180 9.978269e-01 0.741049 0.105934 9.769448e-01
0.873201 0.041155 9.974413e-01 0.712046 0.121100 9.676761e-01
0.867295 0.044130 9.970190e-01 0.681635 0.137172 9.553212e-01
0.861512 0.047063 9.965655e-01 0.650121 0.153905 9.392138e-01
0.855901 0.049909 9.960886e-01 0.617863 0.171004 9.187279e-01
0.850509 0.052626 9.955981e-01 0.585244 0.188148 8.933697e-01
0.845376 0.055174 9.951049e-01 0.552660 0.205010 8.628779e-01
0.840536 0.057522 9.946205e-01 0.520484 0.221279 8.273128e-01
0.836013 0.059649 9.941554e-01 0.489056 0.236680 7.871065e-01
0.831820 0.061539 9.937189e-01 0.458667 0.250984 7.430538e-01
