-25.000000 2.761399 -71.796368 0.663315 9.375274e-01
-24.700000 2.760138 -70.935550 0.662997 9.375300e-01
-24.400000 2.758848 -70.074732 0.662672 9.375327e-01
-24.100000 2.757526 -69.213913 0.662339 9.375355e-01
-23.800000 2.756173 -68.353095 0.661998 9.375383e-01
-23.500000 2.754787 -67.492277 0.661649 9.375412e-01
-23.200000 2.753366 -66.631459 0.661291 9.375442e-01
-22.900000 2.751910 -65.770641 0.660924 9.375472e-01
-22.600000 2.750416 -64.909823 0.660547 9.375503e-01
-22.300000 2.748884 -64.049006 0.660161 9.375535e-01
-22.000000 2.747313 -63.188188 0.659765 9.375568e-01
-21.700000 2.745699 -62.327370 0.659359 9.375602e-01
-21.400000 2.744043 -61.466553 0.658941 9.375637e-01
-21.100000 2.742341 -60.605736 0.658513 9.375673e-01
-20.800000 2.740593 -59.744919 0.658072 9.375710e-01
-20.500000 2.738795 -58.884103 0.657619 9.375747e-01
-20.200000 2.736947 -58.023286 0.657154 9.375787e-01
-19.900000 2.735046 -57.162470 0.656675 9.375827e-01
-19.600000 2.733090 -56.301654 0.656182 9.375868e-01
-19.300000 2.731076 -55.440839 0.655674 9.375911e-01
-19.000000 2.729001 -54.580024 0.655151 9.375955e-01
-18.700000 2.726863 -53.719209 0.654613 9.376000e-01
-18.400000 2.724660 -52.858395 0.654057 9.376047e-01
-18.100000 2.722386 -51.997582 0.653485 9.376096e-01
-17.800000 2.720041 -51.136769 0.652894 9.376146e-01
-17.500000 2.717619 -50.275957 0.652283 9.376198e-01
-17.200000 2.715118 -49.415145 0.651653 9.376252e-01
-16.900000 2.712533 -48.554335 0.651002 9.376308e-01
-16.600000 2.709859 -47.693525 0.650328 9.376365e-01
-16.300000 2.707093 -46.832717 0.649631 9.376425e-01
-16.000000 2.704230 -45.971910 0.648909 9.376487e-01
-15.700000 2.701264 -45.111104 0.648162 9.376552e-01
-15.400000 2.698189 -44.250300 0.647387 9.376619e-01
-15.100000 2.695000 -43.389497 0.646583 9.376689e-01
-14.800000 2.691690 -42.528697 0.645748 9.376762e-01
-14.500000 2.688252 -41.667898 0.644882 9.376838e-01
-14.200000 2.684678 -40.807102 0.643981 9.376917e-01
-13.900000 2.680960 -39.946309 0.643043 9.377000e-01
-13.600000 2.677090 -39.085519 0.642067 9.377087e-01
-13.300000 2.673058 -38.224732 0.641050 9.377178e-01
-13.000000 2.668854 -37.363949 0.639990 9.377273e-01
-12.700000 2.664465 -36.503171 0.638883 9.377373e-01
-12.400000 2.659880 -35.642397 0.637726 9.377478e-01
-12.100000 2.655086 -34.781629 0.636516 9.377589e-01
-11.800000 2.650068 -33.920866 0.635249 9.377706e-01
-11.500000 2.644809 -33.060111 0.633921 9.377830e-01
-11.200000 2.639292 -32.199363 0.632528 9.377961e-01
-10.900000 2.633498 -31.338624 0.631064 9.378100e-01
-10.600000 2.627405 -30.477894 0.629524 9.378248e-01
-10.300000 2.620989 -29.617175 0.627902 9.378406e-01
-10.000000 2.614224 -28.756468 0.626191 9.378575e-01
-9.700000 2.607082 -27.895775 0.624383 9.378756e-01
-9.400000 2.599529 -27.035098 0.622470 9.378951e-01
-9.100000 2.591529 -26.174438 0.620442 9.379161e-01
-8.800000 2.583041 -25.313798 0.618289 9.379389e-01
-8.500000 2.574019 -24.453180 0.615998 9.379636e-01
-8.200000 2.564412 -23.592588 0.613557 9.379907e-01
-7.900000 2.554160 -22.732025 0.610948 9.380204e-01
-7.600000 2.543197 -21.871496 0.608154 9.380532e-01
-7.300000 2.531446 -21.011004 0.605154 9.380896e-01
-7.000000 2.518819 -20.150555 0.601925 9.381302e-01
-6.700000 2.505215 -19.290157 0.598439 9.381759e-01
-6.400000 2.490516 -18.429817 0.594662 9.382276e-01
-6.100000 2.474584 -17.569545 0.590557 9.382866e-01
-5.800000 2.457258 -16.709353 0.586079 9.383544e-01
-5.500000 2.438347 -15.849254 0.581173 9.384330e-01
-5.200000 2.417624 -14.989267 0.575775 9.385251e-01
-4.900000 2.394816 -14.129416 0.569805 9.386339e-01
-4.600000 2.369595 -13.269731 0.563167 9.387639e-01
-4.300000 2.341557 -12.410252 0.555744 9.389209e-01
-4.000000 2.310206 -11.551031 0.547386 9.391126e-01
-3.700000 2.274924 -10.692144 0.537906 9.393500e-01
-3.400000 2.234930 -9.833691 0.527064 9.396484e-01
-3.100000 2.189223 -8.975815 0.514543 9.400306e-01
-2.800000 2.136504 -8.118714 0.499914 9.405322e-01
-2.500000 2.075048 -7.262668 0.482568 9.412141e-01
-2.200000 2.002524 -6.408076 0.461586 9.421888e-01
-1.900000 1.915698 -5.555525 0.435469 9.436864e-01
-1.600000 1.809983 -4.705956 0.401581 9.462092e-01
-1.300000 1.678761 -3.861149 0.355064 9.508771e-01
-1.000000 1.512874 -3.025748 0.287384 9.599952e-01
-0.700000 1.305954 -2.220122 0.187818 9.766712e-01
-0.400000 1.101493 -1.542090 0.069082 9.954781e-01
-0.100000 1.004946 -1.105440 0.010672 9.998698e-01
0.200000 0.978683 -0.782946 0.005291 9.999663e-01
0.500000 0.968196 -0.484098 0.003720 9.999830e-01
0.800000 0.961578 -0.192316 0.003788 9.999821e-01
1.100000 15.767779 1.576778 2.020987 9.813813e-01
1.400000 0.952194 0.380878 0.005961 9.999547e-01
1.700000 0.948310 0.663817 0.007267 9.999322e-01
2.000000 0.944717 0.944717 0.008613 9.999040e-01
2.300000 0.941317 1.223712 0.009971 9.998705e-01
2.600000 0.938048 1.500877 0.011323 9.998318e-01
2.900000 0.934869 1.776251 0.012664 9.997881e-01
3.200000 0.931750 2.049850 0.013993 9.997396e-01
3.500000 0.928671 2.321678 0.015315 9.996860e-01
3.800000 0.925617 2.591727 0.016635 9.996271e-01
4.100000 0.922576 2.859985 0.017960 9.995625e-01
4.400000 0.919543 3.126445 0.019295 9.994918e-01
4.700000 0.916514 3.391101 0.020642 9.994145e-01
5.000000 0.913489 3.653957 0.022003 9.993304e-01
5.300000 0.910472 3.915029 0.023378 9.992392e-01
5.600000 0.907467 4.174346 0.024763 9.991408e-01
5.900000 0.904480 4.431953 0.026153 9.990354e-01
6.200000 0.901521 4.687909 0.027541 9.989233e-01
6.500000 0.898597 4.942284 0.028922 9.988051e-01
6.800000 0.895718 5.195164 0.030286 9.986814e-01
7.100000 0.892891 5.446638 0.031627 9.985531e-01
7.400000 0.890126 5.696805 0.032938 9.984212e-01
7.700000 0.887427 5.945764 0.034212 9.982866e-01
8.000000 0.884802 6.193615 0.035443 9.981504e-01
8.300000 0.882254 6.440456 0.036628 9.980135e-01
8.600000 0.879787 6.686381 0.037763 9.978768e-01
8.900000 0.877402 6.931477 0.038847 9.977413e-01
9.200000 0.875101 7.175826 0.039877 9.976077e-01
9.500000 0.872883 7.419505 0.040854 9.974766e-01
9.800000 0.870748 7.662580 0.041777 9.973486e-01
10.100000 0.868694 7.905114 0.042649 9.972241e-01
10.400000 0.866719 8.147162 0.043470 9.971034e-01
10.700000 0.864822 8.388774 0.044241 9.969869e-01
11.000000 0.862999 8.629994 0.044966 9.968745e-01
11.300000 0.861249 8.870860 0.045646 9.967666e-01
11.600000 0.859567 9.111408 0.046283 9.966630e-01
11.900000 0.857951 9.351667 0.046879 9.965639e-01
12.200000 0.856399 9.591665 0.047438 9.964691e-01
12.500000 0.854907 9.831426 0.047961 9.963786e-01
12.800000 0.853472 10.070972 0.048450 9.962922e-01
13.100000 0.852093 10.310321 0.048908 9.962099e-01
13.400000 0.850765 10.549490 0.049336 9.961314e-01
13.700000 0.849488 10.788494 0.049737 9.960568e-01
14.000000 0.848257 11.027347 0.050112 9.959857e-01
14.300000 0.847072 11.266060 0.050464 9.959181e-01
14.600000 0.845930 11.504645 0.050793 9.958537e-01
14.900000 0.844828 11.743111 0.051102 9.957925e-01
15.200000 0.843765 11.981467 0.051391 9.957342e-01
15.500000 0.842739 12.219721 0.051662 9.956788e-01
15.800000 0.841749 12.457880 0.051917 9.956260e-01
16.100000 0.840791 12.695951 0.052157 9.955758e-01
16.400000 0.839866 12.933940 0.052381 9.955279e-01
16.700000 0.838972 13.171853 0.052593 9.954823e-01
17.000000 0.838106 13.409694 0.052792 9.954389e-01
17.300000 0.837268 13.647469 0.052979 9.953974e-01
17.600000 0.836457 13.885181 0.053155 9.953579e-01
17.900000 0.835671 14.122835 0.053322 9.953202e-01
18.200000 0.834909 14.360434 0.053479 9.952842e-01
18.500000 0.834170 14.597981 0.053627 9.952498e-01
18.800000 0.833454 14.835481 0.053766 9.952170e-01
19.100000 0.832759 15.072935 0.053899 9.951856e-01
19.400000 0.832084 15.310347 0.054024 9.951555e-01
19.700000 0.831429 15.547720 0.054142 9.951267e-01
20.000000 0.830792 15.785054 0.054254 9.950991e-01
20.300000 0.830174 16.022354 0.054360 9.950727e-01
20.600000 0.829572 16.259620 0.054461 9.950474e-01
20.900000 0.828988 16.496856 0.054557 9.950231e-01
21.200000 0.828419 16.734062 0.054647 9.949998e-01
21.500000 0.827865 16.971240 0.054734 9.949774e-01
21.800000 0.827327 17.208393 0.054816 9.949559e-01
22.100000 0.826802 17.445521 0.054894 9.949352e-01
22.400000 0.826291 17.682627 0.054968 9.949153e-01
22.700000 0.825793 17.919710 0.055039 9.948961e-01
23.000000 0.825308 18.156774 0.055106 9.948777e-01
23.300000 0.824835 18.393818 0.055171 9.948599e-01
23.600000 0.824374 18.630844 0.055232 9.948428e-01
23.900000 0.823924 18.867854 0.055291 9.948263e-01
24.200000 0.823485 19.104847 0.055347 9.948103e-01
24.500000 0.823056 19.341826 0.055400 9.947950e-01
24.800000 0.822638 19.578790 0.055452 9.947801e-01
