1.556287 0.361369 9.413844e-01 0.718026 0.216949 9.046265e-01
1.374723 0.207259 9.744218e-01 0.872510 0.083001 9.896572e-01
1.229189 0.103651 9.918551e-01 0.953911 0.024621 9.992313e-01
1.130933 0.050628 9.976910e-01 0.979375 0.011574 9.998387e-01
1.055465 0.019465 9.996074e-01 0.975872 0.012830 9.998004e-01
0.982996 0.009482 9.998925e-01 0.950426 0.022344 9.993622e-01
0.905042 0.040692 9.976709e-01 0.899599 0.043010 9.973672e-01
0.823572 0.076074 9.902426e-01 0.822208 0.076660 9.900606e-01
0.747338 0.109402 9.758498e-01 0.727168 0.118200 9.703900e-01
0.684366 0.135326 9.567951e-01 0.629950 0.158255 9.320677e-01
0.636963 0.152651 9.377976e-01 0.542629 0.190405 8.755101e-01
0.602863 0.163163 9.220054e-01 0.469601 0.213497 8.072990e-01
0.578441 0.169228 9.100475e-01 0.409967 0.229269 7.346587e-01
