-25.000000 2.628949 -68.352686 0.652745 9.335373e-01
-24.700000 2.627722 -67.532454 0.652440 9.335373e-01
-24.400000 2.626465 -66.712222 0.652128 9.335373e-01
-24.100000 2.625179 -65.891990 0.651808 9.335373e-01
-23.800000 2.623861 -65.071758 0.651481 9.335373e-01
-23.500000 2.622511 -64.251525 0.651146 9.335373e-01
-23.200000 2.621128 -63.431293 0.650803 9.335373e-01
-22.900000 2.619710 -62.611061 0.650450 9.335373e-01
-22.600000 2.618255 -61.790829 0.650089 9.335373e-01
-22.300000 2.616764 -60.970596 0.649719 9.335373e-01
-22.000000 2.615233 -60.150364 0.649339 9.335373e-01
-21.700000 2.613662 -59.330132 0.648949 9.335373e-01
-21.400000 2.612049 -58.509900 0.648548 9.335373e-01
-21.100000 2.610392 -57.689667 0.648137 9.335373e-01
-20.800000 2.608690 -56.869435 0.647714 9.335373e-01
-20.500000 2.606940 -56.049203 0.647280 9.335373e-01
-20.200000 2.605140 -55.228971 0.646833 9.335373e-01
-19.900000 2.603289 -54.408738 0.646373 9.335373e-01
-19.600000 2.601384 -53.588506 0.645900 9.335373e-01
-19.300000 2.599422 -52.768274 0.645413 9.335373e-01
-19.000000 2.597402 -51.948042 0.644912 9.335373e-01
-18.700000 2.595320 -51.127810 0.644395 9.335373e-01
-18.400000 2.593174 -50.307577 0.643862 9.335373e-01
-18.100000 2.590960 -49.487345 0.643312 9.335373e-01
-17.800000 2.588676 -48.667113 0.642745 9.335373e-01
-17.500000 2.586318 -47.846881 0.642160 9.335373e-01
-17.200000 2.583882 -47.026649 0.641555 9.335373e-01
-16.900000 2.581364 -46.206416 0.640930 9.335373e-01
-16.600000 2.578760 -45.386184 0.640283 9.335373e-01
-16.300000 2.576067 -44.565952 0.639614 9.335373e-01
-16.000000 2.573278 -43.745720 0.638922 9.335373e-01
-15.700000 2.570389 -42.925488 0.638204 9.335373e-01
-15.400000 2.567394 -42.105256 0.637461 9.335373e-01
-15.100000 2.564287 -41.285024 0.636689 9.335373e-01
-14.800000 2.561063 -40.464792 0.635889 9.335373e-01
-14.500000 2.557714 -39.644560 0.635057 9.335373e-01
-14.200000 2.554232 -38.824328 0.634193 9.335373e-01
-13.900000 2.550611 -38.004097 0.633293 9.335373e-01
-13.600000 2.546840 -37.183865 0.632357 9.335373e-01
-13.300000 2.542911 -36.363634 0.631382 9.335374e-01
-13.000000 2.538815 -35.543403 0.630364 9.335374e-01
-12.700000 2.534538 -34.723172 0.629302 9.335374e-01
-12.400000 2.530070 -33.902942 0.628193 9.335375e-01
-12.100000 2.525398 -33.082712 0.627032 9.335375e-01
-11.800000 2.520506 -32.262483 0.625818 9.335376e-01
-11.500000 2.515380 -31.442254 0.624544 9.335377e-01
-11.200000 2.510002 -30.622026 0.623208 9.335378e-01
-10.900000 2.504353 -29.801799 0.621805 9.335379e-01
-10.600000 2.498412 -28.981574 0.620329 9.335381e-01
-10.300000 2.492155 -28.161350 0.618774 9.335384e-01
-10.000000 2.485557 -27.341128 0.617135 9.335387e-01
-9.700000 2.478590 -26.520908 0.615403 9.335391e-01
-9.400000 2.471220 -25.700692 0.613570 9.335396e-01
-9.100000 2.463414 -24.880479 0.611629 9.335403e-01
-8.800000 2.455130 -24.060271 0.609567 9.335412e-01
-8.500000 2.446323 -23.240068 0.607375 9.335424e-01
-8.200000 2.436943 -22.419873 0.605038 9.335440e-01
-7.900000 2.426931 -21.599686 0.602543 9.335460e-01
-7.600000 2.416222 -20.779509 0.599871 9.335487e-01
-7.300000 2.404740 -19.959344 0.597003 9.335522e-01
-7.000000 2.392399 -19.139195 0.593917 9.335569e-01
-6.700000 2.379099 -18.319064 0.590586 9.335632e-01
-6.400000 2.364724 -17.498955 0.586978 9.335715e-01
-6.100000 2.349137 -16.678873 0.583056 9.335826e-01
-5.800000 2.332180 -15.858822 0.578778 9.335975e-01
-5.500000 2.313663 -15.038808 0.574089 9.336177e-01
-5.200000 2.293361 -14.218838 0.568926 9.336451e-01
-4.900000 2.271003 -13.398919 0.563210 9.336824e-01
-4.600000 2.246260 -12.579058 0.556844 9.337335e-01
-4.300000 2.218729 -11.759264 0.549704 9.338043e-01
-4.000000 2.187909 -10.939546 0.541637 9.339027e-01
-3.700000 2.153173 -10.119915 0.532441 9.340408e-01
-3.400000 2.113724 -9.300385 0.521856 9.342363e-01
-3.100000 2.068533 -8.480984 0.509536 9.345159e-01
-2.800000 2.016252 -7.661759 0.495014 9.349206e-01
-2.500000 1.955089 -6.842813 0.477653 9.355138e-01
-2.200000 1.882612 -6.024358 0.456568 9.363974e-01
-1.900000 1.795466 -5.206851 0.430502 9.377407e-01
-1.600000 1.688959 -4.391294 0.397627 9.398420e-01
-1.300000 1.556590 -3.580158 0.355146 9.432929e-01
-1.000000 1.390817 -2.781633 0.298040 9.496391e-01
-0.700000 1.195665 -2.032630 0.214173 9.642701e-01
-0.400000 1.033776 -1.447286 0.097258 9.898818e-01
-0.100000 0.971014 -1.068115 0.021395 9.994396e-01
0.200000 0.956098 -0.764878 0.007374 9.999313e-01
0.500000 0.951145 -0.475572 0.008480 9.999082e-01
0.800000 0.948512 -0.189702 0.008289 9.999118e-01
1.100000 15.510898 1.551090 2.136857 9.785521e-01
1.400000 0.945124 0.378050 0.008920 9.998971e-01
1.700000 0.943754 0.660628 0.009798 9.998755e-01
2.000000 0.942474 0.942474 0.010760 9.998495e-01
2.300000 0.941250 1.223625 0.011691 9.998219e-01
2.600000 0.940068 1.504110 0.012545 9.997944e-01
2.900000 0.938920 1.783949 0.013309 9.997680e-01
3.200000 0.937802 2.063164 0.013986 9.997432e-01
3.500000 0.936711 2.341778 0.014581 9.997202e-01
3.800000 0.935646 2.619810 0.015106 9.996991e-01
4.100000 0.934607 2.897282 0.015569 9.996796e-01
4.400000 0.933592 3.174214 0.015978 9.996618e-01
4.700000 0.932602 3.450627 0.016342 9.996455e-01
5.000000 0.931635 3.726540 0.016665 9.996306e-01
5.300000 0.930691 4.001972 0.016954 9.996169e-01
5.600000 0.929770 4.276942 0.017213 9.996044e-01
5.900000 0.928871 4.551467 0.017445 9.995928e-01
6.200000 0.927993 4.825566 0.017654 9.995822e-01
6.500000 0.927137 5.099253 0.017842 9.995725e-01
6.800000 0.926301 5.372546 0.018012 9.995635e-01
7.100000 0.925485 5.645460 0.018166 9.995553e-01
7.400000 0.924689 5.918009 0.018305 9.995477e-01
7.700000 0.923912 6.190208 0.018430 9.995407e-01
8.000000 0.923153 6.462071 0.018544 9.995342e-01
8.300000 0.922412 6.733609 0.018647 9.995283e-01
8.600000 0.921689 7.004837 0.018739 9.995229e-01
8.900000 0.920983 7.275765 0.018823 9.995179e-01
9.200000 0.920293 7.546405 0.018898 9.995133e-01
9.500000 0.919620 7.816768 0.018966 9.995091e-01
9.800000 0.918962 8.086864 0.019026 9.995052e-01
10.100000 0.918319 8.356704 0.019080 9.995017e-01
10.400000 0.917691 8.626296 0.019129 9.994985e-01
10.700000 0.917077 8.895650 0.019171 9.994956e-01
11.000000 0.916477 9.164774 0.019209 9.994929e-01
11.300000 0.915891 9.433677 0.019242 9.994905e-01
11.600000 0.915318 9.702366 0.019271 9.994884e-01
11.900000 0.914757 9.970849 0.019295 9.994864e-01
12.200000 0.914208 10.239133 0.019316 9.994847e-01
12.500000 0.913672 10.507226 0.019334 9.994831e-01
12.800000 0.913147 10.775132 0.019348 9.994818e-01
13.100000 0.912633 11.042860 0.019360 9.994806e-01
13.400000 0.912130 11.310414 0.019369 9.994795e-01
13.700000 0.911638 11.577801 0.019375 9.994786e-01
14.000000 0.911156 11.845025 0.019379 9.994779e-01
14.300000 0.910684 12.112093 0.019381 9.994773e-01
14.600000 0.910221 12.379009 0.019380 9.994767e-01
14.900000 0.909768 12.645777 0.019378 9.994763e-01
15.200000 0.909324 12.912404 0.019374 9.994760e-01
15.500000 0.908889 13.178892 0.019369 9.994758e-01
15.800000 0.908463 13.445246 0.019362 9.994757e-01
16.100000 0.908044 13.711471 0.019354 9.994756e-01
16.400000 0.907634 13.977570 0.019345 9.994757e-01
16.700000 0.907232 14.243547 0.019334 9.994758e-01
17.000000 0.906838 14.509405 0.019323 9.994759e-01
17.300000 0.906451 14.775148 0.019310 9.994762e-01
17.600000 0.906071 15.040780 0.019297 9.994764e-01
17.900000 0.905698 15.306304 0.019283 9.994768e-01
18.200000 0.905333 15.571722 0.019268 9.994772e-01
18.500000 0.904974 15.837038 0.019253 9.994776e-01
18.800000 0.904621 16.102255 0.019237 9.994780e-01
19.100000 0.904275 16.367375 0.019220 9.994785e-01
19.400000 0.903935 16.632401 0.019203 9.994791e-01
19.700000 0.903601 16.897337 0.019186 9.994796e-01
20.000000 0.903273 17.162183 0.019168 9.994802e-01
20.300000 0.902950 17.426943 0.019150 9.994808e-01
20.600000 0.902634 17.691620 0.019131 9.994815e-01
20.900000 0.902322 17.956214 0.019113 9.994821e-01
21.200000 0.902016 18.220730 0.019094 9.994828e-01
21.500000 0.901716 18.485168 0.019075 9.994835e-01
21.800000 0.901420 18.749531 0.019055 9.994842e-01
22.100000 0.901129 19.013821 0.019036 9.994849e-01
22.400000 0.900843 19.278039 0.019016 9.994856e-01
22.700000 0.900562 19.542188 0.018997 9.994864e-01
23.000000 0.900285 19.806270 0.018977 9.994871e-01
23.300000 0.900013 20.070286 0.018957 9.994879e-01
23.600000 0.899745 20.334238 0.018938 9.994886e-01
23.900000 0.899482 20.598128 0.018918 9.994894e-01
24.200000 0.899222 20.861957 0.018898 9.994902e-01
24.500000 0.898967 21.125727 0.018879 9.994910e-01
24.800000 0.898716 21.389439 0.018859 9.994917e-01
