-25.000000 1.627343 -42.310916 0.338214 9.524874e-01
-24.700000 1.626573 -41.802919 0.337977 9.525080e-01
-24.400000 1.625784 -41.294920 0.337734 9.525292e-01
-24.100000 1.624977 -40.786918 0.337484 9.525512e-01
-23.800000 1.624150 -40.278915 0.337227 9.525740e-01
-23.500000 1.623302 -39.770909 0.336964 9.525975e-01
-23.200000 1.622434 -39.262902 0.336693 9.526218e-01
-22.900000 1.621544 -38.754894 0.336414 9.526471e-01
-22.600000 1.620631 -38.246883 0.336127 9.526732e-01
-22.300000 1.619694 -37.738872 0.335832 9.527003e-01
-22.000000 1.618733 -37.230859 0.335528 9.527285e-01
-21.700000 1.617746 -36.722845 0.335214 9.527577e-01
-21.400000 1.616733 -36.214830 0.334892 9.527880e-01
-21.100000 1.615693 -35.706815 0.334559 9.528195e-01
-20.800000 1.614624 -35.198799 0.334216 9.528523e-01
-20.500000 1.613525 -34.690783 0.333861 9.528864e-01
-20.200000 1.612395 -34.182768 0.333496 9.529219e-01
-19.900000 1.611232 -33.674753 0.333118 9.529589e-01
-19.600000 1.610036 -33.166739 0.332727 9.529975e-01
-19.300000 1.608804 -32.658726 0.332323 9.530377e-01
-19.000000 1.607536 -32.150715 0.331905 9.530797e-01
-18.700000 1.606229 -31.642706 0.331472 9.531237e-01
-18.400000 1.604881 -31.134700 0.331024 9.531696e-01
-18.100000 1.603492 -30.626698 0.330559 9.532177e-01
-17.800000 1.602058 -30.118699 0.330077 9.532681e-01
-17.500000 1.600579 -29.610706 0.329576 9.533210e-01
-17.200000 1.599050 -29.102717 0.329056 9.533764e-01
-16.900000 1.597471 -28.594735 0.328516 9.534347e-01
-16.600000 1.595839 -28.086761 0.327954 9.534960e-01
-16.300000 1.594150 -27.578794 0.327368 9.535605e-01
-16.000000 1.592402 -27.070837 0.326758 9.536285e-01
-15.700000 1.590592 -26.562891 0.326122 9.537003e-01
-15.400000 1.588717 -26.054956 0.325458 9.537761e-01
-15.100000 1.586772 -25.547034 0.324764 9.538562e-01
-14.800000 1.584755 -25.039127 0.324038 9.539410e-01
-14.500000 1.582660 -24.531236 0.323279 9.540309e-01
-14.200000 1.580484 -24.023363 0.322483 9.541263e-01
-13.900000 1.578222 -23.515511 0.321648 9.542277e-01
-13.600000 1.575869 -23.007680 0.320772 9.543355e-01
-13.300000 1.573418 -22.499874 0.319851 9.544504e-01
-13.000000 1.570864 -21.992095 0.318881 9.545729e-01
-12.700000 1.568200 -21.484346 0.317860 9.547038e-01
-12.400000 1.565420 -20.976629 0.316783 9.548438e-01
-12.100000 1.562515 -20.468948 0.315644 9.549937e-01
-11.800000 1.559477 -19.961306 0.314441 9.551546e-01
-11.500000 1.556297 -19.453708 0.313166 9.553274e-01
-11.200000 1.552964 -18.946156 0.311814 9.555133e-01
-10.900000 1.549467 -18.438657 0.310378 9.557136e-01
-10.600000 1.545794 -17.931215 0.308851 9.559298e-01
-10.300000 1.541932 -17.423834 0.307224 9.561633e-01
-10.000000 1.537866 -16.916522 0.305489 9.564162e-01
-9.700000 1.533578 -16.409285 0.303634 9.566902e-01
-9.400000 1.529051 -15.902130 0.301649 9.569878e-01
-9.100000 1.524264 -15.395066 0.299521 9.573114e-01
-8.800000 1.519194 -14.888101 0.297235 9.576638e-01
-8.500000 1.513815 -14.381246 0.294776 9.580484e-01
-8.200000 1.508099 -13.874511 0.292124 9.584686e-01
-7.900000 1.502012 -13.367911 0.289259 9.589287e-01
-7.600000 1.495518 -12.861459 0.286159 9.594332e-01
-7.300000 1.488575 -12.355172 0.282796 9.599875e-01
-7.000000 1.481134 -11.849071 0.279140 9.605976e-01
-6.700000 1.473140 -11.343176 0.275157 9.612703e-01
-6.400000 1.464529 -10.837514 0.270806 9.620137e-01
-6.100000 1.455227 -10.332115 0.266041 9.628367e-01
-5.800000 1.445149 -9.827015 0.260809 9.637499e-01
-5.500000 1.434193 -9.322257 0.255047 9.647653e-01
-5.200000 1.422241 -8.817892 0.248681 9.658968e-01
-4.900000 1.409150 -8.313983 0.241626 9.671605e-01
-4.600000 1.394752 -7.810609 0.233780 9.685748e-01
-4.300000 1.378844 -7.307872 0.225023 9.701606e-01
-4.000000 1.361182 -6.805908 0.215213 9.719413e-01
-3.700000 1.341472 -6.304917 0.204185 9.739419e-01
-3.400000 1.319365 -5.805204 0.191751 9.761876e-01
-3.100000 1.294458 -5.307278 0.177705 9.786992e-01
-2.800000 1.266326 -4.812040 0.161842 9.814859e-01
-2.500000 1.234615 -4.321151 0.144001 9.845325e-01
-2.200000 1.199265 -3.837647 0.124116 9.877817e-01
-1.900000 1.160940 -3.366726 0.102286 9.911149e-01
-1.600000 1.121548 -2.916024 0.078931 9.943127e-01
-1.300000 1.084392 -2.494102 0.055370 9.969981e-01
-1.000000 1.053213 -2.106426 0.034361 9.987723e-01
-0.700000 1.030031 -1.751052 0.018525 9.996266e-01
-0.400000 1.013974 -1.419563 0.008042 9.999274e-01
-0.100000 1.002714 -1.102986 0.001329 9.999980e-01
0.200000 0.994219 -0.795376 0.003320 9.999871e-01
0.500000 0.987222 -0.493611 0.006778 9.999456e-01
0.800000 0.981027 -0.196205 0.009637 9.998886e-01
1.100000 16.250162 1.625016 1.953074 9.835918e-01
1.400000 0.969782 0.387913 0.014502 9.997418e-01
1.700000 0.964429 0.675101 0.016710 9.996535e-01
2.000000 0.959175 0.959175 0.018827 9.995553e-01
2.300000 0.953992 1.240189 0.020873 9.994475e-01
2.600000 0.948872 1.518195 0.022851 9.993307e-01
2.900000 0.943816 1.793250 0.024764 9.992056e-01
3.200000 0.938831 2.065427 0.026609 9.990732e-01
3.500000 0.933928 2.334819 0.028380 9.989347e-01
3.800000 0.929120 2.601535 0.030075 9.987915e-01
4.100000 0.924421 2.865704 0.031688 9.986448e-01
4.400000 0.919843 3.127467 0.033217 9.984963e-01
4.700000 0.915400 3.386979 0.034661 9.983471e-01
5.000000 0.911099 3.644398 0.036017 9.981985e-01
5.300000 0.906951 3.899887 0.037288 9.980517e-01
5.600000 0.902958 4.153608 0.038474 9.979078e-01
5.900000 0.899126 4.405717 0.039577 9.977675e-01
6.200000 0.895455 4.656364 0.040601 9.976315e-01
6.500000 0.891943 4.905689 0.041549 9.975004e-01
6.800000 0.888590 5.153823 0.042425 9.973745e-01
7.100000 0.885391 5.400886 0.043233 9.972540e-01
7.400000 0.882342 5.646989 0.043979 9.971392e-01
7.700000 0.879437 5.892230 0.044666 9.970299e-01
8.000000 0.876671 6.136697 0.045299 9.969261e-01
8.300000 0.874037 6.380472 0.045882 9.968278e-01
8.600000 0.871530 6.623625 0.046419 9.967346e-01
8.900000 0.869142 6.866220 0.046914 9.966465e-01
9.200000 0.866867 7.108313 0.047371 9.965632e-01
9.500000 0.864700 7.349953 0.047794 9.964844e-01
9.800000 0.862635 7.591186 0.048184 9.964098e-01
10.100000 0.860665 7.832051 0.048545 9.963393e-01
10.400000 0.858785 8.072582 0.048880 9.962726e-01
10.700000 0.856991 8.312810 0.049191 9.962095e-01
11.000000 0.855276 8.552763 0.049480 9.961497e-01
11.300000 0.853637 8.792466 0.049749 9.960930e-01
11.600000 0.852070 9.031940 0.049999 9.960393e-01
11.900000 0.850569 9.271205 0.050233 9.959883e-01
12.200000 0.849132 9.510277 0.050451 9.959398e-01
12.500000 0.847754 9.749174 0.050655 9.958938e-01
12.800000 0.846433 9.987908 0.050846 9.958499e-01
13.100000 0.845165 10.226492 0.051026 9.958082e-01
13.400000 0.843947 10.464937 0.051194 9.957685e-01
13.700000 0.842776 10.703254 0.051353 9.957306e-01
14.000000 0.841650 10.941452 0.051502 9.956944e-01
14.300000 0.840567 11.179540 0.051642 9.956598e-01
14.600000 0.839524 11.417524 0.051775 9.956268e-01
14.900000 0.838519 11.655412 0.051900 9.955953e-01
15.200000 0.837550 11.893210 0.052019 9.955650e-01
15.500000 0.836615 12.130924 0.052131 9.955361e-01
15.800000 0.835713 12.368559 0.052237 9.955084e-01
16.100000 0.834842 12.606120 0.052337 9.954818e-01
16.400000 0.834001 12.843611 0.052432 9.954563e-01
16.700000 0.833187 13.081037 0.052523 9.954318e-01
17.000000 0.832400 13.318402 0.052609 9.954082e-01
17.300000 0.831639 13.555708 0.052691 9.953856e-01
17.600000 0.830901 13.792959 0.052768 9.953639e-01
17.900000 0.830187 14.030159 0.052842 9.953429e-01
18.200000 0.829495 14.267309 0.052913 9.953228e-01
18.500000 0.828824 14.504413 0.052980 9.953034e-01
18.800000 0.828173 14.741473 0.053044 9.952847e-01
19.100000 0.827541 14.978491 0.053106 9.952667e-01
19.400000 0.826928 15.215469 0.053164 9.952493e-01
19.700000 0.826332 15.452410 0.053220 9.952325e-01
20.000000 0.825753 15.689315 0.053273 9.952163e-01
20.300000 0.825191 15.926185 0.053324 9.952007e-01
20.600000 0.824644 16.163024 0.053373 9.951856e-01
20.900000 0.824112 16.399831 0.053420 9.951710e-01
21.200000 0.823594 16.636609 0.053465 9.951569e-01
21.500000 0.823091 16.873358 0.053507 9.951433e-01
21.800000 0.822600 17.110081 0.053548 9.951301e-01
22.100000 0.822122 17.346779 0.053588 9.951173e-01
22.400000 0.821657 17.583451 0.053625 9.951050e-01
22.700000 0.821203 17.820101 0.053662 9.950930e-01
23.000000 0.820760 18.056728 0.053696 9.950814e-01
23.300000 0.820329 18.293333 0.053730 9.950702e-01
23.600000 0.819908 18.529918 0.053761 9.950593e-01
23.900000 0.819497 18.766483 0.053792 9.950488e-01
24.200000 0.819096 19.003030 0.053822 9.950385e-01
24.500000 0.818705 19.239558 0.053850 9.950286e-01
24.800000 0.818322 19.476070 0.053877 9.950190e-01
