1.458837 0.289105 9.566132e-01 0.581885 0.262283 8.099568e-01
1.350635 0.231314 9.672368e-01 0.738277 0.174204 9.395856e-01
1.234995 0.159151 9.811826e-01 0.871431 0.090560 9.876818e-01
1.139264 0.092137 9.925032e-01 0.953567 0.033078 9.986123e-01
1.075847 0.046846 9.978152e-01 0.989224 0.007526 9.999332e-01
1.037929 0.021316 9.995132e-01 0.999193 0.000773 9.999993e-01
1.014466 0.007159 9.999425e-01 0.998269 0.001262 9.999982e-01
0.998079 0.001670 9.999968e-01 0.992650 0.004201 9.999793e-01
0.984984 0.007865 9.999264e-01 0.984193 0.008219 9.999195e-01
0.973412 0.012973 9.997949e-01 0.973225 0.013053 9.997923e-01
0.962560 0.017521 9.996175e-01 0.959672 0.018729 9.995603e-01
0.952068 0.021755 9.993974e-01 0.943416 0.025293 9.991706e-01
0.941787 0.025778 9.991356e-01 0.924400 0.032748 9.985527e-01
0.931672 0.029622 9.988340e-01 0.902655 0.041045 9.976179e-01
0.921731 0.033287 9.984961e-01 0.878307 0.050089 9.962582e-01
0.912008 0.036757 9.981276e-01 0.851574 0.059750 9.943468e-01
0.902559 0.040013 9.977354e-01 0.822761 0.069877 9.917388e-01
0.893447 0.043034 9.973279e-01 0.792244 0.080308 9.882726e-01
0.884733 0.045806 9.969140e-01 0.760449 0.090879 9.837740e-01
0.876471 0.048318 9.965026e-01 0.727827 0.101429 9.780640e-01
0.868704 0.050565 9.961025e-01 0.694831 0.111799 9.709700e-01
0.861461 0.052548 9.957214e-01 0.661889 0.121840 9.623413e-01
0.854758 0.054271 9.953659e-01 0.629391 0.131417 9.520651e-01
0.848595 0.055745 9.950412e-01 0.597668 0.140409 9.400814e-01
0.842964 0.056983 9.947505e-01 0.566992 0.148724 9.263920e-01
0.837845 0.058003 9.944957e-01 0.537567 0.156293 9.110626e-01
0.833210 0.058825 9.942767e-01 0.509540 0.163079 8.942186e-01
0.829029 0.059471 9.940923e-01 0.482998 0.169073 8.760342e-01
0.825266 0.059962 9.939404e-01 0.457984 0.174286 8.567192e-01
0.821886 0.060320 9.938179e-01 0.434501 0.178751 8.365044e-01
0.818853 0.060566 9.937217e-01 0.412524 0.182510 8.156281e-01
0.816134 0.060719 9.936483e-01 0.392001 0.185617 7.943245e-01
0.813696 0.060796 9.935945e-01 0.372870 0.188125 7.728146e-01
0.811509 0.060810 9.935571e-01 0.355055 0.190092 7.513000e-01
0.809547 0.060776 9.935333e-01 0.338475 0.191571 7.299584e-01
0.807783 0.060703 9.935207e-01 0.323048 0.192614 7.089419e-01
