-25.000000 1.930524 -50.193622 0.409720 9.505547e-01
-24.700000 1.929666 -49.592407 0.409551 9.505516e-01
-24.400000 1.928787 -48.991199 0.409378 9.505485e-01
-24.100000 1.927888 -48.389995 0.409201 9.505455e-01
-23.800000 1.926968 -47.788798 0.409018 9.505425e-01
-23.500000 1.926025 -47.187606 0.408831 9.505395e-01
-23.200000 1.925059 -46.586421 0.408639 9.505366e-01
-22.900000 1.924069 -45.985242 0.408441 9.505337e-01
-22.600000 1.923054 -45.384069 0.408238 9.505309e-01
-22.300000 1.922013 -44.782903 0.408029 9.505281e-01
-22.000000 1.920945 -44.181743 0.407814 9.505255e-01
-21.700000 1.919850 -43.580591 0.407592 9.505229e-01
-21.400000 1.918725 -42.979446 0.407364 9.505204e-01
-21.100000 1.917571 -42.378309 0.407130 9.505180e-01
-20.800000 1.916384 -41.777179 0.406888 9.505157e-01
-20.500000 1.915165 -41.176057 0.406638 9.505136e-01
-20.200000 1.913912 -40.574943 0.406381 9.505116e-01
-19.900000 1.912624 -39.973838 0.406115 9.505097e-01
-19.600000 1.911298 -39.372741 0.405840 9.505081e-01
-19.300000 1.909934 -38.771653 0.405557 9.505067e-01
-19.000000 1.908529 -38.170574 0.405264 9.505054e-01
-18.700000 1.907081 -37.569504 0.404961 9.505045e-01
-18.400000 1.905590 -36.968444 0.404647 9.505038e-01
-18.100000 1.904052 -36.367394 0.404322 9.505034e-01
-17.800000 1.902466 -35.766354 0.403985 9.505034e-01
-17.500000 1.900828 -35.165324 0.403636 9.505037e-01
-17.200000 1.899138 -34.564305 0.403274 9.505045e-01
-16.900000 1.897391 -33.963296 0.402898 9.505057e-01
-16.600000 1.895585 -33.362299 0.402507 9.505074e-01
-16.300000 1.893718 -32.761314 0.402101 9.505096e-01
-16.000000 1.891785 -32.160340 0.401678 9.505125e-01
-15.700000 1.889783 -31.559379 0.401238 9.505161e-01
-15.400000 1.887709 -30.958430 0.400779 9.505204e-01
-15.100000 1.885559 -30.357494 0.400301 9.505255e-01
-14.800000 1.883327 -29.756571 0.399802 9.505315e-01
-14.500000 1.881010 -29.155661 0.399280 9.505385e-01
-14.200000 1.878603 -28.554766 0.398735 9.505466e-01
-13.900000 1.876100 -27.953884 0.398164 9.505560e-01
-13.600000 1.873494 -27.353017 0.397566 9.505667e-01
-13.300000 1.870781 -26.752165 0.396938 9.505788e-01
-13.000000 1.867952 -26.151328 0.396280 9.505927e-01
-12.700000 1.865001 -25.550508 0.395588 9.506083e-01
-12.400000 1.861918 -24.949703 0.394860 9.506260e-01
-12.100000 1.858696 -24.348915 0.394093 9.506459e-01
-11.800000 1.855324 -23.748144 0.393284 9.506683e-01
-11.500000 1.851791 -23.147392 0.392430 9.506934e-01
-11.200000 1.848087 -22.546658 0.391527 9.507217e-01
-10.900000 1.844197 -21.945943 0.390571 9.507533e-01
-10.600000 1.840108 -21.345248 0.389557 9.507888e-01
-10.300000 1.835803 -20.744575 0.388481 9.508286e-01
-10.000000 1.831266 -20.143924 0.387336 9.508731e-01
-9.700000 1.826476 -19.543297 0.386117 9.509229e-01
-9.400000 1.821413 -18.942696 0.384816 9.509788e-01
-9.100000 1.816052 -18.342122 0.383425 9.510415e-01
-8.800000 1.810365 -17.741579 0.381936 9.511118e-01
-8.500000 1.804323 -17.141070 0.380338 9.511907e-01
-8.200000 1.797891 -16.540600 0.378620 9.512794e-01
-7.900000 1.791031 -15.940173 0.376769 9.513792e-01
-7.600000 1.783697 -15.339796 0.374769 9.514918e-01
-7.300000 1.775841 -14.739479 0.372604 9.516189e-01
-7.000000 1.767404 -14.139233 0.370254 9.517629e-01
-6.700000 1.758321 -13.539073 0.367695 9.519263e-01
-6.400000 1.748516 -12.939017 0.364901 9.521122e-01
-6.100000 1.737900 -12.339090 0.361840 9.523247e-01
-5.800000 1.726372 -11.739326 0.358474 9.525684e-01
-5.500000 1.713811 -11.139769 0.354758 9.528493e-01
-5.200000 1.700077 -10.540476 0.350638 9.531750e-01
-4.900000 1.685004 -9.941526 0.346047 9.535551e-01
-4.600000 1.668397 -9.343025 0.340902 9.540026e-01
-4.300000 1.650022 -8.745119 0.335098 9.545346e-01
-4.000000 1.629602 -8.148010 0.328503 9.551748e-01
-3.700000 1.606804 -7.551978 0.320938 9.559567e-01
-3.400000 1.581232 -6.957420 0.312170 9.569280e-01
-3.100000 1.552414 -6.364897 0.301877 9.581585e-01
-2.800000 1.519793 -5.775212 0.289618 9.597501e-01
-2.500000 1.482720 -5.189521 0.274785 9.618495e-01
-2.200000 1.440468 -4.609496 0.256560 9.646597e-01
-1.900000 1.392278 -4.037607 0.233901 9.684349e-01
-1.600000 1.337528 -3.477574 0.205660 9.734221e-01
-1.300000 1.276157 -2.935160 0.171056 9.796729e-01
-1.000000 1.209525 -2.419051 0.130746 9.866853e-01
-0.700000 1.141173 -1.939993 0.087825 9.932064e-01
-0.400000 1.075512 -1.505716 0.046332 9.978615e-01
-0.100000 1.015100 -1.116610 0.008369 9.999215e-01
0.200000 0.960923 -0.768739 0.026340 9.991330e-01
0.500000 0.914146 -0.457073 0.055806 9.957147e-01
0.800000 0.875655 -0.175131 0.079240 9.906318e-01
1.100000 13.299588 1.329959 0.703243 9.967815e-01
1.400000 0.821462 0.328585 0.109292 9.799672e-01
1.700000 0.802543 0.561780 0.118216 9.755550e-01
2.000000 0.787298 0.787298 0.124668 9.718579e-01
2.300000 0.774756 1.007183 0.129422 9.687797e-01
2.600000 0.764244 1.222790 0.132995 9.662089e-01
2.900000 0.755292 1.435055 0.135726 9.640483e-01
3.200000 0.747568 1.644649 0.137842 9.622198e-01
3.500000 0.740829 1.852072 0.139501 9.606620e-01
3.800000 0.734893 2.057700 0.140810 9.593265e-01
4.100000 0.729622 2.261827 0.141851 9.581748e-01
4.400000 0.724906 2.464680 0.142682 9.571758e-01
4.700000 0.720659 2.666437 0.143347 9.563045e-01
5.000000 0.716811 2.867242 0.143880 9.555401e-01
5.300000 0.713305 3.067210 0.144309 9.548660e-01
5.600000 0.710094 3.266432 0.144653 9.542682e-01
5.900000 0.707140 3.464985 0.144929 9.537352e-01
6.200000 0.704410 3.662932 0.145149 9.532574e-01
6.500000 0.701877 3.860325 0.145325 9.528269e-01
6.800000 0.699519 4.057210 0.145463 9.524371e-01
7.100000 0.697315 4.253623 0.145572 9.520822e-01
7.400000 0.695250 4.449598 0.145656 9.517577e-01
7.700000 0.693308 4.645163 0.145720 9.514596e-01
8.000000 0.691478 4.840344 0.145768 9.511846e-01
8.300000 0.689748 5.035164 0.145802 9.509297e-01
8.600000 0.688111 5.229642 0.145825 9.506926e-01
8.900000 0.686557 5.423797 0.145839 9.504711e-01
9.200000 0.685079 5.617646 0.145846 9.502635e-01
9.500000 0.683671 5.811204 0.145846 9.500683e-01
9.800000 0.682328 6.004487 0.145842 9.498841e-01
10.100000 0.681045 6.197507 0.145834 9.497097e-01
10.400000 0.679817 6.390277 0.145823 9.495442e-01
10.700000 0.678640 6.582809 0.145810 9.493867e-01
11.000000 0.677511 6.775114 0.145795 9.492365e-01
11.300000 0.676427 6.967203 0.145779 9.490928e-01
11.600000 0.675385 7.159086 0.145761 9.489552e-01
11.900000 0.674383 7.350772 0.145743 9.488230e-01
12.200000 0.673417 7.542271 0.145725 9.486959e-01
12.500000 0.672486 7.733592 0.145707 9.485734e-01
12.800000 0.671588 7.924742 0.145688 9.484553e-01
13.100000 0.670721 8.115730 0.145670 9.483411e-01
13.400000 0.669884 8.306563 0.145652 9.482307e-01
13.700000 0.669075 8.497249 0.145634 9.481237e-01
14.000000 0.668292 8.687795 0.145617 9.480200e-01
14.300000 0.667534 8.878207 0.145601 9.479194e-01
14.600000 0.666801 9.068491 0.145585 9.478217e-01
14.900000 0.666090 9.258655 0.145569 9.477268e-01
15.200000 0.665402 9.448702 0.145554 9.476344e-01
15.500000 0.664734 9.638641 0.145540 9.475445e-01
15.800000 0.664086 9.828474 0.145526 9.474570e-01
16.100000 0.663457 10.018208 0.145512 9.473717e-01
16.400000 0.662847 10.207848 0.145500 9.472886e-01
16.700000 0.662255 10.397397 0.145488 9.472076e-01
17.000000 0.661679 10.586861 0.145476 9.471286e-01
17.300000 0.661119 10.776244 0.145465 9.470514e-01
17.600000 0.660575 10.965549 0.145454 9.469762e-01
17.900000 0.660046 11.154781 0.145444 9.469027e-01
18.200000 0.659532 11.343944 0.145434 9.468310e-01
18.500000 0.659031 11.533039 0.145425 9.467610e-01
18.800000 0.658543 11.722072 0.145416 9.466926e-01
19.100000 0.658069 11.911045 0.145407 9.466257e-01
19.400000 0.657607 12.099961 0.145399 9.465604e-01
19.700000 0.657156 12.288823 0.145391 9.464966e-01
20.000000 0.656718 12.477633 0.145383 9.464343e-01
20.300000 0.656290 12.666395 0.145376 9.463733e-01
20.600000 0.655873 12.855110 0.145369 9.463137e-01
20.900000 0.655466 13.043782 0.145362 9.462555e-01
21.200000 0.655070 13.232412 0.145355 9.461985e-01
21.500000 0.654683 13.421002 0.145349 9.461428e-01
21.800000 0.654306 13.609555 0.145343 9.460884e-01
22.100000 0.653937 13.798071 0.145337 9.460351e-01
22.400000 0.653577 13.986554 0.145331 9.459831e-01
22.700000 0.653226 14.175005 0.145325 9.459321e-01
23.000000 0.652883 14.363425 0.145320 9.458823e-01
23.300000 0.652548 14.551816 0.145314 9.458336e-01
23.600000 0.652220 14.740180 0.145309 9.457860e-01
23.900000 0.651900 14.928517 0.145303 9.457393e-01
24.200000 0.651587 15.116830 0.145298 9.456937e-01
24.500000 0.651282 15.305119 0.145293 9.456491e-01
24.800000 0.650983 15.493385 0.145288 9.456054e-01
