-25.000000 3.019503 -78.507084 1.233816 8.383489e-01
-24.700000 3.018093 -77.564999 1.233239 8.383489e-01
-24.400000 3.016650 -76.622914 1.232650 8.383489e-01
-24.100000 3.015172 -75.680829 1.232046 8.383489e-01
-23.800000 3.013659 -74.738744 1.231427 8.383489e-01
-23.500000 3.012109 -73.796659 1.230794 8.383489e-01
-23.200000 3.010520 -72.854574 1.230145 8.383489e-01
-22.900000 3.008891 -71.912489 1.229479 8.383489e-01
-22.600000 3.007221 -70.970404 1.228797 8.383489e-01
-22.300000 3.005507 -70.028319 1.228097 8.383489e-01
-22.000000 3.003749 -69.086234 1.227378 8.383489e-01
-21.700000 3.001945 -68.144149 1.226641 8.383489e-01
-21.400000 3.000092 -67.202064 1.225884 8.383489e-01
-21.100000 2.998189 -66.259979 1.225106 8.383489e-01
-20.800000 2.996234 -65.317894 1.224307 8.383489e-01
-20.500000 2.994224 -64.375809 1.223486 8.383489e-01
-20.200000 2.992157 -63.433724 1.222641 8.383489e-01
-19.900000 2.990031 -62.491639 1.221773 8.383489e-01
-19.600000 2.987842 -61.549554 1.220878 8.383489e-01
-19.300000 2.985590 -60.607469 1.219958 8.383489e-01
-19.000000 2.983269 -59.665385 1.219010 8.383489e-01
-18.700000 2.980878 -58.723300 1.218033 8.383489e-01
-18.400000 2.978413 -57.781215 1.217025 8.383489e-01
-18.100000 2.975871 -56.839130 1.215987 8.383489e-01
-17.800000 2.973247 -55.897045 1.214914 8.383489e-01
-17.500000 2.970538 -54.954960 1.213808 8.383489e-01
-17.200000 2.967740 -54.012875 1.212664 8.383489e-01
-16.900000 2.964849 -53.070791 1.211483 8.383489e-01
-16.600000 2.961858 -52.128706 1.210261 8.383489e-01
-16.300000 2.958764 -51.186622 1.208997 8.383489e-01
-16.000000 2.955561 -50.244537 1.207688 8.383489e-01
-15.700000 2.952243 -49.302453 1.206332 8.383489e-01
-15.400000 2.948803 -48.360369 1.204926 8.383489e-01
-15.100000 2.945235 -47.418285 1.203468 8.383489e-01
-14.800000 2.941532 -46.476201 1.201955 8.383490e-01
-14.500000 2.937685 -45.534118 1.200383 8.383490e-01
-14.200000 2.933686 -44.592035 1.198749 8.383490e-01
-13.900000 2.929527 -43.649952 1.197049 8.383490e-01
-13.600000 2.925197 -42.707870 1.195279 8.383491e-01
-13.300000 2.920685 -41.765789 1.193436 8.383491e-01
-13.000000 2.915979 -40.823708 1.191513 8.383492e-01
-12.700000 2.911068 -39.881629 1.189505 8.383493e-01
-12.400000 2.905937 -38.939551 1.187408 8.383494e-01
-12.100000 2.900571 -37.997475 1.185215 8.383495e-01
-11.800000 2.894953 -37.055400 1.182919 8.383497e-01
-11.500000 2.889066 -36.113328 1.180512 8.383499e-01
-11.200000 2.882890 -35.171259 1.177988 8.383502e-01
-10.900000 2.876403 -34.229194 1.175335 8.383505e-01
-10.600000 2.869580 -33.287133 1.172546 8.383510e-01
-10.300000 2.862396 -32.345078 1.169608 8.383515e-01
-10.000000 2.854821 -31.403030 1.166509 8.383523e-01
-9.700000 2.846822 -30.460990 1.163237 8.383532e-01
-9.400000 2.838362 -29.518961 1.159775 8.383543e-01
-9.100000 2.829400 -28.576945 1.156107 8.383558e-01
-8.800000 2.819892 -27.634944 1.152214 8.383577e-01
-8.500000 2.809786 -26.692963 1.148074 8.383602e-01
-8.200000 2.799022 -25.751005 1.143663 8.383633e-01
-7.900000 2.787537 -24.809076 1.138953 8.383673e-01
-7.600000 2.775254 -23.867184 1.133913 8.383725e-01
-7.300000 2.762089 -22.925335 1.128506 8.383792e-01
-7.000000 2.747942 -21.983540 1.122690 8.383878e-01
-6.700000 2.732703 -21.041810 1.116418 8.383990e-01
-6.400000 2.716238 -20.100160 1.109632 8.384135e-01
-6.100000 2.698395 -19.158607 1.102266 8.384325e-01
-5.800000 2.678996 -18.217172 1.094241 8.384573e-01
-5.500000 2.657828 -17.275880 1.085464 8.384898e-01
-5.200000 2.634639 -16.334760 1.075823 8.385328e-01
-4.900000 2.609127 -15.393847 1.065181 8.385898e-01
-4.600000 2.580925 -14.453179 1.053372 8.386658e-01
-4.300000 2.549585 -13.512801 1.040190 8.387677e-01
-4.000000 2.514553 -12.572763 1.025374 8.389054e-01
-3.700000 2.475131 -11.633116 1.008598 8.390932e-01
-3.400000 2.430435 -10.693914 0.989436 8.393517e-01
-3.100000 2.379318 -9.755204 0.967333 8.397116e-01
-2.800000 2.320270 -8.817025 0.941546 8.402197e-01
-2.500000 2.251256 -7.879396 0.911060 8.409483e-01
-2.200000 2.169473 -6.942314 0.874466 8.420131e-01
-1.900000 2.070950 -6.005754 0.829751 8.436059e-01
-1.600000 1.949887 -5.069707 0.773961 8.460618e-01
-1.300000 1.797562 -4.134393 0.702607 8.500265e-01
-1.000000 1.600886 -3.201772 0.608230 8.571174e-01
-0.700000 1.347400 -2.290580 0.473078 8.753786e-01
-0.400000 1.089722 -1.525610 0.244878 9.448968e-01
-0.100000 0.977590 -1.075349 0.036874 9.983596e-01
0.200000 0.958679 -0.766944 0.005294 9.999648e-01
0.500000 0.952704 -0.476352 0.007558 9.999273e-01
0.800000 0.948585 -0.189717 0.007932 9.999193e-01
1.100000 15.470574 1.547057 2.073697 9.796725e-01
1.400000 0.941946 0.376778 0.009057 9.998932e-01
1.700000 0.939017 0.657312 0.010073 9.998671e-01
2.000000 0.936250 0.936250 0.011180 9.998354e-01
2.300000 0.933609 1.213691 0.012296 9.997997e-01
2.600000 0.931069 1.489711 0.013394 9.997611e-01
2.900000 0.928613 1.764365 0.014472 9.997196e-01
3.200000 0.926225 2.037695 0.015540 9.996750e-01
3.500000 0.923893 2.309732 0.016610 9.996269e-01
3.800000 0.921605 2.580495 0.017695 9.995744e-01
4.100000 0.919354 2.849996 0.018807 9.995169e-01
4.400000 0.917130 3.118242 0.019955 9.994536e-01
4.700000 0.914928 3.385234 0.021145 9.993835e-01
5.000000 0.912744 3.650977 0.022382 9.993060e-01
5.300000 0.910575 3.915474 0.023667 9.992204e-01
5.600000 0.908421 4.178735 0.024999 9.991262e-01
5.900000 0.906281 4.440776 0.026374 9.990229e-01
6.200000 0.904158 4.701620 0.027786 9.989105e-01
6.500000 0.902054 4.961300 0.029228 9.987890e-01
6.800000 0.899975 5.219858 0.030691 9.986588e-01
7.100000 0.897925 5.477343 0.032165 9.985204e-01
7.400000 0.895908 5.733813 0.033639 9.983745e-01
7.700000 0.893930 5.989330 0.035106 9.982221e-01
8.000000 0.891994 6.243960 0.036554 9.980643e-01
8.300000 0.890105 6.497768 0.037976 9.979023e-01
8.600000 0.888266 6.750822 0.039365 9.977370e-01
8.900000 0.886479 7.003186 0.040715 9.975699e-01
9.200000 0.884746 7.254921 0.042020 9.974018e-01
9.500000 0.883069 7.506086 0.043279 9.972338e-01
9.800000 0.881447 7.756733 0.044487 9.970669e-01
10.100000 0.879880 8.006911 0.045645 9.969018e-01
10.400000 0.878369 8.256665 0.046750 9.967393e-01
10.700000 0.876911 8.506034 0.047804 9.965798e-01
11.000000 0.875505 8.755053 0.048807 9.964239e-01
11.300000 0.874151 9.003754 0.049759 9.962720e-01
11.600000 0.872846 9.252165 0.050664 9.961243e-01
11.900000 0.871588 9.500310 0.051521 9.959810e-01
12.200000 0.870376 9.748212 0.052333 9.958423e-01
12.500000 0.869208 9.995889 0.053103 9.957082e-01
12.800000 0.868081 10.243358 0.053831 9.955787e-01
13.100000 0.866995 10.490636 0.054521 9.954540e-01
13.400000 0.865946 10.737734 0.055173 9.953338e-01
13.700000 0.864934 10.984667 0.055790 9.952181e-01
14.000000 0.863957 11.231443 0.056375 9.951069e-01
14.300000 0.863013 11.478073 0.056928 9.950000e-01
14.600000 0.862100 11.724566 0.057452 9.948973e-01
14.900000 0.861218 11.970930 0.057948 9.947987e-01
15.200000 0.860364 12.217171 0.058418 9.947040e-01
15.500000 0.859538 12.463297 0.058863 9.946131e-01
15.800000 0.858737 12.709312 0.059285 9.945259e-01
16.100000 0.857962 12.955224 0.059686 9.944421e-01
16.400000 0.857210 13.201037 0.060066 9.943617e-01
16.700000 0.856481 13.446756 0.060426 9.942845e-01
17.000000 0.855774 13.692385 0.060769 9.942105e-01
17.300000 0.855088 13.937929 0.061094 9.941393e-01
17.600000 0.854421 14.183390 0.061403 9.940710e-01
17.900000 0.853774 14.428774 0.061697 9.940054e-01
18.200000 0.853144 14.674084 0.061977 9.939424e-01
18.500000 0.852533 14.919322 0.062243 9.938818e-01
18.800000 0.851938 15.164492 0.062497 9.938236e-01
19.100000 0.851359 15.409597 0.062738 9.937677e-01
19.400000 0.850796 15.654639 0.062969 9.937139e-01
19.700000 0.850247 15.899621 0.063188 9.936621e-01
20.000000 0.849713 16.144547 0.063398 9.936123e-01
20.300000 0.849193 16.389417 0.063598 9.935644e-01
20.600000 0.848685 16.634234 0.063789 9.935183e-01
20.900000 0.848191 16.879002 0.063971 9.934738e-01
21.200000 0.847709 17.123720 0.064145 9.934310e-01
21.500000 0.847239 17.368393 0.064312 9.933898e-01
21.800000 0.846780 17.613021 0.064471 9.933500e-01
22.100000 0.846332 17.857606 0.064624 9.933117e-01
22.400000 0.845895 18.102151 0.064770 9.932747e-01
22.700000 0.845468 18.346656 0.064910 9.932391e-01
23.000000 0.845051 18.591123 0.065044 9.932046e-01
23.300000 0.844644 18.835555 0.065173 9.931714e-01
23.600000 0.844246 19.079951 0.065296 9.931393e-01
23.900000 0.843857 19.324315 0.065414 9.931083e-01
24.200000 0.843476 19.568646 0.065527 9.930784e-01
24.500000 0.843104 19.812947 0.065636 9.930494e-01
24.800000 0.842740 20.057218 0.065741 9.930214e-01
