-25.000000 2.084170 -54.188427 0.670607 8.932062e-01
-24.700000 2.083199 -53.538227 0.670243 8.932208e-01
-24.400000 2.082206 -52.888029 0.669870 8.932359e-01
-24.100000 2.081189 -52.237835 0.669488 8.932517e-01
-23.800000 2.080147 -51.587643 0.669095 8.932682e-01
-23.500000 2.079080 -50.937455 0.668692 8.932853e-01
-23.200000 2.077986 -50.287269 0.668277 8.933032e-01
-22.900000 2.076866 -49.637087 0.667851 8.933219e-01
-22.600000 2.075716 -48.986907 0.667414 8.933414e-01
-22.300000 2.074538 -48.336732 0.666963 8.933617e-01
-22.000000 2.073329 -47.686559 0.666500 8.933830e-01
-21.700000 2.072088 -47.036390 0.666023 8.934053e-01
-21.400000 2.070814 -46.386225 0.665533 8.934285e-01
-21.100000 2.069505 -45.736064 0.665027 8.934529e-01
-20.800000 2.068161 -45.085906 0.664506 8.934785e-01
-20.500000 2.066779 -44.435752 0.663968 8.935053e-01
-20.200000 2.065359 -43.785601 0.663414 8.935334e-01
-19.900000 2.063897 -43.135455 0.662842 8.935629e-01
-19.600000 2.062394 -42.485313 0.662251 8.935939e-01
-19.300000 2.060846 -41.835175 0.661640 8.936265e-01
-19.000000 2.059252 -41.185041 0.661009 8.936608e-01
-18.700000 2.057610 -40.534911 0.660357 8.936969e-01
-18.400000 2.055917 -39.884785 0.659681 8.937349e-01
-18.100000 2.054171 -39.234664 0.658982 8.937749e-01
-17.800000 2.052369 -38.584546 0.658258 8.938172e-01
-17.500000 2.050510 -37.934433 0.657507 8.938618e-01
-17.200000 2.048589 -37.284325 0.656728 8.939088e-01
-16.900000 2.046604 -36.634220 0.655920 8.939586e-01
-16.600000 2.044552 -35.984119 0.655080 8.940112e-01
-16.300000 2.042429 -35.334023 0.654207 8.940669e-01
-16.000000 2.040231 -34.683930 0.653300 8.941259e-01
-15.700000 2.037955 -34.033842 0.652355 8.941885e-01
-15.400000 2.035595 -33.383757 0.651371 8.942548e-01
-15.100000 2.033148 -32.733676 0.650346 8.943253e-01
-14.800000 2.030607 -32.083598 0.649276 8.944002e-01
-14.500000 2.027969 -31.433523 0.648159 8.944798e-01
-14.200000 2.025227 -30.783451 0.646992 8.945645e-01
-13.900000 2.022375 -30.133381 0.645772 8.946548e-01
-13.600000 2.019405 -29.483314 0.644494 8.947510e-01
-13.300000 2.016311 -28.833249 0.643156 8.948537e-01
-13.000000 2.013085 -28.183185 0.641752 8.949635e-01
-12.700000 2.009717 -27.533122 0.640279 8.950808e-01
-12.400000 2.006199 -26.883060 0.638730 8.952064e-01
-12.100000 2.002519 -26.232997 0.637101 8.953409e-01
-11.800000 1.998667 -25.582934 0.635386 8.954853e-01
-11.500000 1.994630 -24.932869 0.633577 8.956403e-01
-11.200000 1.990394 -24.282802 0.631668 8.958069e-01
-10.900000 1.985944 -23.632732 0.629650 8.959863e-01
-10.600000 1.981264 -22.982657 0.627514 8.961797e-01
-10.300000 1.976334 -22.332578 0.625251 8.963884e-01
-10.000000 1.971136 -21.682492 0.622848 8.966141e-01
-9.700000 1.965645 -21.032399 0.620294 8.968583e-01
-9.400000 1.959836 -20.382297 0.617576 8.971232e-01
-9.100000 1.953682 -19.732185 0.614676 8.974110e-01
-8.800000 1.947149 -19.082061 0.611579 8.977241e-01
-8.500000 1.940203 -18.431924 0.608263 8.980655e-01
-8.200000 1.932801 -17.781772 0.604708 8.984385e-01
-7.900000 1.924899 -17.131603 0.600886 8.988470e-01
-7.600000 1.916443 -16.481414 0.596770 8.992954e-01
-7.300000 1.907374 -15.831203 0.592326 8.997890e-01
-7.000000 1.897621 -15.180968 0.587516 9.003338e-01
-6.700000 1.887105 -14.530705 0.582294 9.009370e-01
-6.400000 1.875731 -13.880412 0.576609 9.016070e-01
-6.100000 1.863392 -13.230084 0.570401 9.023541e-01
-5.800000 1.849958 -12.579718 0.563598 9.031905e-01
-5.500000 1.835278 -11.929309 0.556113 9.041309e-01
-5.200000 1.819170 -11.278853 0.547847 9.051937e-01
-4.900000 1.801414 -10.628345 0.538675 9.064011e-01
-4.600000 1.781747 -9.977781 0.528448 9.077814e-01
-4.300000 1.759841 -9.327159 0.516983 9.093701e-01
-4.000000 1.735295 -8.676476 0.504053 9.112128e-01
-3.700000 1.707605 -8.025742 0.489373 9.133686e-01
-3.400000 1.676132 -7.374980 0.472579 9.159161e-01
-3.100000 1.640061 -6.724251 0.453206 9.189614e-01
-2.800000 1.598345 -6.073709 0.430640 9.226517e-01
-2.500000 1.549642 -5.423748 0.404059 9.272011e-01
-2.200000 1.492311 -4.775396 0.372303 9.329415e-01
-1.900000 1.424622 -4.131404 0.333612 9.404418e-01
-1.600000 1.345681 -3.498772 0.285046 9.507361e-01
-1.300000 1.257587 -2.892450 0.222110 9.652292e-01
-1.000000 1.168295 -2.336591 0.142887 9.830189e-01
-0.700000 1.093146 -1.858348 0.063255 9.961480e-01
-0.400000 1.043217 -1.460504 0.018415 9.996403e-01
-0.100000 1.008269 -1.109096 0.003058 9.999894e-01
0.200000 0.975010 -0.780008 0.009727 9.998851e-01
0.500000 0.938599 -0.469299 0.023084 9.993019e-01
0.800000 0.898707 -0.179741 0.039076 9.978215e-01
1.100000 13.657064 1.365706 0.782829 9.962199e-01
1.400000 0.817867 0.327147 0.073188 9.908369e-01
1.700000 0.782753 0.547927 0.087522 9.857675e-01
2.000000 0.753189 0.753189 0.098810 9.805117e-01
2.300000 0.728999 0.947698 0.107282 9.755998e-01
2.600000 0.709388 1.135020 0.113511 9.712807e-01
2.900000 0.693446 1.317548 0.118075 9.676023e-01
3.200000 0.680371 1.496816 0.121438 9.645146e-01
3.500000 0.669521 1.673802 0.123936 9.619343e-01
3.800000 0.660405 1.849135 0.125807 9.597763e-01
4.100000 0.652655 2.023229 0.127219 9.579650e-01
4.400000 0.645989 2.196362 0.128290 9.564374e-01
4.700000 0.640197 2.368728 0.129103 9.551423e-01
5.000000 0.635116 2.540463 0.129719 9.540385e-01
5.300000 0.630620 2.711667 0.130184 9.530928e-01
5.600000 0.626612 2.882414 0.130530 9.522788e-01
5.900000 0.623013 3.052761 0.130782 9.515749e-01
6.200000 0.619760 3.222754 0.130960 9.509635e-01
6.500000 0.616805 3.392427 0.131079 9.504304e-01
6.800000 0.614105 3.561808 0.131150 9.499637e-01
7.100000 0.611627 3.730924 0.131184 9.495536e-01
7.400000 0.609343 3.899792 0.131186 9.491921e-01
7.700000 0.607229 4.068431 0.131164 9.488722e-01
8.000000 0.605265 4.236857 0.131122 9.485882e-01
8.300000 0.603436 4.405081 0.131065 9.483352e-01
8.600000 0.601726 4.573117 0.130995 9.481090e-01
8.900000 0.600123 4.740974 0.130915 9.479061e-01
9.200000 0.598618 4.908664 0.130828 9.477234e-01
9.500000 0.597199 5.076194 0.130735 9.475583e-01
9.800000 0.595860 5.243572 0.130638 9.474087e-01
10.100000 0.594594 5.410807 0.130539 9.472724e-01
10.400000 0.593394 5.577905 0.130438 9.471479e-01
10.700000 0.592255 5.744873 0.130336 9.470337e-01
11.000000 0.591172 5.911716 0.130234 9.469285e-01
11.300000 0.590140 6.078442 0.130132 9.468312e-01
11.600000 0.589156 6.245054 0.130032 9.467409e-01
11.900000 0.588216 6.411557 0.129933 9.466567e-01
12.200000 0.587318 6.577958 0.129835 9.465779e-01
12.500000 0.586457 6.744259 0.129740 9.465039e-01
12.800000 0.585633 6.910466 0.129647 9.464341e-01
13.100000 0.584841 7.076581 0.129556 9.463680e-01
13.400000 0.584081 7.242610 0.129468 9.463052e-01
13.700000 0.583351 7.408554 0.129382 9.462453e-01
14.000000 0.582648 7.574419 0.129299 9.461881e-01
14.300000 0.581970 7.740206 0.129218 9.461332e-01
14.600000 0.581318 7.905918 0.129140 9.460803e-01
14.900000 0.580688 8.071560 0.129065 9.460294e-01
15.200000 0.580080 8.237132 0.128992 9.459801e-01
15.500000 0.579492 8.402639 0.128921 9.459323e-01
15.800000 0.578924 8.568081 0.128853 9.458859e-01
16.100000 0.578375 8.733462 0.128788 9.458407e-01
16.400000 0.577843 8.898784 0.128725 9.457966e-01
16.700000 0.577328 9.064049 0.128664 9.457536e-01
17.000000 0.576829 9.229259 0.128605 9.457115e-01
17.300000 0.576344 9.394415 0.128549 9.456703e-01
17.600000 0.575875 9.559520 0.128495 9.456300e-01
17.900000 0.575419 9.724575 0.128442 9.455903e-01
18.200000 0.574976 9.889583 0.128392 9.455514e-01
18.500000 0.574545 10.054544 0.128344 9.455132e-01
18.800000 0.574127 10.219460 0.128297 9.454755e-01
19.100000 0.573720 10.384333 0.128252 9.454385e-01
19.400000 0.573324 10.549165 0.128209 9.454020e-01
19.700000 0.572939 10.713955 0.128167 9.453661e-01
20.000000 0.572564 10.878707 0.128127 9.453307e-01
20.300000 0.572198 11.043421 0.128089 9.452958e-01
20.600000 0.571842 11.208098 0.128051 9.452614e-01
20.900000 0.571494 11.372739 0.128016 9.452275e-01
21.200000 0.571156 11.537347 0.127981 9.451940e-01
21.500000 0.570825 11.701921 0.127948 9.451610e-01
21.800000 0.570503 11.866463 0.127916 9.451284e-01
22.100000 0.570188 12.030974 0.127885 9.450962e-01
22.400000 0.569881 12.195454 0.127855 9.450645e-01
22.700000 0.569581 12.359906 0.127826 9.450332e-01
23.000000 0.569288 12.524329 0.127798 9.450022e-01
23.300000 0.569001 12.688725 0.127772 9.449717e-01
23.600000 0.568721 12.853094 0.127746 9.449416e-01
23.900000 0.568447 13.017438 0.127721 9.449119e-01
24.200000 0.568179 13.181757 0.127696 9.448826e-01
24.500000 0.567917 13.346051 0.127673 9.448537e-01
24.800000 0.567661 13.510323 0.127650 9.448251e-01
