3.140283 1.283168 8.383489e-01 0.000000 0.000000 3.000000e+04
3.140283 1.283168 8.383489e-01 0.000000 0.000000 3.000000e+04
3.140283 1.283168 8.383489e-01 0.000000 0.000000 3.000000e+04
3.140283 1.283168 8.383489e-01 0.000000 0.000000 3.000000e+04
3.140283 1.283168 8.383489e-01 0.000000 0.000000 3.000000e+04
3.140283 1.283168 8.383489e-01 0.000000 0.000000 3.000000e+04
3.140283 1.283168 8.383489e-01 0.000000 0.000000 3.000000e+04
3.140283 1.283168 8.383489e-01 0.000000 0.000000 3.000000e+04
3.140283 1.283168 8.383489e-01 0.000001 0.000000 3.000000e+04
3.140283 1.283168 8.383489e-01 0.000001 0.000000 3.000000e+04
3.140283 1.283168 8.383489e-01 0.000001 0.000001 3.000000e+04
3.140283 1.283168 8.383489e-01 0.000001 0.000001 3.000000e+04
3.140283 1.283168 8.383489e-01 0.000001 0.000001 3.000000e+04
3.140283 1.283168 8.383489e-01 0.000001 0.000001 3.000000e+04
3.140283 1.283168 8.383489e-01 0.000002 0.000001 3.000000e+04
3.140283 1.283168 8.383489e-01 0.000002 0.000001 3.000000e+04
3.140283 1.283168 8.383489e-01 0.000003 0.000002 3.000000e+04
3.140283 1.283168 8.383488e-01 0.000003 0.000002 3.000000e+04
1.128733 0.390739 8.784308e-01 0.962475 0.009482 9.998879e-01
0.980912 0.032066 9.987674e-01 0.963126 0.007662 9.999269e-01
0.960459 0.008759 9.999040e-01 0.956581 0.007503 9.999290e-01
0.951070 0.008076 9.999167e-01 0.950573 0.008003 9.999181e-01
0.943999 0.008534 9.999056e-01 0.943889 0.008563 9.999050e-01
0.937911 0.010721 9.998491e-01 0.936297 0.011579 9.998234e-01
0.932389 0.013314 9.997646e-01 0.927749 0.016126 9.996512e-01
0.927252 0.015770 9.996661e-01 0.918253 0.021280 9.993802e-01
0.922399 0.018036 9.995587e-01 0.907825 0.026810 9.989938e-01
0.917762 0.020189 9.994415e-01 0.896469 0.032801 9.984563e-01
0.913287 0.022320 9.993107e-01 0.884169 0.039449 9.977064e-01
0.908932 0.024507 9.991612e-01 0.870887 0.046980 9.966506e-01
0.904658 0.026806 9.989871e-01 0.856571 0.055615 9.951552e-01
0.900436 0.029257 9.987823e-01 0.841160 0.065550 9.930357e-01
0.896242 0.031883 9.985406e-01 0.824596 0.076946 9.900442e-01
0.892062 0.034693 9.982564e-01 0.806833 0.089922 9.858583e-01
0.887891 0.037679 9.979246e-01 0.787852 0.104537 9.800732e-01
0.883730 0.040824 9.975416e-01 0.767671 0.120788 9.722041e-01
0.879590 0.044096 9.971060e-01 0.746354 0.138593 9.617033e-01
0.875492 0.047452 9.966188e-01 0.724018 0.157792 9.479997e-01
0.871458 0.050845 9.960842e-01 0.700828 0.178145 9.305626e-01
0.867519 0.054220 9.955092e-01 0.676999 0.199343 9.089863e-01
0.863704 0.057522 9.949039e-01 0.652778 0.221027 8.830816e-01
0.860043 0.060699 9.942805e-01 0.628433 0.242807 8.529532e-01
0.856560 0.063706 9.936525e-01 0.604232 0.264293 8.190362e-01
0.853277 0.066504 9.930336e-01 0.580433 0.285114 7.820751e-01
0.850207 0.069067 9.924365e-01 0.557262 0.304943 7.430448e-01
0.847359 0.071378 9.918722e-01 0.534910 0.323509 7.030314e-01
