-25.000000 2.531631 -65.822411 0.330385 9.807112e-01
-24.700000 2.530449 -65.032543 0.330230 9.807112e-01
-24.400000 2.529239 -64.242675 0.330072 9.807112e-01
-24.100000 2.528000 -63.452807 0.329911 9.807112e-01
-23.800000 2.526731 -62.662940 0.329745 9.807112e-01
-23.500000 2.525432 -61.873072 0.329575 9.807112e-01
-23.200000 2.524099 -61.083205 0.329402 9.807112e-01
-22.900000 2.522734 -60.293338 0.329223 9.807113e-01
-22.600000 2.521334 -59.503471 0.329041 9.807113e-01
-22.300000 2.519897 -58.713604 0.328853 9.807113e-01
-22.000000 2.518423 -57.923738 0.328661 9.807113e-01
-21.700000 2.516911 -57.133872 0.328463 9.807113e-01
-21.400000 2.515357 -56.344007 0.328260 9.807113e-01
-21.100000 2.513762 -55.554142 0.328052 9.807113e-01
-20.800000 2.512123 -54.764277 0.327838 9.807113e-01
-20.500000 2.510438 -53.974413 0.327618 9.807113e-01
-20.200000 2.508705 -53.184549 0.327392 9.807113e-01
-19.900000 2.506923 -52.394686 0.327159 9.807113e-01
-19.600000 2.505089 -51.604824 0.326920 9.807114e-01
-19.300000 2.503200 -50.814963 0.326673 9.807114e-01
-19.000000 2.501255 -50.025103 0.326419 9.807114e-01
-18.700000 2.499251 -49.235244 0.326157 9.807114e-01
-18.400000 2.497185 -48.445386 0.325888 9.807114e-01
-18.100000 2.495054 -47.655530 0.325609 9.807115e-01
-17.800000 2.492855 -46.865676 0.325322 9.807115e-01
-17.500000 2.490585 -46.075823 0.325025 9.807116e-01
-17.200000 2.488240 -45.285972 0.324719 9.807116e-01
-16.900000 2.485817 -44.496124 0.324402 9.807117e-01
-16.600000 2.483311 -43.706278 0.324075 9.807117e-01
-16.300000 2.480719 -42.916436 0.323736 9.807118e-01
-16.000000 2.478035 -42.126596 0.323385 9.807119e-01
-15.700000 2.475255 -41.336761 0.323021 9.807120e-01
-15.400000 2.472374 -40.546930 0.322644 9.807121e-01
-15.100000 2.469385 -39.757104 0.322253 9.807122e-01
-14.800000 2.466284 -38.967284 0.321847 9.807123e-01
-14.500000 2.463063 -38.177469 0.321425 9.807125e-01
-14.200000 2.459715 -37.387662 0.320987 9.807127e-01
-13.900000 2.456232 -36.597863 0.320531 9.807129e-01
-13.600000 2.452608 -35.808073 0.320055 9.807132e-01
-13.300000 2.448832 -35.018294 0.319560 9.807135e-01
-13.000000 2.444895 -34.228526 0.319043 9.807138e-01
-12.700000 2.440786 -33.438771 0.318504 9.807142e-01
-12.400000 2.436495 -32.649031 0.317940 9.807147e-01
-12.100000 2.432008 -31.859307 0.317350 9.807152e-01
-11.800000 2.427313 -31.069602 0.316733 9.807158e-01
-11.500000 2.422394 -30.279919 0.316085 9.807165e-01
-11.200000 2.417234 -29.490259 0.315405 9.807173e-01
-10.900000 2.411817 -28.700627 0.314690 9.807183e-01
-10.600000 2.406123 -27.911025 0.313938 9.807193e-01
-10.300000 2.400129 -27.121457 0.313146 9.807206e-01
-10.000000 2.393812 -26.331929 0.312309 9.807221e-01
-9.700000 2.387144 -25.542443 0.311425 9.807238e-01
-9.400000 2.380097 -24.753007 0.310490 9.807258e-01
-9.100000 2.372636 -23.963627 0.309497 9.807281e-01
-8.800000 2.364725 -23.174308 0.308443 9.807308e-01
-8.500000 2.356322 -22.385060 0.307322 9.807340e-01
-8.200000 2.347379 -21.595890 0.306125 9.807376e-01
-7.900000 2.337844 -20.806809 0.304847 9.807420e-01
-7.600000 2.327654 -20.017826 0.303478 9.807470e-01
-7.300000 2.316742 -19.228955 0.302008 9.807529e-01
-7.000000 2.305026 -18.440208 0.300425 9.807599e-01
-6.700000 2.292416 -17.651600 0.298717 9.807681e-01
-6.400000 2.278804 -16.863147 0.296867 9.807777e-01
-6.100000 2.264066 -16.074868 0.294858 9.807891e-01
-5.800000 2.248056 -15.286782 0.292668 9.808026e-01
-5.500000 2.230602 -14.498912 0.290273 9.808186e-01
-5.200000 2.211497 -13.711283 0.287641 9.808376e-01
-4.900000 2.190495 -12.923921 0.284737 9.808603e-01
-4.600000 2.167296 -12.136857 0.281517 9.808876e-01
-4.300000 2.141533 -11.350126 0.277926 9.809205e-01
-4.000000 2.112754 -10.563769 0.273899 9.809604e-01
-3.700000 2.080390 -9.777832 0.269350 9.810093e-01
-3.400000 2.043722 -8.992375 0.264170 9.810701e-01
-3.100000 2.001824 -8.207477 0.258218 9.811471e-01
-2.800000 1.953487 -7.423250 0.251297 9.812476e-01
-2.500000 1.897106 -6.639872 0.243132 9.813850e-01
-2.200000 1.830515 -5.857648 0.233304 9.815859e-01
-1.900000 1.750750 -5.077174 0.221134 9.819092e-01
-1.600000 1.653749 -4.299749 0.205416 9.824941e-01
-1.300000 1.534185 -3.528626 0.183858 9.836849e-01
-1.000000 1.386737 -2.773474 0.152088 9.862995e-01
-0.700000 1.215562 -2.066455 0.104083 9.916041e-01
-0.400000 1.061813 -1.486538 0.048520 9.975944e-01
-0.100000 0.977842 -1.075626 0.019002 9.995641e-01
0.200000 0.942284 -0.753828 0.008056 9.999156e-01
0.500000 0.922163 -0.461082 0.007728 9.999189e-01
0.800000 0.905727 -0.181145 0.011721 9.998066e-01
1.100000 14.193810 1.419381 1.684819 9.839888e-01
1.400000 0.873010 0.349204 0.018630 9.994744e-01
1.700000 0.855411 0.598788 0.022919 9.991717e-01
2.000000 0.837142 0.837142 0.028406 9.986721e-01
2.300000 0.818685 1.064291 0.034857 9.979109e-01
2.600000 0.800646 1.281034 0.041717 9.968745e-01
2.900000 0.783569 1.488782 0.048424 9.956088e-01
3.200000 0.767826 1.689217 0.054582 9.941981e-01
3.500000 0.753589 1.883973 0.059991 9.927347e-01
3.800000 0.740873 2.074445 0.064602 9.912957e-01
4.100000 0.729592 2.261735 0.068459 9.899346e-01
4.400000 0.719610 2.446675 0.071646 9.886819e-01
4.700000 0.710777 2.629876 0.074261 9.875508e-01
5.000000 0.702945 2.811781 0.076397 9.865428e-01
5.300000 0.695979 2.992711 0.078138 9.856523e-01
5.600000 0.689760 3.172898 0.079555 9.848700e-01
5.900000 0.684186 3.352512 0.080706 9.841851e-01
6.200000 0.679169 3.531677 0.081642 9.835864e-01
6.500000 0.674634 3.710487 0.082401 9.830632e-01
6.800000 0.670519 3.889011 0.083016 9.826059e-01
7.100000 0.666771 4.067303 0.083513 9.822055e-01
7.400000 0.663344 4.245402 0.083915 9.818544e-01
7.700000 0.660200 4.423340 0.084238 9.815458e-01
8.000000 0.657306 4.601142 0.084496 9.812738e-01
8.300000 0.654634 4.778827 0.084701 9.810334e-01
8.600000 0.652159 4.956410 0.084863 9.808204e-01
8.900000 0.649861 5.133905 0.084989 9.806308e-01
9.200000 0.647722 5.311320 0.085085 9.804617e-01
9.500000 0.645725 5.488665 0.085158 9.803103e-01
9.800000 0.643858 5.665947 0.085210 9.801742e-01
10.100000 0.642107 5.843171 0.085246 9.800514e-01
10.400000 0.640462 6.020341 0.085269 9.799403e-01
10.700000 0.638914 6.197463 0.085281 9.798395e-01
11.000000 0.637454 6.374540 0.085284 9.797475e-01
11.300000 0.636075 6.551574 0.085280 9.796634e-01
11.600000 0.634771 6.728569 0.085270 9.795863e-01
11.900000 0.633535 6.905527 0.085255 9.795153e-01
12.200000 0.632362 7.082449 0.085236 9.794497e-01
12.500000 0.631247 7.259339 0.085214 9.793890e-01
12.800000 0.630186 7.436198 0.085189 9.793325e-01
13.100000 0.629176 7.613027 0.085163 9.792800e-01
13.400000 0.628212 7.789828 0.085135 9.792309e-01
13.700000 0.627292 7.966602 0.085107 9.791849e-01
14.000000 0.626412 8.143351 0.085077 9.791417e-01
14.300000 0.625570 8.320076 0.085047 9.791011e-01
14.600000 0.624763 8.496777 0.085017 9.790628e-01
14.900000 0.623990 8.673456 0.084987 9.790267e-01
15.200000 0.623247 8.850114 0.084956 9.789924e-01
15.500000 0.622535 9.026752 0.084926 9.789600e-01
15.800000 0.621849 9.203370 0.084896 9.789291e-01
16.100000 0.621190 9.379971 0.084867 9.788998e-01
16.400000 0.620555 9.556553 0.084837 9.788718e-01
16.700000 0.619944 9.733118 0.084808 9.788451e-01
17.000000 0.619354 9.909667 0.084780 9.788197e-01
17.300000 0.618785 10.086201 0.084752 9.787953e-01
17.600000 0.618236 10.262720 0.084724 9.787719e-01
17.900000 0.617706 10.439224 0.084697 9.787496e-01
18.200000 0.617193 10.615715 0.084670 9.787281e-01
18.500000 0.616697 10.792193 0.084644 9.787075e-01
18.800000 0.616217 10.968658 0.084618 9.786877e-01
19.100000 0.615752 11.145112 0.084593 9.786686e-01
19.400000 0.615302 11.321554 0.084568 9.786503e-01
19.700000 0.614865 11.497985 0.084544 9.786326e-01
20.000000 0.614442 11.674405 0.084520 9.786156e-01
20.300000 0.614032 11.850815 0.084497 9.785992e-01
20.600000 0.613633 12.027216 0.084474 9.785833e-01
20.900000 0.613247 12.203607 0.084452 9.785680e-01
21.200000 0.612871 12.379989 0.084430 9.785532e-01
21.500000 0.612506 12.556363 0.084408 9.785389e-01
21.800000 0.612150 12.732728 0.084387 9.785251e-01
22.100000 0.611805 12.909086 0.084366 9.785118e-01
22.400000 0.611469 13.085436 0.084346 9.784989e-01
22.700000 0.611142 13.261779 0.084326 9.784863e-01
23.000000 0.610823 13.438116 0.084306 9.784742e-01
23.300000 0.610513 13.614445 0.084287 9.784625e-01
23.600000 0.610211 13.790768 0.084268 9.784511e-01
23.900000 0.609916 13.967085 0.084249 9.784401e-01
24.200000 0.609629 14.143396 0.084230 9.784295e-01
24.500000 0.609349 14.319702 0.084212 9.784191e-01
24.800000 0.609076 14.496002 0.084195 9.784091e-01
