1.908483 0.443183 9.413759e-01 0.495188 0.236772 7.911226e-01
1.770466 0.390375 9.468393e-01 0.652777 0.173927 9.242280e-01
1.597868 0.289895 9.633798e-01 0.798978 0.091984 9.849242e-01
1.422702 0.169096 9.839477e-01 0.895649 0.038628 9.978565e-01
1.264027 0.082944 9.950520e-01 0.935675 0.034102 9.984683e-01
1.108094 0.033249 9.989613e-01 0.927648 0.035414 9.983197e-01
0.938046 0.031811 9.986736e-01 0.867779 0.049714 9.962241e-01
0.767268 0.078511 9.880525e-01 0.757166 0.081335 9.868492e-01
0.627608 0.117340 9.611981e-01 0.625567 0.117891 9.606014e-01
0.532402 0.140728 9.253373e-01 0.507626 0.146986 9.117224e-01
0.473354 0.152071 8.935021e-01 0.416833 0.165028 8.467296e-01
0.437441 0.156186 8.716718e-01 0.350833 0.173503 7.797589e-01
0.415114 0.156538 8.589440e-01 0.303084 0.175233 7.214807e-01
