3.173115 1.165218 8.652553e-01 -0.000000 0.000000 3.000000e+04
3.173115 1.165218 8.652553e-01 -0.000000 0.000000 3.000000e+04
3.173115 1.165218 8.652553e-01 -0.000000 0.000000 3.000000e+04
3.173115 1.165218 8.652553e-01 -0.000000 0.000000 3.000000e+04
3.173115 1.165218 8.652553e-01 -0.000000 0.000000 3.000000e+04
3.173115 1.165218 8.652553e-01 -0.000000 0.000000 3.000000e+04
3.173115 1.165218 8.652553e-01 -0.000000 0.000000 3.000000e+04
3.173115 1.165218 8.652553e-01 -0.000000 0.000000 3.000000e+04
3.173115 1.165218 8.652553e-01 -0.000000 0.000000 3.000000e+04
3.173115 1.165218 8.652553e-01 -0.000000 0.000000 3.000000e+04
3.173115 1.165218 8.652553e-01 -0.000000 0.000000 3.000000e+04
3.173115 1.165218 8.652553e-01 -0.000000 0.000000 3.000000e+04
3.173115 1.165218 8.652553e-01 -0.000000 0.000001 3.000000e+04
3.173115 1.165218 8.652553e-01 -0.000000 0.000001 3.000000e+04
3.173115 1.165218 8.652553e-01 -0.000000 0.000001 3.000000e+04
3.173115 1.165218 8.652553e-01 -0.000000 0.000001 3.000000e+04
3.173115 1.165218 8.652553e-01 -0.000000 0.000001 3.000000e+04
3.173115 1.165218 8.652553e-01 -0.000000 0.000002 3.000000e+04
3.173115 1.165218 8.652553e-01 -0.000001 0.000002 3.000000e+04
3.173115 1.165218 8.652553e-01 -0.000001 0.000002 3.000000e+04
3.173115 1.165218 8.652553e-01 -0.000001 0.000003 3.000000e+04
1.071590 0.302854 9.155469e-01 0.972942 0.009100 9.998990e-01
0.987961 0.023284 9.993590e-01 0.973567 0.006973 9.999408e-01
0.973821 0.006971 9.999408e-01 0.968819 0.005803 9.999586e-01
0.961843 0.006488 9.999475e-01 0.961023 0.006466 9.999477e-01
0.949451 0.008005 9.999179e-01 0.949243 0.008061 9.999167e-01
0.936901 0.012765 9.997857e-01 0.933554 0.014343 9.997275e-01
0.924418 0.019187 9.995027e-01 0.914210 0.024728 9.991558e-01
0.912189 0.026080 9.990569e-01 0.891595 0.037821 9.979263e-01
0.900384 0.032916 9.984589e-01 0.866228 0.052767 9.957330e-01
0.889156 0.039420 9.977353e-01 0.838733 0.068879 9.922717e-01
0.878624 0.045423 9.969230e-01 0.809790 0.085527 9.872819e-01
0.868872 0.050829 9.960634e-01 0.780068 0.102132 9.805880e-01
0.859943 0.055593 9.951967e-01 0.750174 0.118205 9.721265e-01
0.851839 0.059714 9.943571e-01 0.720617 0.133363 9.619514e-01
0.844536 0.063220 9.935702e-01 0.691790 0.147345 9.502181e-01
0.837986 0.066161 9.928527e-01 0.663969 0.160001 9.371529e-01
0.832128 0.068599 9.922127e-01 0.637333 0.171275 9.230178e-01
0.826897 0.070598 9.916524e-01 0.611976 0.181184 9.080784e-01
0.822225 0.072220 9.911691e-01 0.587927 0.189793 8.925800e-01
0.818048 0.073525 9.907571e-01 0.565173 0.197200 8.767340e-01
0.814306 0.074565 9.904096e-01 0.543670 0.203517 8.607116e-01
0.810947 0.075385 9.901190e-01 0.523354 0.208862 8.446446e-01
0.807922 0.076024 9.898780e-01 0.504155 0.213349 8.286292e-01
0.805190 0.076514 9.896795e-01 0.485996 0.217085 8.127313e-01
0.802716 0.076882 9.895174e-01 0.468804 0.220170 7.969927e-01
0.800467 0.077150 9.893862e-01 0.452506 0.222692 7.814362e-01
0.798417 0.077337 9.892809e-01 0.437035 0.224731 7.660704e-01
0.796543 0.077458 9.891977e-01 0.422329 0.226356 7.508933e-01
0.794825 0.077525 9.891328e-01 0.408330 0.227630 7.358955e-01
0.793246 0.077549 9.890833e-01 0.394987 0.228606 7.210624e-01
0.791790 0.077538 9.890467e-01 0.382253 0.229333 7.063760e-01
