-25.000000 1.746387 -45.406055 0.378008 9.486711e-01
-24.700000 1.745566 -44.861057 0.377800 9.486790e-01
-24.400000 1.744727 -44.316060 0.377586 9.486872e-01
-24.100000 1.743867 -43.771065 0.377367 9.486957e-01
-23.800000 1.742987 -43.226072 0.377142 9.487046e-01
-23.500000 1.742085 -42.681080 0.376911 9.487139e-01
-23.200000 1.741161 -42.136089 0.376674 9.487235e-01
-22.900000 1.740213 -41.591100 0.376430 9.487336e-01
-22.600000 1.739242 -41.046113 0.376180 9.487441e-01
-22.300000 1.738246 -40.501128 0.375922 9.487550e-01
-22.000000 1.737224 -39.956145 0.375656 9.487665e-01
-21.700000 1.736175 -39.411165 0.375383 9.487785e-01
-21.400000 1.735098 -38.866187 0.375102 9.487910e-01
-21.100000 1.733991 -38.321211 0.374812 9.488042e-01
-20.800000 1.732855 -37.776238 0.374514 9.488179e-01
-20.500000 1.731687 -37.231268 0.374205 9.488324e-01
-20.200000 1.730486 -36.686301 0.373888 9.488475e-01
-19.900000 1.729251 -36.141337 0.373559 9.488634e-01
-19.600000 1.727979 -35.596377 0.373220 9.488802e-01
-19.300000 1.726671 -35.051420 0.372870 9.488978e-01
-19.000000 1.725323 -34.506468 0.372508 9.489163e-01
-18.700000 1.723935 -33.961520 0.372133 9.489359e-01
-18.400000 1.722504 -33.416576 0.371745 9.489565e-01
-18.100000 1.721028 -32.871637 0.371343 9.489783e-01
-17.800000 1.719506 -32.326704 0.370926 9.490014e-01
-17.500000 1.717934 -31.781776 0.370494 9.490257e-01
-17.200000 1.716311 -31.236854 0.370045 9.490515e-01
-16.900000 1.714633 -30.691938 0.369579 9.490789e-01
-16.600000 1.712899 -30.147030 0.369094 9.491079e-01
-16.300000 1.711106 -29.602129 0.368590 9.491387e-01
-16.000000 1.709249 -29.057235 0.368065 9.491715e-01
-15.700000 1.707326 -28.512350 0.367518 9.492064e-01
-15.400000 1.705334 -27.967474 0.366948 9.492435e-01
-15.100000 1.703268 -27.422608 0.366352 9.492832e-01
-14.800000 1.701124 -26.877752 0.365730 9.493255e-01
-14.500000 1.698897 -26.332908 0.365080 9.493707e-01
-14.200000 1.696584 -25.788075 0.364399 9.494191e-01
-13.900000 1.694178 -25.243256 0.363686 9.494710e-01
-13.600000 1.691675 -24.698450 0.362938 9.495267e-01
-13.300000 1.689067 -24.153660 0.362152 9.495865e-01
-13.000000 1.686349 -23.608887 0.361326 9.496508e-01
-12.700000 1.683513 -23.064131 0.360457 9.497200e-01
-12.400000 1.680552 -22.519394 0.359542 9.497947e-01
-12.100000 1.677456 -21.974679 0.358576 9.498754e-01
-11.800000 1.674218 -21.429986 0.357556 9.499627e-01
-11.500000 1.670825 -20.885318 0.356476 9.500572e-01
-11.200000 1.667269 -20.340678 0.355333 9.501597e-01
-10.900000 1.663535 -19.796067 0.354120 9.502711e-01
-10.600000 1.659611 -19.251489 0.352831 9.503924e-01
-10.300000 1.655482 -18.706948 0.351459 9.505247e-01
-10.000000 1.651131 -18.162446 0.349997 9.506691e-01
-9.700000 1.646541 -17.617989 0.348435 9.508272e-01
-9.400000 1.641690 -17.073581 0.346764 9.510007e-01
-9.100000 1.636557 -16.529228 0.344972 9.511912e-01
-8.800000 1.631116 -15.984937 0.343047 9.514012e-01
-8.500000 1.625339 -15.440716 0.340974 9.516330e-01
-8.200000 1.619193 -14.896574 0.338737 9.518896e-01
-7.900000 1.612643 -14.352523 0.336316 9.521744e-01
-7.600000 1.605648 -13.808574 0.333690 9.524914e-01
-7.300000 1.598162 -13.264744 0.330833 9.528454e-01
-7.000000 1.590132 -12.721054 0.327716 9.532420e-01
-6.700000 1.581497 -12.177525 0.324303 9.536878e-01
-6.400000 1.572187 -11.634187 0.320553 9.541911e-01
-6.100000 1.562123 -11.091076 0.316417 9.547615e-01
-5.800000 1.551212 -10.548239 0.311837 9.554111e-01
-5.500000 1.539343 -10.005731 0.306741 9.561544e-01
-5.200000 1.526391 -9.463627 0.301046 9.570094e-01
-4.900000 1.512207 -8.922021 0.294645 9.579986e-01
-4.600000 1.496614 -8.381037 0.287410 9.591496e-01
-4.300000 1.479404 -7.840840 0.279185 9.604969e-01
-4.000000 1.460330 -7.301652 0.269773 9.620831e-01
-3.700000 1.439104 -6.763789 0.258936 9.639600e-01
-3.400000 1.415389 -6.227710 0.246380 9.661898e-01
-3.100000 1.388809 -5.694115 0.231753 9.688438e-01
-2.800000 1.358975 -5.164105 0.214641 9.719978e-01
-2.500000 1.325553 -4.639435 0.194592 9.757170e-01
-2.200000 1.288400 -4.122880 0.171198 9.800172e-01
-1.900000 1.247805 -3.618633 0.144366 9.847770e-01
-1.600000 1.204842 -3.132589 0.114937 9.895998e-01
-1.300000 1.161623 -2.671732 0.085383 9.937994e-01
-1.000000 1.120571 -2.241143 0.059048 9.968036e-01
-0.700000 1.082532 -1.840305 0.037449 9.986198e-01
-0.400000 1.046135 -1.464590 0.019360 9.996046e-01
-0.100000 1.009210 -1.110131 0.004041 9.999815e-01
0.200000 0.970080 -0.776064 0.016124 9.996811e-01
0.500000 0.928165 -0.464082 0.034894 9.983704e-01
0.800000 0.884359 -0.176872 0.054671 9.956059e-01
1.100000 13.284036 1.328404 0.547225 9.980441e-01
1.400000 0.800671 0.320268 0.090508 9.854579e-01
1.700000 0.765326 0.535728 0.103740 9.792219e-01
2.000000 0.735419 0.735419 0.113471 9.732425e-01
2.300000 0.710503 0.923653 0.120259 9.679748e-01
2.600000 0.689759 1.103614 0.124808 9.635666e-01
2.900000 0.672355 1.277474 0.127741 9.599825e-01
3.200000 0.657586 1.446690 0.129533 9.571114e-01
3.500000 0.644899 1.612249 0.130530 9.548266e-01
3.800000 0.633875 1.774849 0.130974 9.530122e-01
4.100000 0.624195 1.935006 0.131037 9.515704e-01
4.400000 0.615623 2.093117 0.130839 9.504226e-01
4.700000 0.607974 2.249502 0.130465 9.495062e-01
5.000000 0.601106 2.404423 0.129975 9.487721e-01
5.300000 0.594907 2.558099 0.129414 9.481817e-01
5.600000 0.589286 2.710718 0.128813 9.477048e-01
5.900000 0.584171 2.862436 0.128192 9.473177e-01
6.200000 0.579498 3.013388 0.127569 9.470019e-01
6.500000 0.575217 3.163691 0.126953 9.467428e-01
6.800000 0.571283 3.313441 0.126352 9.465289e-01
7.100000 0.567659 3.462723 0.125771 9.463513e-01
7.400000 0.564314 3.611607 0.125212 9.462029e-01
7.700000 0.561217 3.760154 0.124677 9.460780e-01
8.000000 0.558345 3.908415 0.124168 9.459724e-01
8.300000 0.555676 4.056434 0.123683 9.458823e-01
8.600000 0.553191 4.204249 0.123223 9.458051e-01
8.900000 0.550872 4.351889 0.122786 9.457385e-01
9.200000 0.548705 4.499382 0.122372 9.456807e-01
9.500000 0.546677 4.646750 0.121979 9.456302e-01
9.800000 0.544774 4.794013 0.121607 9.455859e-01
10.100000 0.542988 4.941187 0.121255 9.455468e-01
10.400000 0.541307 5.088286 0.120920 9.455121e-01
10.700000 0.539724 5.235321 0.120602 9.454813e-01
11.000000 0.538230 5.382302 0.120301 9.454537e-01
11.300000 0.536819 5.529238 0.120014 9.454289e-01
11.600000 0.535485 5.676136 0.119742 9.454066e-01
11.900000 0.534220 5.823002 0.119482 9.453864e-01
12.200000 0.533022 5.969841 0.119235 9.453682e-01
12.500000 0.531883 6.116658 0.119000 9.453516e-01
12.800000 0.530801 6.263456 0.118775 9.453364e-01
13.100000 0.529772 6.410239 0.118561 9.453226e-01
13.400000 0.528791 6.557009 0.118356 9.453100e-01
13.700000 0.527856 6.703769 0.118159 9.452985e-01
14.000000 0.526963 6.850521 0.117972 9.452879e-01
14.300000 0.526110 6.997265 0.117792 9.452782e-01
14.600000 0.525294 7.144004 0.117619 9.452692e-01
14.900000 0.524514 7.290740 0.117454 9.452610e-01
15.200000 0.523766 7.437471 0.117295 9.452534e-01
15.500000 0.523048 7.584201 0.117142 9.452464e-01
15.800000 0.522360 7.730929 0.116995 9.452400e-01
16.100000 0.521699 7.877656 0.116854 9.452340e-01
16.400000 0.521064 8.024382 0.116718 9.452285e-01
16.700000 0.520453 8.171108 0.116587 9.452234e-01
17.000000 0.519865 8.317835 0.116460 9.452187e-01
17.300000 0.519298 8.464562 0.116338 9.452144e-01
17.600000 0.518752 8.611289 0.116221 9.452103e-01
17.900000 0.518226 8.758018 0.116107 9.452066e-01
18.200000 0.517718 8.904747 0.115997 9.452032e-01
18.500000 0.517227 9.051477 0.115890 9.452000e-01
18.800000 0.516753 9.198209 0.115788 9.451970e-01
19.100000 0.516295 9.344942 0.115688 9.451943e-01
19.400000 0.515852 9.491676 0.115591 9.451917e-01
19.700000 0.515423 9.638412 0.115498 9.451894e-01
20.000000 0.515008 9.785149 0.115407 9.451872e-01
20.300000 0.514606 9.931887 0.115319 9.451852e-01
20.600000 0.514216 10.078626 0.115234 9.451833e-01
20.900000 0.513838 10.225367 0.115151 9.451816e-01
21.200000 0.513471 10.372109 0.115071 9.451800e-01
21.500000 0.513115 10.518852 0.114993 9.451785e-01
21.800000 0.512769 10.665597 0.114917 9.451771e-01
22.100000 0.512433 10.812343 0.114843 9.451758e-01
22.400000 0.512107 10.959089 0.114771 9.451746e-01
22.700000 0.511790 11.105837 0.114701 9.451735e-01
23.000000 0.511481 11.252586 0.114633 9.451724e-01
23.300000 0.511181 11.399336 0.114567 9.451715e-01
23.600000 0.510889 11.546087 0.114503 9.451706e-01
23.900000 0.510604 11.692839 0.114440 9.451698e-01
24.200000 0.510327 11.839591 0.114379 9.451690e-01
24.500000 0.510057 11.986345 0.114319 9.451683e-01
24.800000 0.509794 12.133099 0.114261 9.451676e-01
