2.053616 0.509422 9.336521e-01 0.490850 0.294393 7.065068e-01
2.001702 0.496715 9.336095e-01 0.565325 0.246437 8.200401e-01
1.907751 0.464024 9.360471e-01 0.672061 0.181566 9.222626e-01
1.752703 0.394939 9.446114e-01 0.802152 0.114340 9.770736e-01
1.537311 0.273480 9.647414e-01 0.919522 0.053587 9.960933e-01
1.312722 0.140581 9.869288e-01 0.976298 0.028797 9.989963e-01
1.127902 0.044612 9.981966e-01 0.968170 0.032191 9.987249e-01
0.975158 0.036693 9.983675e-01 0.915159 0.052426 9.962244e-01
0.830818 0.079388 9.895656e-01 0.821401 0.082027 9.886144e-01
0.693153 0.118308 9.674519e-01 0.690959 0.118916 9.669254e-01
0.578406 0.147397 9.302367e-01 0.548305 0.155247 9.152626e-01
0.497596 0.163548 8.890814e-01 0.423911 0.180766 8.264501e-01
0.447549 0.169576 8.577830e-01 0.331980 0.192896 7.194780e-01
