2.703299 0.475235 9.655394e-01 0.367952 0.194703 7.556516e-01
2.632459 0.498553 9.602261e-01 0.469768 0.153451 8.902942e-01
2.522307 0.531808 9.511689e-01 0.595431 0.117453 9.569965e-01
2.370703 0.557254 9.400190e-01 0.723096 0.108509 9.746538e-01
2.113096 0.484379 9.427900e-01 0.859875 0.066345 9.931719e-01
1.572855 0.226454 9.766206e-01 0.988041 0.004044 9.999807e-01
1.092108 0.027715 9.992568e-01 0.973261 0.008709 9.999075e-01
0.939910 0.022727 9.993252e-01 0.925381 0.023589 9.992502e-01
0.904494 0.025652 9.990720e-01 0.903514 0.025449 9.990846e-01
0.892155 0.023315 9.992119e-01 0.891992 0.023290 9.992133e-01
0.883451 0.022759 9.992342e-01 0.881131 0.023160 9.992028e-01
0.874589 0.024152 9.991201e-01 0.867377 0.027408 9.988482e-01
0.864710 0.027056 9.988706e-01 0.849070 0.036460 9.978751e-01
0.853571 0.031472 9.984325e-01 0.825089 0.050656 9.956658e-01
0.841151 0.037542 9.977048e-01 0.794628 0.070626 9.909597e-01
0.827604 0.045212 9.965653e-01 0.757350 0.096684 9.815267e-01
0.813268 0.054106 9.949144e-01 0.713611 0.128331 9.639969e-01
0.798631 0.063601 9.927290e-01 0.664576 0.164093 9.342244e-01
0.784250 0.072981 9.900983e-01 0.612099 0.201738 8.885367e-01
0.770643 0.081609 9.872149e-01 0.558378 0.238780 8.256377e-01
0.758199 0.089052 9.843188e-01 0.505524 0.273044 7.479960e-01
