-25.000000 2.021019 -52.546482 0.615064 9.033744e-01
-24.700000 2.020130 -51.917349 0.614760 9.033838e-01
-24.400000 2.019221 -51.288215 0.614449 9.033935e-01
-24.100000 2.018290 -50.659082 0.614131 9.034037e-01
-23.800000 2.017337 -50.029948 0.613803 9.034142e-01
-23.500000 2.016360 -49.400814 0.613468 9.034252e-01
-23.200000 2.015359 -48.771679 0.613123 9.034366e-01
-22.900000 2.014332 -48.142544 0.612769 9.034485e-01
-22.600000 2.013280 -47.513409 0.612405 9.034609e-01
-22.300000 2.012201 -46.884273 0.612031 9.034738e-01
-22.000000 2.011093 -46.255136 0.611647 9.034873e-01
-21.700000 2.009956 -45.625998 0.611252 9.035015e-01
-21.400000 2.008788 -44.996860 0.610845 9.035162e-01
-21.100000 2.007589 -44.367720 0.610426 9.035316e-01
-20.800000 2.006357 -43.738579 0.609995 9.035478e-01
-20.500000 2.005090 -43.109437 0.609551 9.035647e-01
-20.200000 2.003787 -42.480294 0.609093 9.035824e-01
-19.900000 2.002447 -41.851149 0.608621 9.036010e-01
-19.600000 2.001068 -41.222003 0.608133 9.036206e-01
-19.300000 1.999648 -40.592856 0.607630 9.036411e-01
-19.000000 1.998185 -39.963706 0.607111 9.036626e-01
-18.700000 1.996678 -39.334555 0.606574 9.036853e-01
-18.400000 1.995124 -38.705402 0.606018 9.037091e-01
-18.100000 1.993521 -38.076248 0.605444 9.037343e-01
-17.800000 1.991867 -37.447091 0.604850 9.037608e-01
-17.500000 1.990158 -36.817932 0.604234 9.037887e-01
-17.200000 1.988394 -36.188771 0.603596 9.038182e-01
-16.900000 1.986570 -35.559608 0.602934 9.038494e-01
-16.600000 1.984684 -34.930443 0.602247 9.038824e-01
-16.300000 1.982733 -34.301275 0.601534 9.039174e-01
-16.000000 1.980712 -33.672106 0.600793 9.039544e-01
-15.700000 1.978619 -33.042934 0.600022 9.039937e-01
-15.400000 1.976449 -32.413760 0.599220 9.040353e-01
-15.100000 1.974198 -31.784585 0.598385 9.040797e-01
-14.800000 1.971861 -31.155408 0.597514 9.041268e-01
-14.500000 1.969434 -30.526229 0.596606 9.041770e-01
-14.200000 1.966911 -29.897049 0.595657 9.042306e-01
-13.900000 1.964286 -29.267868 0.594666 9.042877e-01
-13.600000 1.961554 -28.638686 0.593629 9.043488e-01
-13.300000 1.958707 -28.009505 0.592544 9.044142e-01
-13.000000 1.955737 -27.380324 0.591406 9.044842e-01
-12.700000 1.952638 -26.751144 0.590212 9.045593e-01
-12.400000 1.949401 -26.121967 0.588957 9.046401e-01
-12.100000 1.946015 -25.492792 0.587638 9.047269e-01
-11.800000 1.942470 -24.863622 0.586249 9.048206e-01
-11.500000 1.938757 -24.234457 0.584785 9.049217e-01
-11.200000 1.934861 -23.605299 0.583239 9.050310e-01
-10.900000 1.930769 -22.976150 0.581604 9.051495e-01
-10.600000 1.926467 -22.347012 0.579874 9.052781e-01
-10.300000 1.921937 -21.717886 0.578038 9.054181e-01
-10.000000 1.917162 -21.088777 0.576088 9.055707e-01
-9.700000 1.912120 -20.459687 0.574012 9.057375e-01
-9.400000 1.906790 -19.830620 0.571799 9.059203e-01
-9.100000 1.901146 -19.201579 0.569435 9.061211e-01
-8.800000 1.895160 -18.572571 0.566903 9.063424e-01
-8.500000 1.888800 -17.943600 0.564186 9.065870e-01
-8.200000 1.882030 -17.314674 0.561263 9.068583e-01
-7.900000 1.874809 -16.685800 0.558110 9.071601e-01
-7.600000 1.867092 -16.056987 0.554700 9.074972e-01
-7.300000 1.858825 -15.428246 0.551000 9.078752e-01
-7.000000 1.849949 -14.799589 0.546972 9.083009e-01
-6.700000 1.840394 -14.171032 0.542573 9.087824e-01
-6.400000 1.830080 -13.542591 0.537749 9.093297e-01
-6.100000 1.818914 -12.914289 0.532439 9.099548e-01
-5.800000 1.806787 -12.286150 0.526569 9.106728e-01
-5.500000 1.793570 -11.658206 0.520049 9.115021e-01
-5.200000 1.779112 -11.030495 0.512769 9.124658e-01
-4.900000 1.763231 -10.403065 0.504598 9.135929e-01
-4.600000 1.745710 -9.775975 0.495371 9.149204e-01
-4.300000 1.726283 -9.149301 0.484887 9.164952e-01
-4.000000 1.704628 -8.523141 0.472890 9.183780e-01
-3.700000 1.680346 -7.897625 0.459059 9.206481e-01
-3.400000 1.652938 -7.272927 0.442981 9.234094e-01
-3.100000 1.621779 -6.649292 0.424122 9.268002e-01
-2.800000 1.586072 -6.027072 0.401786 9.310046e-01
-2.500000 1.544802 -5.406806 0.375051 9.362678e-01
-2.200000 1.496679 -4.789374 0.342705 9.429078e-01
-1.900000 1.440120 -4.176349 0.303197 9.513037e-01
-1.600000 1.373424 -3.570902 0.254785 9.617759e-01
-1.300000 1.295742 -2.980207 0.196600 9.741024e-01
-1.000000 1.210347 -2.420694 0.132496 9.863497e-01
-0.700000 1.128946 -1.919209 0.075142 9.949099e-01
-0.400000 1.062950 -1.488130 0.033613 9.988465e-01
-0.100000 1.010489 -1.111538 0.005219 9.999692e-01
0.200000 0.965308 -0.772247 0.020852 9.994614e-01
0.500000 0.924109 -0.462054 0.041298 9.976989e-01
0.800000 0.886045 -0.177209 0.059608 9.948006e-01
1.100000 13.481355 1.348135 0.524832 9.982528e-01
1.400000 0.819710 0.327884 0.090058 9.862522e-01
1.700000 0.791580 0.554106 0.102327 9.810671e-01
2.000000 0.766647 0.766647 0.112828 9.755973e-01
2.300000 0.744687 0.968093 0.121736 9.700624e-01
2.600000 0.725440 1.160705 0.129224 9.646511e-01
2.900000 0.708630 1.346398 0.135459 9.595100e-01
3.200000 0.693973 1.526740 0.140609 9.547364e-01
3.500000 0.681190 1.702976 0.144837 9.503814e-01
3.800000 0.670023 1.876064 0.148293 9.464586e-01
4.100000 0.660237 2.046736 0.151112 9.429558e-01
4.400000 0.651629 2.215539 0.153407 9.398453e-01
4.700000 0.644023 2.382886 0.155275 9.370916e-01
5.000000 0.637272 2.549086 0.156796 9.346570e-01
5.300000 0.631250 2.714374 0.158034 9.325045e-01
5.600000 0.625854 2.878928 0.159041 9.305999e-01
5.900000 0.620997 3.042886 0.159860 9.289118e-01
6.200000 0.616606 3.206353 0.160524 9.274128e-01
6.500000 0.612620 3.369412 0.161061 9.260785e-01
6.800000 0.608988 3.532131 0.161494 9.248879e-01
7.100000 0.605666 3.694561 0.161841 9.238227e-01
7.400000 0.602616 3.856745 0.162117 9.228670e-01
7.700000 0.599809 4.018718 0.162334 9.220073e-01
8.000000 0.597215 4.180508 0.162503 9.212316e-01
8.300000 0.594814 4.342139 0.162630 9.205298e-01
8.600000 0.592583 4.503629 0.162725 9.198931e-01
8.900000 0.590506 4.664996 0.162791 9.193139e-01
9.200000 0.588567 4.826253 0.162833 9.187855e-01
9.500000 0.586754 4.987412 0.162857 9.183023e-01
9.800000 0.585055 5.148482 0.162864 9.178591e-01
10.100000 0.583458 5.309472 0.162858 9.174518e-01
10.400000 0.581956 5.470390 0.162841 9.170764e-01
10.700000 0.580540 5.631242 0.162815 9.167297e-01
11.000000 0.579203 5.792033 0.162781 9.164087e-01
11.300000 0.577939 5.952768 0.162741 9.161110e-01
11.600000 0.576741 6.113452 0.162696 9.158341e-01
11.900000 0.575604 6.274087 0.162647 9.155761e-01
12.200000 0.574525 6.434679 0.162595 9.153353e-01
12.500000 0.573498 6.595228 0.162540 9.151102e-01
12.800000 0.572520 6.755739 0.162483 9.148992e-01
13.100000 0.571588 6.916213 0.162425 9.147012e-01
13.400000 0.570698 7.076653 0.162365 9.145151e-01
13.700000 0.569847 7.237060 0.162305 9.143399e-01
14.000000 0.569034 7.397436 0.162244 9.141746e-01
14.300000 0.568254 7.557783 0.162183 9.140186e-01
14.600000 0.567508 7.718102 0.162122 9.138711e-01
14.900000 0.566791 7.878395 0.162061 9.137314e-01
15.200000 0.566103 8.038663 0.162000 9.135989e-01
15.500000 0.565442 8.198906 0.161940 9.134732e-01
15.800000 0.564806 8.359127 0.161880 9.133537e-01
16.100000 0.564194 8.519326 0.161820 9.132400e-01
16.400000 0.563604 8.679503 0.161762 9.131317e-01
16.700000 0.563036 8.839660 0.161704 9.130285e-01
17.000000 0.562487 8.999798 0.161646 9.129300e-01
17.300000 0.561958 9.159917 0.161590 9.128358e-01
17.600000 0.561447 9.320018 0.161534 9.127458e-01
17.900000 0.560953 9.480101 0.161479 9.126597e-01
18.200000 0.560475 9.640168 0.161425 9.125772e-01
18.500000 0.560013 9.800219 0.161372 9.124981e-01
18.800000 0.559565 9.960254 0.161320 9.124222e-01
19.100000 0.559131 10.120274 0.161268 9.123493e-01
19.400000 0.558711 10.280280 0.161217 9.122793e-01
19.700000 0.558303 10.440271 0.161168 9.122119e-01
20.000000 0.557908 10.600249 0.161119 9.121471e-01
20.300000 0.557524 10.760214 0.161070 9.120848e-01
20.600000 0.557151 10.920166 0.161023 9.120246e-01
20.900000 0.556789 11.080106 0.160977 9.119667e-01
21.200000 0.556437 11.240034 0.160931 9.119108e-01
21.500000 0.556095 11.399950 0.160886 9.118568e-01
21.800000 0.555762 11.559855 0.160842 9.118047e-01
22.100000 0.555438 11.719749 0.160798 9.117543e-01
22.400000 0.555123 11.879633 0.160756 9.117056e-01
22.700000 0.554816 12.039506 0.160714 9.116585e-01
23.000000 0.554517 12.199370 0.160673 9.116129e-01
23.300000 0.554225 12.359224 0.160632 9.115687e-01
23.600000 0.553941 12.519069 0.160592 9.115260e-01
23.900000 0.553664 12.678904 0.160553 9.114845e-01
24.200000 0.553394 12.838731 0.160515 9.114443e-01
24.500000 0.553130 12.998549 0.160477 9.114053e-01
24.800000 0.552872 13.158359 0.160440 9.113674e-01
