2.964428 0.892392 9.052611e-01 0.314075 0.188753 7.056628e-01
2.955055 0.893348 9.045318e-01 0.341665 0.188447 7.400177e-01
2.942817 0.894828 9.035245e-01 0.374011 0.190314 7.698124e-01
2.926523 0.897024 9.021203e-01 0.412180 0.194685 7.951388e-01
2.904230 0.900125 9.001428e-01 0.457698 0.201657 8.168749e-01
2.872598 0.904119 8.973438e-01 0.512762 0.210807 8.366858e-01
2.825787 0.907940 8.934771e-01 0.580158 0.220137 8.574329e-01
2.754434 0.905680 8.890026e-01 0.661459 0.221639 8.852210e-01
2.648012 0.870815 8.889739e-01 0.750942 0.187776 9.326537e-01
2.491508 0.731937 9.093669e-01 0.835147 0.083770 9.885144e-01
2.109879 0.428860 9.544595e-01 0.919398 0.023297 9.992591e-01
1.240861 0.078319 9.954205e-01 0.870625 0.033714 9.982712e-01
0.753708 0.075646 9.885009e-01 0.716578 0.070167 9.890484e-01
0.663117 0.067123 9.883058e-01 0.661810 0.065511 9.888107e-01
0.650657 0.054820 9.918689e-01 0.650570 0.054874 9.918507e-01
0.648622 0.068863 9.871500e-01 0.648077 0.075641 9.845116e-01
0.646471 0.089247 9.784643e-01 0.644709 0.111087 9.668500e-01
0.642797 0.105034 9.700878e-01 0.637875 0.143036 9.451183e-01
0.637862 0.115320 9.636259e-01 0.627238 0.167112 9.242370e-01
0.632169 0.121388 9.591585e-01 0.613277 0.183568 9.062340e-01
0.626137 0.124580 9.562810e-01 0.596686 0.193837 8.913666e-01
0.620057 0.125901 9.545515e-01 0.578142 0.199415 8.792018e-01
0.614111 0.126033 9.536156e-01 0.558228 0.201553 8.691495e-01
0.608410 0.125427 9.532153e-01 0.537428 0.201228 8.606548e-01
0.603019 0.124379 9.531694e-01 0.516141 0.199188 8.532468e-01
0.597972 0.123086 9.533523e-01 0.494702 0.196000 8.465393e-01
0.593286 0.121674 9.536774e-01 0.473387 0.192096 8.402201e-01
0.588963 0.120229 9.540852e-01 0.452429 0.187801 8.340397e-01
0.584997 0.118805 9.545348e-01 0.432016 0.183353 8.278027e-01
0.581378 0.117438 9.549987e-01 0.412298 0.178924 8.213621e-01
0.578088 0.116147 9.554586e-01 0.393392 0.174632 8.146146e-01
0.575110 0.114944 9.559026e-01 0.375381 0.170552 8.074970e-01
0.572422 0.113835 9.563235e-01 0.358320 0.166726 7.999821e-01
0.570003 0.112819 9.567169e-01 0.342238 0.163169 7.920746e-01
0.567830 0.111894 9.570812e-01 0.327146 0.159881 7.838063e-01
0.565883 0.111055 9.574158e-01 0.313034 0.156850 7.752303e-01
0.564140 0.110297 9.577214e-01 0.299881 0.154055 7.664154e-01
0.562582 0.109615 9.579992e-01 0.287652 0.151475 7.574400e-01
0.561190 0.109001 9.582508e-01 0.276308 0.149085 7.483866e-01
0.559946 0.108450 9.584782e-01 0.265802 0.146864 7.393370e-01
0.558835 0.107956 9.586831e-01 0.256086 0.144790 7.303682e-01
0.557843 0.107513 9.588676e-01 0.247107 0.142845 7.215491e-01
0.556956 0.107116 9.590335e-01 0.238815 0.141013 7.129394e-01
0.556162 0.106761 9.591826e-01 0.231160 0.139283 7.045874e-01
