-25.000000 1.720964 -44.745076 0.493955 9.131267e-01
-24.700000 1.720164 -44.208212 0.493672 9.131437e-01
-24.400000 1.719345 -43.671353 0.493382 9.131614e-01
-24.100000 1.718506 -43.134499 0.493084 9.131799e-01
-23.800000 1.717647 -42.597651 0.492778 9.131991e-01
-23.500000 1.716768 -42.060808 0.492463 9.132192e-01
-23.200000 1.715867 -41.523971 0.492140 9.132401e-01
-22.900000 1.714943 -40.987140 0.491807 9.132619e-01
-22.600000 1.713996 -40.450316 0.491465 9.132847e-01
-22.300000 1.713026 -39.913499 0.491113 9.133085e-01
-22.000000 1.712030 -39.376689 0.490750 9.133333e-01
-21.700000 1.711008 -38.839886 0.490377 9.133593e-01
-21.400000 1.709959 -38.303091 0.489992 9.133865e-01
-21.100000 1.708883 -37.766305 0.489595 9.134150e-01
-20.800000 1.707776 -37.229527 0.489186 9.134448e-01
-20.500000 1.706640 -36.692759 0.488764 9.134760e-01
-20.200000 1.705472 -36.156001 0.488328 9.135087e-01
-19.900000 1.704270 -35.619253 0.487878 9.135431e-01
-19.600000 1.703035 -35.082516 0.487413 9.135792e-01
-19.300000 1.701763 -34.545791 0.486932 9.136171e-01
-19.000000 1.700454 -34.009078 0.486435 9.136569e-01
-18.700000 1.699106 -33.472379 0.485920 9.136988e-01
-18.400000 1.697716 -32.935693 0.485387 9.137429e-01
-18.100000 1.696284 -32.399021 0.484835 9.137894e-01
-17.800000 1.694807 -31.862366 0.484262 9.138384e-01
-17.500000 1.693283 -31.325727 0.483668 9.138900e-01
-17.200000 1.691709 -30.789105 0.483051 9.139446e-01
-16.900000 1.690084 -30.252503 0.482410 9.140022e-01
-16.600000 1.688405 -29.715920 0.481743 9.140632e-01
-16.300000 1.686668 -29.179359 0.481050 9.141277e-01
-16.000000 1.684872 -28.642821 0.480329 9.141961e-01
-15.700000 1.683012 -28.106307 0.479577 9.142685e-01
-15.400000 1.681086 -27.569818 0.478793 9.143454e-01
-15.100000 1.679091 -27.033358 0.477975 9.144271e-01
-14.800000 1.677021 -26.496927 0.477121 9.145139e-01
-14.500000 1.674873 -25.960528 0.476229 9.146063e-01
-14.200000 1.672642 -25.424164 0.475295 9.147047e-01
-13.900000 1.670325 -24.887835 0.474317 9.148097e-01
-13.600000 1.667914 -24.351546 0.473291 9.149218e-01
-13.300000 1.665406 -23.815299 0.472216 9.150415e-01
-13.000000 1.662793 -23.279098 0.471086 9.151697e-01
-12.700000 1.660069 -22.742946 0.469899 9.153070e-01
-12.400000 1.657227 -22.206846 0.468648 9.154544e-01
-12.100000 1.654260 -21.670803 0.467331 9.156126e-01
-11.800000 1.651158 -21.134821 0.465940 9.157829e-01
-11.500000 1.647913 -20.598906 0.464471 9.159663e-01
-11.200000 1.644513 -20.063063 0.462917 9.161642e-01
-10.900000 1.640949 -19.527298 0.461270 9.163782e-01
-10.600000 1.637208 -18.991618 0.459523 9.166097e-01
-10.300000 1.633277 -18.456031 0.457666 9.168609e-01
-10.000000 1.629140 -17.920543 0.455689 9.171338e-01
-9.700000 1.624782 -17.385166 0.453581 9.174309e-01
-9.400000 1.620184 -16.849908 0.451329 9.177550e-01
-9.100000 1.615325 -16.314782 0.448918 9.181094e-01
-8.800000 1.610184 -15.779800 0.446332 9.184979e-01
-8.500000 1.604734 -15.244976 0.443553 9.189247e-01
-8.200000 1.598949 -14.710327 0.440558 9.193948e-01
-7.900000 1.592794 -14.175869 0.437323 9.199140e-01
-7.600000 1.586235 -13.641624 0.433820 9.204891e-01
-7.300000 1.579231 -13.107614 0.430016 9.211282e-01
-7.000000 1.571733 -12.573863 0.425873 9.218404e-01
-6.700000 1.563688 -12.040401 0.421346 9.226370e-01
-6.400000 1.555035 -11.507260 0.416385 9.235309e-01
-6.100000 1.545701 -10.974475 0.410928 9.245377e-01
-5.800000 1.535601 -10.442086 0.404903 9.256761e-01
-5.500000 1.524637 -9.910139 0.398224 9.269684e-01
-5.200000 1.512691 -9.378685 0.390789 9.284412e-01
-4.900000 1.499624 -8.847781 0.382475 9.301271e-01
-4.600000 1.485266 -8.317491 0.373134 9.320652e-01
-4.300000 1.469413 -7.787891 0.362586 9.343029e-01
-4.000000 1.451814 -7.259068 0.350610 9.368980e-01
-3.700000 1.432155 -6.731128 0.336935 9.399204e-01
-3.400000 1.410048 -6.204210 0.321228 9.434537e-01
-3.100000 1.385002 -5.678510 0.303080 9.475964e-01
-2.800000 1.356406 -5.154343 0.281995 9.524584e-01
-2.500000 1.323513 -4.632294 0.257400 9.581479e-01
-2.200000 1.285499 -4.113596 0.228706 9.647349e-01
-1.900000 1.241738 -3.601041 0.195501 9.721704e-01
-1.600000 1.192605 -3.100774 0.157908 9.801558e-01
-1.300000 1.140873 -2.624008 0.117015 9.879969e-01
-1.000000 1.092273 -2.184546 0.076008 9.944390e-01
-0.700000 1.053072 -1.790223 0.041466 9.982126e-01
-0.400000 1.025155 -1.435217 0.017919 9.996473e-01
-0.100000 1.005041 -1.105545 0.002980 9.999898e-01
0.200000 0.988580 -0.790864 0.007797 9.999282e-01
0.500000 0.973341 -0.486671 0.016976 9.996488e-01
0.800000 0.958224 -0.191645 0.025827 9.991618e-01
1.100000 15.500050 1.550005 1.459284 9.898675e-01
1.400000 0.927022 0.370809 0.043990 9.974063e-01
1.700000 0.911002 0.637701 0.053250 9.960699e-01
2.000000 0.895004 0.895004 0.062334 9.944295e-01
2.300000 0.879332 1.143132 0.070961 9.925355e-01
2.600000 0.864270 1.382831 0.078890 9.904696e-01
2.900000 0.850032 1.615061 0.085969 9.883254e-01
3.200000 0.836753 1.840856 0.092139 9.861904e-01
3.500000 0.824487 2.061218 0.097420 9.841326e-01
3.800000 0.813232 2.277049 0.101881 9.821976e-01
4.100000 0.802945 2.489130 0.105618 9.804100e-01
4.400000 0.793563 2.698113 0.108734 9.787785e-01
4.700000 0.785010 2.904538 0.111328 9.773009e-01
5.000000 0.777212 3.108847 0.113488 9.759683e-01
5.300000 0.770092 3.311398 0.115292 9.747687e-01
5.600000 0.763583 3.512482 0.116803 9.736887e-01
5.900000 0.757620 3.712336 0.118075 9.727152e-01
6.200000 0.752145 3.911154 0.119149 9.718358e-01
6.500000 0.747108 4.109094 0.120062 9.710395e-01
6.800000 0.742463 4.306283 0.120841 9.703165e-01
7.100000 0.738169 4.502830 0.121508 9.696583e-01
7.400000 0.734191 4.698821 0.122081 9.690575e-01
7.700000 0.730497 4.894331 0.122576 9.685077e-01
8.000000 0.727060 5.089419 0.123005 9.680034e-01
8.300000 0.723855 5.284138 0.123376 9.675398e-01
8.600000 0.720859 5.478532 0.123698 9.671129e-01
8.900000 0.718055 5.672637 0.123978 9.667189e-01
9.200000 0.715425 5.866485 0.124221 9.663547e-01
9.500000 0.712953 6.060104 0.124433 9.660175e-01
9.800000 0.710627 6.253518 0.124616 9.657049e-01
10.100000 0.708434 6.446748 0.124775 9.654147e-01
10.400000 0.706363 6.639812 0.124912 9.651449e-01
10.700000 0.704405 6.832727 0.125030 9.648937e-01
11.000000 0.702551 7.025506 0.125130 9.646598e-01
11.300000 0.700793 7.218164 0.125216 9.644415e-01
11.600000 0.699124 7.410710 0.125289 9.642377e-01
11.900000 0.697537 7.603156 0.125349 9.640472e-01
12.200000 0.696028 7.795511 0.125399 9.638691e-01
12.500000 0.694590 7.987783 0.125440 9.637022e-01
12.800000 0.693219 8.179980 0.125471 9.635459e-01
13.100000 0.691910 8.372108 0.125496 9.633993e-01
13.400000 0.690659 8.564174 0.125513 9.632617e-01
13.700000 0.689463 8.756184 0.125524 9.631325e-01
14.000000 0.688319 8.948142 0.125530 9.630110e-01
14.300000 0.687222 9.140053 0.125531 9.628968e-01
14.600000 0.686171 9.331922 0.125527 9.627893e-01
14.900000 0.685162 9.523752 0.125520 9.626880e-01
15.200000 0.684193 9.715547 0.125509 9.625926e-01
15.500000 0.683263 9.907310 0.125495 9.625027e-01
15.800000 0.682368 10.099044 0.125477 9.624178e-01
16.100000 0.681507 10.290752 0.125458 9.623377e-01
16.400000 0.680678 10.482437 0.125436 9.622620e-01
16.700000 0.679879 10.674099 0.125412 9.621905e-01
17.000000 0.679109 10.865742 0.125386 9.621228e-01
17.300000 0.678366 11.057368 0.125359 9.620589e-01
17.600000 0.677649 11.248978 0.125331 9.619983e-01
17.900000 0.676957 11.440573 0.125301 9.619410e-01
18.200000 0.676288 11.632155 0.125270 9.618867e-01
18.500000 0.675642 11.823726 0.125238 9.618352e-01
18.800000 0.675016 12.015287 0.125205 9.617864e-01
19.100000 0.674411 12.206838 0.125171 9.617401e-01
19.400000 0.673825 12.398381 0.125137 9.616962e-01
19.700000 0.673258 12.589917 0.125103 9.616545e-01
20.000000 0.672708 12.781446 0.125068 9.616149e-01
20.300000 0.672175 12.972969 0.125032 9.615772e-01
20.600000 0.671658 13.164488 0.124997 9.615414e-01
20.900000 0.671156 13.356001 0.124961 9.615074e-01
21.200000 0.670669 13.547511 0.124925 9.614751e-01
21.500000 0.670196 13.739018 0.124888 9.614443e-01
21.800000 0.669737 13.930522 0.124852 9.614150e-01
22.100000 0.669290 14.122023 0.124816 9.613871e-01
22.400000 0.668856 14.313523 0.124779 9.613605e-01
22.700000 0.668434 14.505020 0.124743 9.613352e-01
23.000000 0.668023 14.696517 0.124707 9.613110e-01
23.300000 0.667624 14.888012 0.124671 9.612880e-01
23.600000 0.667235 15.079507 0.124635 9.612661e-01
23.900000 0.666856 15.271001 0.124599 9.612451e-01
24.200000 0.666487 15.462495 0.124564 9.612252e-01
24.500000 0.666127 15.653989 0.124528 9.612061e-01
24.800000 0.665777 15.845483 0.124493 9.611879e-01
