-25.000000 1.670762 -43.439810 0.939771 7.323992e-01
-24.700000 1.669982 -42.918532 0.939332 7.323992e-01
-24.400000 1.669183 -42.397255 0.938883 7.323992e-01
-24.100000 1.668366 -41.875977 0.938423 7.323992e-01
-23.800000 1.667528 -41.354699 0.937952 7.323992e-01
-23.500000 1.666670 -40.833421 0.937470 7.323992e-01
-23.200000 1.665791 -40.312144 0.936975 7.323992e-01
-22.900000 1.664890 -39.790866 0.936468 7.323992e-01
-22.600000 1.663966 -39.269588 0.935948 7.323992e-01
-22.300000 1.663018 -38.748311 0.935415 7.323992e-01
-22.000000 1.662045 -38.227033 0.934868 7.323992e-01
-21.700000 1.661046 -37.705755 0.934306 7.323992e-01
-21.400000 1.660021 -37.184477 0.933730 7.323992e-01
-21.100000 1.658968 -36.663200 0.933137 7.323992e-01
-20.800000 1.657886 -36.141922 0.932529 7.323992e-01
-20.500000 1.656774 -35.620644 0.931903 7.323992e-01
-20.200000 1.655630 -35.099366 0.931260 7.323992e-01
-19.900000 1.654454 -34.578089 0.930598 7.323992e-01
-19.600000 1.653243 -34.056811 0.929917 7.323992e-01
-19.300000 1.651997 -33.535533 0.929216 7.323992e-01
-19.000000 1.650713 -33.014256 0.928494 7.323992e-01
-18.700000 1.649390 -32.492978 0.927750 7.323992e-01
-18.400000 1.648026 -31.971700 0.926982 7.323992e-01
-18.100000 1.646619 -31.450422 0.926191 7.323992e-01
-17.800000 1.645167 -30.929145 0.925375 7.323992e-01
-17.500000 1.643668 -30.407867 0.924531 7.323992e-01
-17.200000 1.642120 -29.886589 0.923661 7.323992e-01
-16.900000 1.640520 -29.365311 0.922761 7.323992e-01
-16.600000 1.638866 -28.844034 0.921830 7.323992e-01
-16.300000 1.637154 -28.322756 0.920867 7.323992e-01
-16.000000 1.635381 -27.801478 0.919870 7.323992e-01
-15.700000 1.633545 -27.280200 0.918837 7.323992e-01
-15.400000 1.631642 -26.758922 0.917767 7.323992e-01
-15.100000 1.629667 -26.237644 0.916656 7.323992e-01
-14.800000 1.627618 -25.716366 0.915503 7.323993e-01
-14.500000 1.625490 -25.195088 0.914306 7.323993e-01
-14.200000 1.623277 -24.673810 0.913062 7.323993e-01
-13.900000 1.620975 -24.152532 0.911767 7.323993e-01
-13.600000 1.618579 -23.631254 0.910419 7.323993e-01
-13.300000 1.616082 -23.109975 0.909015 7.323993e-01
-13.000000 1.613478 -22.588697 0.907550 7.323993e-01
-12.700000 1.610760 -22.067418 0.906021 7.323993e-01
-12.400000 1.607921 -21.546138 0.904424 7.323994e-01
-12.100000 1.604951 -21.024859 0.902753 7.323994e-01
-11.800000 1.601842 -20.503579 0.901004 7.323995e-01
-11.500000 1.598584 -19.982298 0.899172 7.323995e-01
-11.200000 1.595165 -19.461016 0.897248 7.323996e-01
-10.900000 1.591574 -18.939734 0.895228 7.323998e-01
-10.600000 1.587797 -18.418450 0.893104 7.323999e-01
-10.300000 1.583820 -17.897164 0.890866 7.324001e-01
-10.000000 1.579625 -17.375877 0.888506 7.324004e-01
-9.700000 1.575195 -16.854586 0.886013 7.324008e-01
-9.400000 1.570509 -16.333293 0.883376 7.324012e-01
-9.100000 1.565544 -15.811995 0.880582 7.324018e-01
-8.800000 1.560275 -15.290692 0.877616 7.324026e-01
-8.500000 1.554672 -14.769383 0.874463 7.324037e-01
-8.200000 1.548703 -14.248065 0.871102 7.324051e-01
-7.900000 1.542330 -13.726737 0.867513 7.324070e-01
-7.600000 1.535511 -13.205395 0.863673 7.324094e-01
-7.300000 1.528197 -12.684037 0.859552 7.324127e-01
-7.000000 1.520332 -12.162658 0.855119 7.324170e-01
-6.700000 1.511851 -11.641254 0.850336 7.324228e-01
-6.400000 1.502678 -11.119817 0.845159 7.324306e-01
-6.100000 1.492724 -10.598342 0.839538 7.324412e-01
-5.800000 1.481885 -10.076818 0.833412 7.324556e-01
-5.500000 1.470036 -9.555236 0.826706 7.324753e-01
-5.200000 1.457030 -9.033585 0.819335 7.325025e-01
-4.900000 1.442688 -8.511856 0.811191 7.325408e-01
-4.600000 1.426793 -7.990042 0.802142 7.325954e-01
-4.300000 1.409084 -7.468145 0.792025 7.326748e-01
-4.000000 1.389238 -6.946188 0.780632 7.327939e-01
-3.700000 1.366859 -6.424239 0.767695 7.329790e-01
-3.400000 1.341469 -5.902462 0.752852 7.332811e-01
-3.100000 1.312494 -5.381227 0.735606 7.338045e-01
-2.800000 1.279300 -4.861341 0.715222 7.347746e-01
-2.500000 1.241286 -4.344502 0.690551 7.366949e-01
-2.200000 1.198148 -3.834074 0.659709 7.406789e-01
-1.900000 1.150328 -3.335951 0.619632 7.490187e-01
-1.600000 1.099553 -2.858838 0.565726 7.658690e-01
-1.300000 1.049533 -2.413925 0.491740 7.977568e-01
-1.000000 1.006752 -2.013503 0.390331 8.520801e-01
-0.700000 0.979491 -1.665134 0.257898 9.258739e-01
-0.400000 0.971409 -1.359972 0.113703 9.844244e-01
-0.100000 0.971187 -1.068306 0.021916 9.994123e-01
0.200000 0.968739 -0.774991 0.008246 9.999163e-01
0.500000 0.965372 -0.482686 0.010794 9.998556e-01
0.800000 0.961988 -0.192398 0.009936 9.998768e-01
1.100000 15.816865 1.581687 2.134239 9.794064e-01
1.400000 0.955100 0.382040 0.007693 9.999251e-01
1.700000 0.951404 0.665983 0.007530 9.999277e-01
2.000000 0.947458 0.947458 0.008336 9.999106e-01
2.300000 0.943221 1.226187 0.010049 9.998689e-01
2.600000 0.938672 1.501876 0.012473 9.997961e-01
2.900000 0.933813 1.774244 0.015433 9.996847e-01
3.200000 0.928669 2.043071 0.018795 9.995272e-01
3.500000 0.923291 2.308227 0.022446 9.993180e-01
3.800000 0.917750 2.569700 0.026273 9.990545e-01
4.100000 0.912129 2.827599 0.030167 9.987383e-01
4.400000 0.906511 3.082137 0.034027 9.983755e-01
4.700000 0.900974 3.333602 0.037766 9.979750e-01
5.000000 0.895581 3.582322 0.041318 9.975480e-01
5.300000 0.890379 3.828631 0.044638 9.971058e-01
5.600000 0.885402 4.072849 0.047704 9.966588e-01
5.900000 0.880667 4.315268 0.050506 9.962161e-01
6.200000 0.876181 4.556144 0.053049 9.957844e-01
6.500000 0.871945 4.795699 0.055345 9.953689e-01
6.800000 0.867952 5.034124 0.057409 9.949730e-01
7.100000 0.864193 5.271577 0.059261 9.945989e-01
7.400000 0.860655 5.508194 0.060919 9.942474e-01
7.700000 0.857326 5.744085 0.062402 9.939189e-01
8.000000 0.854192 5.979347 0.063729 9.936129e-01
8.300000 0.851241 6.214058 0.064915 9.933287e-01
8.600000 0.848459 6.448287 0.065977 9.930653e-01
8.900000 0.845834 6.682089 0.066928 9.928215e-01
9.200000 0.843355 6.915514 0.067779 9.925960e-01
9.500000 0.841012 7.148603 0.068543 9.923875e-01
9.800000 0.838794 7.381391 0.069228 9.921949e-01
10.100000 0.836693 7.613909 0.069844 9.920169e-01
10.400000 0.834700 7.846184 0.070398 9.918524e-01
10.700000 0.832808 8.078239 0.070897 9.917002e-01
11.000000 0.831009 8.310094 0.071346 9.915594e-01
11.300000 0.829298 8.541767 0.071752 9.914291e-01
11.600000 0.827667 8.773274 0.072118 9.913083e-01
11.900000 0.826113 9.004628 0.072449 9.911962e-01
12.200000 0.824629 9.235842 0.072749 9.910922e-01
12.500000 0.823211 9.466926 0.073020 9.909956e-01
12.800000 0.821855 9.697891 0.073266 9.909057e-01
13.100000 0.820557 9.928746 0.073489 9.908220e-01
13.400000 0.819314 10.159497 0.073692 9.907440e-01
13.700000 0.818122 10.390154 0.073876 9.906712e-01
14.000000 0.816979 10.620721 0.074044 9.906032e-01
14.300000 0.815880 10.851205 0.074196 9.905397e-01
14.600000 0.814824 11.081611 0.074335 9.904802e-01
14.900000 0.813809 11.311944 0.074461 9.904245e-01
15.200000 0.812832 11.542209 0.074576 9.903722e-01
15.500000 0.811890 11.772409 0.074681 9.903232e-01
15.800000 0.810983 12.002549 0.074777 9.902771e-01
16.100000 0.810108 12.232632 0.074865 9.902337e-01
16.400000 0.809264 12.462662 0.074944 9.901929e-01
16.700000 0.808448 12.692640 0.075017 9.901545e-01
17.000000 0.807661 12.922571 0.075083 9.901182e-01
17.300000 0.806899 13.152456 0.075143 9.900839e-01
17.600000 0.806163 13.382298 0.075198 9.900516e-01
17.900000 0.805450 13.612100 0.075248 9.900210e-01
18.200000 0.804759 13.841863 0.075294 9.899920e-01
18.500000 0.804091 14.071589 0.075335 9.899646e-01
18.800000 0.803443 14.301281 0.075373 9.899387e-01
19.100000 0.802814 14.530939 0.075407 9.899140e-01
19.400000 0.802205 14.760566 0.075438 9.898906e-01
19.700000 0.801613 14.990163 0.075466 9.898684e-01
20.000000 0.801039 15.219732 0.075491 9.898473e-01
20.300000 0.800480 15.449274 0.075514 9.898273e-01
20.600000 0.799938 15.678789 0.075534 9.898082e-01
20.900000 0.799411 15.908281 0.075552 9.897900e-01
21.200000 0.798898 16.137749 0.075569 9.897727e-01
21.500000 0.798400 16.367194 0.075583 9.897563e-01
21.800000 0.797914 16.596618 0.075595 9.897406e-01
22.100000 0.797442 16.826022 0.075606 9.897256e-01
22.400000 0.796982 17.055407 0.075616 9.897113e-01
22.700000 0.796533 17.284773 0.075624 9.896977e-01
23.000000 0.796096 17.514121 0.075631 9.896846e-01
23.300000 0.795671 17.743453 0.075636 9.896722e-01
23.600000 0.795255 17.972768 0.075640 9.896603e-01
23.900000 0.794850 18.202068 0.075644 9.896490e-01
24.200000 0.794455 18.431354 0.075646 9.896382e-01
24.500000 0.794069 18.660625 0.075648 9.896278e-01
24.800000 0.793693 18.889883 0.075648 9.896179e-01
