1.731699 0.428664 9.339125e-01 0.680705 0.172425 9.310140e-01
1.329386 0.183124 9.785564e-01 0.904032 0.034322 9.983382e-01
1.092265 0.060885 9.964246e-01 0.968135 0.015526 9.997031e-01
0.997395 0.025928 9.992202e-01 0.965664 0.014716 9.997319e-01
0.960390 0.013429 9.997742e-01 0.953517 0.010867 9.998500e-01
0.943614 0.007479 9.999275e-01 0.942893 0.007228 9.999321e-01
0.933952 0.004936 9.999677e-01 0.933815 0.004921 9.999679e-01
0.926834 0.005355 9.999615e-01 0.924952 0.005808 9.999545e-01
0.920560 0.007195 9.999294e-01 0.915237 0.009198 9.998834e-01
0.914423 0.009531 9.998745e-01 0.903883 0.013957 9.997247e-01
0.908076 0.012329 9.997871e-01 0.890227 0.020383 9.993950e-01
0.901310 0.015782 9.996460e-01 0.873638 0.029305 9.987023e-01
0.893989 0.020076 9.994180e-01 0.853491 0.041654 9.972568e-01
0.886038 0.025317 9.990580e-01 0.829225 0.058234 9.943368e-01
0.877452 0.031499 9.985139e-01 0.800445 0.079543 9.887242e-01
0.868307 0.038489 9.977360e-01 0.767055 0.105622 9.785724e-01
0.858768 0.046030 9.966932e-01 0.729370 0.135915 9.614446e-01
0.849072 0.053769 9.953901e-01 0.688158 0.169248 9.347067e-01
0.839489 0.061314 9.938772e-01 0.644566 0.203957 8.963552e-01
0.830286 0.068298 9.922463e-01 0.599943 0.238163 8.460293e-01
0.821678 0.074440 9.906106e-01 0.555626 0.270104 7.856004e-01
0.813806 0.079576 9.890785e-01 0.512746 0.298419 7.188156e-01
